0.479934	-0.497608	-0.495215
-0.332898	-0.331124	0.498754
0.499249	-0.343915	-0.336677
-0.329037	0.494746	-0.331922
-0.170479	0.498486	0.486426
-0.00755946	-0.336561	-0.485754
-0.165336	-0.336957	-0.331583
-0.00483368	-0.489954	-0.321325
0.169166	-0.489178	0.498337
0.32522	-0.340233	0.481654
0.165864	-0.342974	-0.318591
0.335981	0.496608	-0.347318
-0.495391	-0.171723	-0.470836
-0.32061	0.0369964	-0.496623
-0.499049	0.0051149	-0.350866
-0.334131	-0.169241	-0.317066
-0.168888	-0.159586	-0.472547
-0.0174572	0.0123007	-0.490925
-0.189128	0.0156344	-0.310678
-0.00646579	-0.173096	-0.314169
0.174988	-0.170705	-0.482396
0.344847	0.000562497	-0.497698
0.16257	0.00138476	-0.348231
0.346945	-0.173356	-0.333091
-0.488068	0.178724	-0.49029
-0.356992	0.342345	-0.487326
0.48776	0.33148	-0.344034
-0.326908	0.184646	-0.325522
-0.165613	0.188044	0.487367
0.00437936	0.331535	-0.482416
-0.159325	0.323121	-0.319568
0.00265084	0.166658	-0.326186
0.164105	0.180394	-0.494765
0.3342	0.332413	-0.490226
0.16051	0.350302	-0.32148
0.331184	0.167676	-0.346017
0.493971	-0.497909	-0.172086
-0.330279	-0.334783	-0.158624
-0.499723	-0.337161	0.0129943
-0.361038	-0.498987	0.00932669
-0.175703	-0.490955	-0.166178
0.000461939	-0.316449	-0.146604
-0.169079	-0.340804	0.00189157
-0.0164733	0.496231	-0.00824525
0.157515	-0.497445	-0.164759
0.342169	-0.348987	-0.169017
0.177578	-0.334683	-0.0142124
0.335254	-0.494622	-0.00157583
-0.490887	-0.176311	-0.164975
-0.333038	-0.00980031	-0.165379
0.490717	-0.0154264	0.0166504
-0.32947	-0.179683	0.00314773
-0.160374	-0.163193	-0.154998
-0.0021278	-0.00100565	-0.163241
-0.180457	0.00548406	0.0153024
-0.00752314	-0.143661	0.00330666
0.167181	-0.156905	-0.166635
0.357782	0.0226387	-0.178085
0.176765	0.00734629	-0.00533319
0.33858	-0.175482	-0.0141168
-0.493614	0.172497	-0.177209
-0.321239	0.326246	-0.154979
0.49201	0.333232	-0.000159355
-0.337956	0.157627	-0.0105891
-0.159178	0.165185	-0.139759
0.0166013	0.324753	-0.14084
-0.155664	0.322184	0.00714072
0.0153257	0.155841	0.0198426
0.179035	0.163473	-0.178084
0.336152	0.346701	-0.16168
0.179026	0.321943	0.00524282
0.33249	0.159193	-0.00467663
0.488918	-0.495687	0.171244
-0.32085	-0.350492	0.159573
-0.486988	-0.336606	0.347825
-0.330452	0.490189	0.326732
-0.17016	-0.495185	0.14747
0.00837133	-0.314729	0.14304
-0.178787	-0.335427	0.332067
-0.0191585	-0.494394	0.327049
0.148316	-0.496047	0.170311
0.32649	-0.322577	0.178635
0.149508	-0.313221	0.334778
0.334206	0.491736	0.334664
-0.471265	-0.174941	0.171627
-0.329108	0.0152828	0.155046
-0.486907	0.00222792	0.330958
-0.33622	-0.156424	0.343695
-0.169044	-0.172801	0.168202
-0.00484864	-0.00850386	0.16479
-0.178929	0.00881683	0.328214
-0.02879	-0.161082	0.365494
0.175334	-0.146762	0.135823
0.34278	-0.00503415	0.173277
0.141151	-0.0275279	0.333396
0.35567	-0.15659	0.351913
-0.494551	0.164741	0.16319
-0.331487	0.338828	0.151542
-0.492178	0.34179	0.335749
-0.33477	0.186866	0.337066
-0.170127	0.169957	0.175355
0.0195833	0.313525	0.168789
-0.159342	0.347431	0.322306
0.00741443	0.175191	0.33443
0.173451	0.143628	0.175066
0.324988	0.334998	0.164288
0.1687	0.329461	0.352714
0.355215	0.158108	0.320681
