0.438423	0.206677	-0.166701
-0.0856327	-0.345633	-0.495742
0.0779941	0.394829	0.0412394
-0.247445	0.128057	-0.161536
0.470954	-0.11504	0.408724
0.198015	-0.392682	-0.00485063
-0.474864	0.28779	0.129354
-0.269483	0.298581	0.135733
0.29413	0.226565	0.163856
-0.412773	-0.11058	-0.33763
0.411218	-0.404091	0.197587
-0.0613749	-0.415827	-0.0628418
0.189499	-0.000351805	-0.413663
-0.402476	0.417618	0.0115627
-0.384898	0.0759815	-0.298667
0.341199	0.277656	0.49622
0.189457	-0.211332	-0.47641
0.380085	-0.106142	-0.434899
-0.483329	-0.419276	-0.177952
-0.119745	-0.0661063	0.335228
-0.386868	-0.303394	0.145128
-0.263711	-0.374937	-0.193491
0.335274	-0.406496	-0.292007
0.22412	-0.120721	-0.177695
-0.27199	-0.364933	-0.462913
-0.372213	0.234855	-0.0178005
0.12934	0.0365228	-0.227498
0.16462	-0.466874	0.497111
0.137783	-0.397788	-0.206796
-0.239915	-0.498036	-0.324591
0.385081	-0.0697075	-0.148651
0.425612	0.193818	0.00906842
0.0506134	-0.276335	-0.0751105
0.354788	-0.0645709	0.217944
-0.0250115	-0.483759	-0.281738
-0.286849	-0.0584324	-0.207017
-0.234558	-0.146156	0.124065
-0.483249	0.388021	-0.444721
0.360365	0.396651	-0.366041
0.125127	0.336429	0.44415
0.0977854	0.37662	-0.328596
-0.0173765	0.31963	-0.487514
0.172557	0.106422	0.0508917
0.0589536	-0.284265	0.394552
-0.161043	0.341399	-0.25279
-0.116193	0.18349	-0.34808
-0.123203	-0.265203	0.258798
0.159021	0.185756	-0.120507
0.0442062	-0.119535	0.347021
-0.0593612	0.138586	-0.172977
0.441934	-0.226605	0.191484
0.0876075	0.0461321	0.424221
-0.446698	-0.217905	-0.117569
0.0114829	0.0621319	-0.337259
0.025314	0.411843	0.325362
0.162162	-0.0826257	0.14428
-0.106017	-0.313566	-0.304601
0.315683	-0.239168	-0.24911
-0.14351	0.172177	0.466798
0.312159	0.0947581	-0.0690649
-0.0592096	-0.0213846	-0.461221
-0.288545	-0.491714	-0.0690061
-0.081891	-0.26069	0.0670356
-0.303393	0.469927	0.460396
0.429233	-0.484035	0.435961
-0.392184	-0.239324	0.309385
0.383925	-0.0277047	0.052319
-0.0894127	0.215188	0.0679089
-0.119731	0.0149502	0.107381
-0.334184	0.0557369	0.423949
0.247757	-0.0348561	0.384585
0.396207	-0.318854	-0.0686248
0.442659	0.357921	0.280529
-0.0049113	0.135504	0.234765
-0.313805	-0.301563	-0.0605147
-0.334138	-0.0277668	0.287504
-0.1543	0.300079	0.304447
-0.131719	-0.013335	-0.25751
-0.281398	-0.450816	0.13018
-0.35185	0.376564	0.321838
-0.399913	0.0578545	-0.0749722
0.177063	0.366685	-0.153056
-0.486538	-0.274052	-0.280345
-0.440077	-0.249775	-0.46493
-0.0132555	0.497651	0.492931
0.313477	0.417129	-0.00841444
-0.307651	0.220448	0.419435
-0.169677	0.374979	0.462326
0.0349977	-0.443872	0.0955687
0.202223	0.20986	-0.301357
-0.423954	-0.126622	0.105553
-0.215496	0.133141	0.189031
0.207351	-0.176215	0.00809659
-0.128349	-0.151677	-0.374794
0.0438765	-0.19099	-0.228791
0.0641962	-0.349164	-0.386358
0.417739	-0.293109	0.418871
-0.426371	-0.45055	0.227359
-0.306404	0.254085	-0.282184
0.39027	0.0598184	-0.263088
0.313104	-0.332262	-0.446045
-0.211148	-0.478373	0.321615
0.281925	-0.233845	0.34784
-0.440606	0.184063	0.317727
-0.408964	0.0963165	0.113378
0.421749	0.113859	0.255149
0.238695	0.171527	0.392574
0.487371	0.334048	-0.291294
