-0.460983	0
-0.461213	0
-0.461927	0.230503
-0.461304	0.108607
-0.462386	0.0666231
-0.462815	0.0461936
-0.462406	0.0344053
-0.462189	0.0268985
-0.462218	0.0218118
-0.462218	0.0181356
-0.46216	0.0153752
-0.462138	0.0132744
-0.462246	0.0115994
-0.462182	0.0102457
-0.462202	0.00913129
-0.462179	0.00822854
-0.46229	0.00745043
-0.462474	0.00679297
-0.462344	0.00621923
-0.462391	0.0057271
-0.462417	0.00529511
-0.462436	0.00491336
-0.462499	0.00457905
-0.462488	0.00428019
-0.462563	0.00401007
-0.462622	0.00377104
-0.462693	0.00355268
-0.4627	0.00335007
-0.462649	0.0031736
-0.462602	0.00301188
-0.462565	0.00285465
-0.462568	0.00271923
-0.462636	0.00259215
-0.462664	0.00247608
-0.462603	0.002363
-0.462615	0.0022623
-0.462656	0.00216863
-0.462682	0.0020793
-0.462733	0.0019983
-0.462711	0.00192252
-0.462779	0.00184884
-0.462788	0.00178039
-0.46277	0.00171828
-0.462778	0.00165734
-0.462752	0.00160189
-0.462768	0.00154943
-0.462769	0.001498
-0.462762	0.00144929
-0.462718	0.00140498
-0.462723	0.00136103
-0.462697	0.00132068
-0.462723	0.00128068
-0.462712	0.00124453
-0.462756	0.00120931
-0.462748	0.00117559
-0.462702	0.00114362
-0.462678	0.00111218
-0.462692	0.00108179
-0.462674	0.00105522
-0.462655	0.00102811
-0.462669	0.00100271
-0.462647	0.000976479
-0.462622	0.000954333
-0.46263	0.000930951
-0.462632	0.000909598
-0.462634	0.000888853
-0.462645	0.00086812
-0.462636	0.000848826
-0.462659	0.000830454
-0.462692	0.000810925
-0.462691	0.000794457
-0.462646	0.000778049
-0.462643	0.000761629
-0.462658	0.000745507
-0.462613	0.000730577
-0.462598	0.000716405
-0.462614	0.00070204
-0.462584	0.000687875
-0.462595	0.000674856
-0.462588	0.00066202
-0.462592	0.000649258
-0.462581	0.000637465
-0.462604	0.00062584
-0.462634	0.000614972
-0.462615	0.000603628
-0.462598	0.000592724
-0.462582	0.000582612
-0.462565	0.000572772
-0.462566	0.000562464
-0.462571	0.0005529
-0.462584	0.000543755
-0.462565	0.000534791
-0.462561	0.00052583
-0.462528	0.000517423
-0.462522	0.000508931
-0.462532	0.000501362
-0.462511	0.000492831
-0.462522	0.000485566
-0.462529	0.000478214
-0.462543	0.000471006
-0.460801	0
-0.461432	0
-0.461948	0.230572
-0.461402	0.108606
-0.46247	0.0666563
-0.462716	0.0461878
-0.462239	0.0343757
-0.462244	0.0269054
-0.462226	0.0218121
-0.462226	0.0181368
-0.462242	0.015377
-0.462133	0.0132723
-0.462197	0.0116016
-0.462093	0.0102392
-0.462156	0.00913495
-0.46219	0.008226
-0.462258	0.00745102
-0.46244	0.0067941
-0.462314	0.00621642
-0.462342	0.00572918
-0.46247	0.00529533
-0.462449	0.00491176
-0.462472	0.00457925
-0.462541	0.00427908
-0.462537	0.00401018
-0.462619	0.00377156
-0.462696	0.00355362
-0.46267	0.0033507
-0.462666	0.00317291
-0.46259	0.00301189
-0.462588	0.00285425
-0.462576	0.00271986
-0.462595	0.00259066
-0.462642	0.00247598
-0.462601	0.00236442
-0.462639	0.00226083
-0.462683	0.00216923
-0.462664	0.00208038
-0.462699	0.00199724
-0.462683	0.00192198
-0.462785	0.00184987
-0.462773	0.00178017
-0.46276	0.00171772
-0.462755	0.00165749
-0.462753	0.0016014
-0.462759	0.00154924
-0.462759	0.00149808
-0.462744	0.00144992
-0.462722	0.00140462
-0.462722	0.0013611
-0.462698	0.00132035
-0.462692	0.00128147
-0.46269	0.0012437
-0.462765	0.00120906
-0.462711	0.00117613
-0.462702	0.00114339
-0.462692	0.00111251
-0.462673	0.00108181
-0.46269	0.00105495
-0.462653	0.00102812
-0.462658	0.00100242
-0.462638	0.000977136
-0.462615	0.000953779
-0.462632	0.000931107
-0.462636	0.000910131
-0.462619	0.00088826
-0.462641	0.000868038
-0.46264	0.000849078
-0.462643	0.000830327
-0.462691	0.000811441
-0.462679	0.000793965
-0.46265	0.000778014
-0.462653	0.000761779
-0.462641	0.000745768
-0.462632	0.000730531
-0.462598	0.000716202
-0.462617	0.000702023
-0.46259	0.000688126
-0.462586	0.000674677
-0.462574	0.000661932
-0.462582	0.000649352
-0.462579	0.000637675
-0.462587	0.000625714
-0.462628	0.000614957
-0.462626	0.000603577
-0.462602	0.00059289
-0.462574	0.000582231
-0.46256	0.00057303
-0.46256	0.000562532
-0.462564	0.000552648
-0.462571	0.000543631
-0.462574	0.000534853
-0.462561	0.000525849
-0.462543	0.000517491
-0.462521	0.000508991
-0.462526	0.000501169
-0.46252	0.000493145
-0.462512	0.000485479
-0.462525	0.000477944
-0.462529	0.000471081
-0.4811	0
-0.482066	0
-0.482684	0.240822
-0.482418	0.113525
-0.483247	0.0696516
-0.483498	0.0482498
-0.483163	0.0359334
-0.482996	0.0281046
-0.482916	0.0227834
-0.482938	0.0189464
-0.482875	0.0160645
-0.482882	0.0138655
-0.48295	0.0121224
-0.482899	0.0106985
-0.482869	0.0095417
-0.482909	0.00859626
-0.482928	0.00778074
-0.483106	0.00709467
-0.483001	0.00649239
-0.483015	0.00598333
-0.483095	0.0055313
-0.483082	0.00513232
-0.483129	0.00478251
-0.483148	0.00446914
-0.483104	0.00418827
-0.483226	0.00393675
-0.483263	0.00371104
-0.483218	0.00349936
-0.483229	0.00331277
-0.483118	0.00314499
-0.483108	0.00298088
-0.483084	0.00283967
-0.483091	0.00270567
-0.483148	0.00258559
-0.483144	0.0024681
-0.48317	0.00235964
-0.48321	0.00226531
-0.483202	0.00217263
-0.483242	0.00208565
-0.483212	0.00200666
-0.48332	0.00193196
-0.483315	0.00185895
-0.483313	0.00179319
-0.483304	0.00173109
-0.483305	0.00167173
-0.483314	0.00161806
-0.483314	0.00156423
-0.483287	0.00151439
-0.483292	0.0014669
-0.483288	0.00142136
-0.483262	0.00137866
-0.483255	0.00133836
-0.483246	0.00129905
-0.483314	0.00126232
-0.483256	0.0012284
-0.483251	0.00119383
-0.483233	0.00116195
-0.483201	0.00112968
-0.483206	0.00110122
-0.483183	0.0010732
-0.4832	0.00104702
-0.483196	0.00102053
-0.483168	0.000996261
-0.48318	0.000972292
-0.483187	0.000950253
-0.483173	0.000927569
-0.483193	0.000906409
-0.483205	0.000886582
-0.483206	0.000867066
-0.483249	0.000847214
-0.483245	0.000828924
-0.483222	0.000812636
-0.48323	0.00079548
-0.483208	0.000778868
-0.483208	0.000763042
-0.483175	0.000748104
-0.483187	0.000733021
-0.483168	0.000718578
-0.483149	0.000704367
-0.483137	0.000691389
-0.483136	0.000678036
-0.483128	0.000665756
-0.483133	0.000653486
-0.483176	0.000642134
-0.483185	0.000630421
-0.483173	0.00061914
-0.483148	0.000608123
-0.483131	0.000598401
-0.48314	0.000587337
-0.483146	0.000577281
-0.483149	0.000567762
-0.483139	0.000558316
-0.483142	0.000548938
-0.483134	0.000540453
-0.48312	0.000531487
-0.483117	0.000523439
-0.483109	0.000514979
-0.483099	0.000507013
-0.483104	0.000499098
-0.483105	0.000491569
-0.503285	0
-0.504339	0
-0.505023	0.251826
-0.504607	0.118741
-0.505171	0.0727964
-0.505439	0.0504295
-0.505296	0.037549
-0.505068	0.0293804
-0.504924	0.023817
-0.505076	0.0198107
-0.505111	0.0168025
-0.505059	0.0144962
-0.505102	0.0126765
-0.505044	0.0111861
-0.505072	0.00997807
-0.505112	0.00898992
-0.505195	0.00813994
-0.505338	0.00741739
-0.50524	0.00678959
-0.505263	0.0062564
-0.505336	0.00578412
-0.505329	0.00536833
-0.505398	0.00500114
-0.505383	0.00467445
-0.505341	0.00437924
-0.50543	0.00411714
-0.505451	0.00388251
-0.505468	0.00366009
-0.505517	0.00346494
-0.505384	0.00328934
-0.505372	0.00311806
-0.505337	0.00297008
-0.505345	0.00283139
-0.505378	0.00270453
-0.505345	0.00258065
-0.505416	0.00246701
-0.505473	0.00236946
-0.505447	0.00227213
-0.505505	0.00218087
-0.50548	0.00209847
-0.505584	0.00202134
-0.505573	0.00194392
-0.505576	0.00187438
-0.505569	0.0018104
-0.505564	0.00174769
-0.505584	0.00169238
-0.505579	0.00163623
-0.505556	0.0015839
-0.505589	0.00153408
-0.505594	0.00148622
-0.505582	0.00144138
-0.505593	0.00139965
-0.505579	0.00135864
-0.505629	0.00132095
-0.505584	0.00128467
-0.505572	0.00124875
-0.505564	0.00121531
-0.505533	0.0011815
-0.505554	0.00115167
-0.50556	0.00112229
-0.505568	0.00109507
-0.505572	0.0010678
-0.505556	0.00104198
-0.505593	0.00101678
-0.505603	0.000994223
-0.505587	0.000970411
-0.505595	0.000948692
-0.505605	0.000927241
-0.505614	0.000906889
-0.50565	0.000885775
-0.50564	0.000867346
-0.505631	0.000850098
-0.505639	0.000832151
-0.505615	0.00081489
-0.505608	0.000798153
-0.505574	0.000782627
-0.505587	0.000766684
-0.505563	0.000751498
-0.50553	0.000736797
-0.505498	0.000723115
-0.505504	0.000709311
-0.505499	0.000696758
-0.505504	0.000683643
-0.505555	0.000671532
-0.505569	0.000659719
-0.505556	0.000647854
-0.505527	0.000636345
-0.505519	0.000626001
-0.505524	0.000614352
-0.505527	0.000603819
-0.505525	0.00059386
-0.505504	0.000584065
-0.50551	0.000573867
-0.505502	0.000565567
-0.505489	0.000555792
-0.505494	0.000547515
-0.505493	0.000538629
-0.505482	0.000530428
-0.505494	0.000521953
-0.505505	0.000514353
-0.526462	0
-0.527639	0
-0.527849	0.263138
-0.528159	0.124208
-0.528931	0.0762111
-0.529188	0.0527666
-0.52917	0.0393046
-0.529101	0.0307616
-0.528947	0.0249288
-0.529235	0.0207431
-0.52924	0.0175977
-0.529256	0.0151783
-0.529315	0.0132774
-0.529288	0.0117188
-0.529406	0.0104558
-0.529481	0.00942338
-0.52955	0.00852985
-0.529682	0.00777359
-0.529634	0.00711681
-0.529635	0.00655561
-0.529697	0.0060596
-0.529672	0.00562363
-0.529737	0.00524016
-0.529756	0.00489906
-0.529691	0.00458541
-0.529788	0.00431384
-0.529779	0.00406775
-0.529807	0.00383711
-0.529773	0.00363151
-0.529645	0.00344644
-0.529658	0.00326429
-0.529631	0.00311258
-0.529614	0.0029669
-0.529628	0.0028339
-0.529576	0.00270439
-0.529644	0.00258561
-0.529667	0.00248135
-0.529637	0.00238022
-0.529705	0.00228438
-0.529686	0.00219828
-0.529759	0.00211787
-0.529748	0.00203575
-0.529781	0.00196288
-0.529778	0.00189522
-0.529776	0.00183065
-0.52977	0.00177287
-0.529754	0.00171425
-0.52972	0.00165879
-0.52974	0.00160706
-0.529739	0.0015568
-0.529715	0.00150995
-0.529735	0.00146598
-0.529724	0.00142296
-0.52978	0.00138298
-0.529738	0.00134573
-0.529722	0.00130759
-0.529699	0.00127349
-0.529655	0.00123702
-0.529685	0.00120626
-0.529691	0.00117555
-0.529697	0.00114669
-0.529701	0.00111884
-0.529661	0.00109153
-0.52968	0.00106466
-0.529689	0.00104138
-0.529675	0.00101608
-0.529691	0.000993855
-0.529703	0.000971327
-0.529702	0.000949813
-0.529731	0.000927501
-0.529733	0.00090865
-0.52971	0.00089022
-0.529706	0.000871735
-0.529687	0.000853554
-0.529678	0.000835725
-0.529654	0.000819748
-0.529656	0.000802613
-0.529648	0.000786751
-0.52963	0.000771712
-0.52962	0.000757075
-0.529634	0.000742604
-0.529633	0.000729851
-0.529628	0.000716191
-0.529673	0.000703408
-0.529698	0.000690808
-0.529683	0.000678518
-0.529665	0.000666584
-0.529648	0.00065561
-0.529658	0.000643418
-0.529665	0.000632262
-0.529657	0.000621978
-0.529627	0.000611777
-0.529627	0.000601118
-0.529624	0.000592094
-0.529616	0.000581817
-0.529616	0.000573364
-0.529615	0.000564093
-0.52961	0.000555225
-0.529625	0.000546946
-0.529646	0.000539102
-0.553893	0
-0.554219	0
-0.554573	0.27638
-0.554829	0.130398
-0.555444	0.0799987
-0.55581	0.0553714
-0.555772	0.0412739
-0.555499	0.0322459
-0.555286	0.0261708
-0.555566	0.0217731
-0.55568	0.0184713
-0.555754	0.015923
-0.555831	0.0139371
-0.555814	0.0123036
-0.555874	0.0109793
-0.555945	0.00989126
-0.555975	0.00895164
-0.556046	0.00816069
-0.556112	0.00746876
-0.556101	0.00688138
-0.556141	0.00635744
-0.556096	0.00590201
-0.556166	0.00549902
-0.556203	0.00514481
-0.556148	0.00481188
-0.55626	0.00452578
-0.55627	0.00426781
-0.556333	0.00402753
-0.556264	0.00381139
-0.55613	0.00361728
-0.556165	0.00342382
-0.55612	0.00326683
-0.556115	0.00311437
-0.556093	0.00297306
-0.556028	0.00283814
-0.556091	0.00271189
-0.556073	0.00260563
-0.55604	0.002497
-0.556088	0.0023965
-0.55607	0.00230434
-0.556136	0.00222185
-0.556128	0.00213694
-0.556164	0.00205917
-0.556155	0.00198589
-0.556149	0.00192154
-0.556154	0.00186103
-0.556136	0.00179904
-0.556101	0.0017404
-0.556078	0.00168676
-0.556084	0.0016329
-0.556082	0.00158506
-0.556122	0.00153965
-0.556123	0.00149364
-0.556172	0.00145183
-0.556127	0.00141252
-0.556101	0.00137209
-0.556067	0.00133597
-0.556009	0.00129699
-0.55603	0.00126539
-0.556001	0.00123435
-0.556002	0.00120331
-0.556016	0.00117378
-0.555958	0.00114505
-0.555974	0.00111752
-0.555973	0.00109234
-0.555984	0.00106602
-0.555976	0.00104296
-0.555976	0.00101888
-0.555964	0.000996059
-0.556004	0.00097366
-0.555986	0.000952919
-0.555957	0.00093407
-0.555951	0.000914298
-0.555944	0.000895526
-0.555932	0.000876036
-0.555932	0.000859798
-0.555919	0.000841664
-0.555894	0.000825602
-0.555886	0.00081005
-0.555887	0.000794369
-0.555895	0.000778566
-0.555894	0.000765629
-0.555891	0.000751353
-0.555922	0.000737793
-0.555944	0.000724865
-0.555953	0.000711058
-0.555941	0.000699596
-0.555923	0.000687881
-0.555931	0.000674541
-0.555962	0.000663386
-0.55596	0.000652186
-0.555939	0.000641972
-0.555948	0.000630914
-0.55595	0.000620905
-0.555947	0.000610638
-0.555943	0.000601532
-0.555945	0.000591555
-0.555926	0.000582365
-0.55594	0.000573786
-0.555963	0.000565246
-0.582242	0
-0.582981	0
-0.583087	0.290466
-0.583123	0.137052
-0.583961	0.0840183
-0.584119	0.0581281
-0.583995	0.0433204
-0.58385	0.0338811
-0.583717	0.0275015
-0.584138	0.0228821
-0.584115	0.019412
-0.584197	0.0167404
-0.584331	0.0146438
-0.584482	0.0129268
-0.584395	0.011535
-0.584521	0.0103966
-0.584532	0.00940425
-0.584596	0.00857412
-0.584677	0.00784388
-0.584593	0.00723539
-0.584594	0.00667778
-0.584537	0.00620267
-0.584669	0.00577667
-0.584697	0.00540504
-0.584674	0.00505367
-0.584784	0.00475723
-0.584768	0.00448004
-0.584815	0.0042282
-0.584794	0.00400457
-0.584694	0.00380329
-0.584752	0.00359997
-0.584701	0.00343346
-0.584666	0.00327266
-0.584596	0.0031255
-0.584548	0.00298252
-0.584571	0.00284969
-0.584587	0.00273556
-0.584586	0.00262536
-0.584613	0.00251853
-0.584606	0.00241827
-0.584656	0.00233543
-0.584626	0.00224482
-0.584648	0.00216254
-0.584686	0.00208563
-0.584705	0.00201695
-0.584692	0.00195518
-0.584701	0.00189073
-0.584654	0.00182887
-0.584617	0.00177275
-0.584627	0.00171696
-0.584624	0.00166442
-0.584619	0.00161861
-0.584581	0.00156862
-0.584629	0.0015244
-0.584611	0.00148428
-0.584598	0.00144226
-0.584582	0.00140264
-0.584503	0.00136225
-0.584502	0.00132891
-0.584469	0.00129646
-0.584468	0.00126471
-0.584486	0.00123337
-0.584431	0.00120314
-0.584429	0.00117478
-0.58444	0.00114765
-0.584465	0.00111947
-0.584465	0.001096
-0.584468	0.00106938
-0.584459	0.00104613
-0.584492	0.00102353
-0.584476	0.00100157
-0.58446	0.000981203
-0.584448	0.000960979
-0.58444	0.000940597
-0.58441	0.000920306
-0.584394	0.000903281
-0.584398	0.000883883
-0.584363	0.000867257
-0.584346	0.000851079
-0.584374	0.000834533
-0.584376	0.000817509
-0.584375	0.00080486
-0.584387	0.000788663
-0.584398	0.000775845
-0.584432	0.000760833
-0.584425	0.000746924
-0.58442	0.000735302
-0.584402	0.000722593
-0.584417	0.000708332
-0.58444	0.000696918
-0.584427	0.000684973
-0.584412	0.000674556
-0.584408	0.000662278
-0.584415	0.000652502
-0.584412	0.00064142
-0.584407	0.000631558
-0.584413	0.000622029
-0.584407	0.000611503
-0.584417	0.000602204
-0.584416	0.000594182
-0.612817	0
-0.614025	0
-0.614535	0.305851
-0.614811	0.144379
-0.615568	0.0884857
-0.615585	0.0612126
-0.615449	0.0456731
-0.615091	0.0356416
-0.614929	0.0289541
-0.615386	0.0240745
-0.615283	0.0204343
-0.615266	0.0176095
-0.615287	0.0154165
-0.615496	0.0135864
-0.615371	0.0121375
-0.615446	0.0109353
-0.615456	0.00988649
-0.615439	0.00901895
-0.615511	0.00824762
-0.615508	0.00761243
-0.615479	0.00702752
-0.615405	0.00652027
-0.615521	0.00607685
-0.615528	0.0056877
-0.615559	0.00531332
-0.615676	0.00499972
-0.615726	0.0047104
-0.615781	0.00444733
-0.615756	0.00420894
-0.615691	0.00400386
-0.615759	0.00378374
-0.615726	0.00361111
-0.615683	0.00344519
-0.615638	0.00329057
-0.615566	0.00313929
-0.615542	0.00299982
-0.615568	0.00287873
-0.615579	0.00276426
-0.615628	0.00264843
-0.61565	0.00254436
-0.615681	0.00245674
-0.615682	0.00236402
-0.615678	0.00227193
-0.615685	0.00219387
-0.61569	0.00212178
-0.615682	0.00205838
-0.615664	0.00199004
-0.615654	0.00192457
-0.615617	0.00186639
-0.615592	0.00180848
-0.615562	0.00175262
-0.61551	0.0017037
-0.615452	0.00165018
-0.615472	0.00160261
-0.615457	0.00156224
-0.615472	0.00151647
-0.615451	0.00147397
-0.615396	0.00143381
-0.615398	0.00139831
-0.615379	0.00136325
-0.615383	0.00133023
-0.615378	0.00129556
-0.615321	0.00126417
-0.615333	0.00123523
-0.615336	0.00120721
-0.615362	0.00117807
-0.615365	0.00115318
-0.615368	0.00112492
-0.615358	0.00110032
-0.61539	0.00107668
-0.615389	0.00105278
-0.615376	0.0010328
-0.615348	0.00101
-0.615312	0.000990688
-0.615279	0.000966885
-0.615297	0.000949011
-0.615301	0.000929828
-0.615249	0.000912166
-0.61524	0.000895172
-0.615256	0.000877785
-0.61525	0.000859638
-0.615253	0.000846539
-0.615283	0.000829515
-0.615295	0.000816425
-0.615331	0.000800641
-0.615338	0.000785566
-0.615331	0.000773475
-0.615303	0.000760417
-0.615316	0.000745529
-0.615333	0.000733445
-0.615327	0.000720409
-0.615314	0.000709406
-0.615323	0.000696401
-0.615329	0.000687005
-0.615332	0.000675829
-0.615328	0.00066447
-0.615345	0.00065439
-0.615353	0.000643112
-0.615362	0.000632857
-0.615346	0.000625334
-0.647643	0
-0.647567	0
-0.647953	0.32238
-0.647997	0.151921
-0.648646	0.0931881
-0.648794	0.0644135
-0.64882	0.0480628
-0.648733	0.0375196
-0.648418	0.030489
-0.648807	0.0252891
-0.648645	0.0215432
-0.648719	0.0185582
-0.64883	0.0162252
-0.64902	0.0142995
-0.649007	0.012756
-0.64909	0.0115252
-0.649051	0.0104074
-0.649036	0.00950531
-0.649171	0.0086803
-0.649153	0.00802278
-0.649138	0.00741179
-0.649109	0.00686846
-0.649316	0.00640045
-0.649292	0.00599099
-0.649301	0.00560262
-0.649371	0.00526455
-0.649447	0.00496808
-0.649515	0.00467513
-0.649564	0.0044391
-0.649448	0.00421997
-0.64951	0.00398288
-0.649461	0.00380086
-0.649397	0.00363229
-0.64933	0.0034711
-0.64924	0.00330485
-0.649222	0.00316015
-0.64929	0.00303247
-0.649287	0.00291077
-0.649315	0.00279511
-0.649336	0.00267796
-0.649359	0.00259248
-0.64936	0.00248578
-0.649358	0.00238383
-0.649408	0.00231295
-0.649389	0.00223388
-0.64936	0.00216603
-0.649323	0.00209659
-0.649311	0.0020266
-0.649288	0.00196657
-0.649252	0.00190555
-0.649214	0.00184713
-0.649129	0.00179371
-0.649111	0.00173927
-0.64915	0.00168847
-0.649149	0.00164609
-0.649152	0.0015959
-0.649125	0.00155084
-0.649111	0.00151061
-0.649093	0.00147342
-0.64905	0.00143756
-0.649051	0.00140122
-0.649049	0.00136455
-0.648983	0.00133241
-0.648995	0.00130028
-0.648991	0.00127066
-0.648989	0.0012416
-0.648994	0.00121275
-0.649002	0.00118241
-0.648966	0.00115794
-0.648978	0.00113312
-0.648991	0.00110803
-0.648976	0.00108803
-0.648963	0.00106415
-0.648909	0.00104295
-0.648883	0.0010183
-0.648912	0.000999772
-0.648935	0.00097932
-0.648872	0.000960869
-0.648873	0.000943615
-0.648908	0.000924345
-0.648927	0.000903919
-0.648927	0.000891871
-0.648921	0.000871591
-0.648905	0.000860148
-0.648946	0.000842366
-0.648942	0.000826996
-0.648926	0.000814253
-0.648904	0.000800868
-0.648924	0.000785115
-0.648907	0.000773168
-0.64891	0.000758077
-0.648902	0.000746347
-0.648897	0.000733639
-0.648882	0.000722877
-0.648894	0.00071141
-0.648898	0.000699855
-0.64891	0.000688909
-0.648907	0.000677817
-0.648906	0.000665173
-0.648914	0.000658305
-0.685089	0
-0.684895	0
-0.685724	0.340508
-0.685845	0.160568
-0.686208	0.0983773
-0.686182	0.0678964
-0.68613	0.0506552
-0.685935	0.0396262
-0.685551	0.0321735
-0.685813	0.0266893
-0.68548	0.022721
-0.685323	0.019568
-0.685389	0.017102
-0.68571	0.0150758
-0.68578	0.0134621
-0.685709	0.0121669
-0.685632	0.0109782
-0.685605	0.0100097
-0.685687	0.00916221
-0.685677	0.00847191
-0.685565	0.00781043
-0.685524	0.00724938
-0.685708	0.00673916
-0.685578	0.0063198
-0.685563	0.0059025
-0.685682	0.00554088
-0.685697	0.00524191
-0.685801	0.00492137
-0.685885	0.00468058
-0.68582	0.00443982
-0.685904	0.00419749
-0.685845	0.00400228
-0.68575	0.00382986
-0.68561	0.00366382
-0.685603	0.00348234
-0.685632	0.00332289
-0.685643	0.00319559
-0.685658	0.00306785
-0.685644	0.00294052
-0.685668	0.002813
-0.685656	0.00273495
-0.685676	0.00261913
-0.685686	0.00250665
-0.685736	0.00242899
-0.685713	0.00235739
-0.685731	0.00228222
-0.685722	0.00221083
-0.685726	0.00213544
-0.685646	0.00206972
-0.685627	0.00200636
-0.685587	0.0019484
-0.685496	0.00189152
-0.685502	0.00183094
-0.68552	0.00178014
-0.685492	0.00173604
-0.685475	0.00168151
-0.685462	0.00163339
-0.685434	0.00159044
-0.685447	0.00155343
-0.685395	0.00151614
-0.685385	0.00147855
-0.68539	0.00143688
-0.685351	0.00140316
-0.685379	0.00137043
-0.685363	0.0013375
-0.685339	0.00130695
-0.685336	0.00127936
-0.685335	0.00124449
-0.685293	0.00121831
-0.685322	0.00118961
-0.685349	0.00116681
-0.685343	0.00114682
-0.685318	0.00112482
-0.685265	0.00109989
-0.685234	0.00107549
-0.685254	0.00105322
-0.685289	0.00103273
-0.685248	0.00101004
-0.685244	0.00099476
-0.685266	0.000975011
-0.685273	0.000951983
-0.685246	0.000938812
-0.685246	0.000916776
-0.685226	0.000906372
-0.685259	0.000886985
-0.685269	0.000871316
-0.685247	0.000858918
-0.685233	0.00084384
-0.685241	0.000827127
-0.68523	0.000815141
-0.685249	0.000800397
-0.685239	0.000786447
-0.685244	0.000770879
-0.685227	0.000761439
-0.685227	0.000750058
-0.68524	0.000738397
-0.68527	0.000724984
-0.685253	0.000712811
-0.685244	0.00070078
-0.685249	0.0006945
-0.723914	0
-0.723415	0
-0.724262	0.358086
-0.724285	0.168587
-0.724929	0.103701
-0.725076	0.0714966
-0.724979	0.0532504
-0.724923	0.04177
-0.724767	0.0338246
-0.725156	0.0280421
-0.724928	0.0239216
-0.724735	0.0206827
-0.724682	0.0180367
-0.725075	0.0158477
-0.724924	0.014233
-0.724905	0.0128402
-0.7249	0.0115629
-0.724824	0.0105448
-0.724994	0.00964507
-0.725029	0.00892054
-0.724942	0.0082423
-0.724983	0.00761612
-0.725148	0.00709519
-0.725178	0.00665338
-0.725169	0.00622055
-0.725272	0.00584906
-0.72529	0.00553651
-0.725375	0.00519028
-0.725455	0.0049344
-0.725312	0.00468975
-0.72536	0.00441905
-0.725258	0.00422239
-0.725138	0.00403792
-0.724979	0.00386134
-0.724989	0.00365757
-0.724965	0.00350549
-0.725002	0.0033573
-0.725016	0.00321798
-0.725019	0.00310574
-0.725094	0.00296746
-0.725092	0.0028836
-0.725101	0.00276081
-0.725071	0.00264475
-0.725152	0.0025624
-0.725085	0.00248402
-0.725065	0.00240695
-0.725057	0.00232727
-0.725069	0.00225118
-0.724995	0.00218934
-0.724969	0.00211253
-0.724922	0.00204634
-0.724874	0.00199254
-0.724888	0.0019151
-0.724921	0.00187028
-0.724912	0.00183384
-0.724896	0.00177465
-0.724907	0.00172334
-0.724909	0.00167442
-0.724917	0.00163497
-0.724885	0.00160252
-0.724848	0.00155771
-0.724841	0.00151656
-0.72484	0.00147552
-0.724872	0.00144471
-0.724857	0.00140945
-0.724814	0.00138471
-0.724782	0.00135081
-0.724756	0.00130782
-0.724727	0.00128394
-0.724762	0.00125181
-0.724735	0.00122795
-0.724697	0.0012121
-0.724675	0.00118561
-0.724652	0.00115828
-0.724618	0.00113319
-0.724653	0.00111044
-0.724647	0.00108727
-0.724632	0.00106332
-0.724622	0.0010481
-0.724653	0.0010244
-0.724643	0.0010041
-0.724643	0.000989166
-0.724636	0.000967733
-0.724588	0.00095454
-0.724609	0.000938202
-0.724612	0.000917391
-0.724593	0.000906017
-0.724594	0.000890331
-0.724594	0.000870799
-0.724596	0.000861018
-0.724631	0.000843041
-0.724601	0.000830895
-0.724594	0.000810729
-0.72458	0.000805977
-0.724585	0.000790253
-0.724601	0.000775711
-0.724613	0.000765631
-0.724588	0.00075128
-0.724574	0.000738613
-0.72456	0.000731001
-0.76713	0
-0.765658	0
-0.766731	0.376392
-0.767066	0.176826
-0.767091	0.109367
-0.767126	0.0756621
-0.767054	0.0560028
-0.767282	0.0439479
-0.767352	0.0354218
-0.767718	0.0295881
-0.767798	0.0251358
-0.767355	0.0218775
-0.767208	0.0190296
-0.767267	0.016791
-0.767105	0.0149576
-0.767086	0.0134934
-0.767218	0.012136
-0.767267	0.0111203
-0.767467	0.0101795
-0.767461	0.00940362
-0.767359	0.00869329
-0.767305	0.00800786
-0.767519	0.00745383
-0.767494	0.0070388
-0.767544	0.00652168
-0.767768	0.00614652
-0.767732	0.0058116
-0.767786	0.00546109
-0.767772	0.00518505
-0.767716	0.00492289
-0.767753	0.00463951
-0.767674	0.00443531
-0.767587	0.00425322
-0.767471	0.00408299
-0.767478	0.00384264
-0.767511	0.0036851
-0.767564	0.00351954
-0.767578	0.00337695
-0.767619	0.00326737
-0.767645	0.00310303
-0.767639	0.00303329
-0.767709	0.00289809
-0.767774	0.00278307
-0.767814	0.00270342
-0.767731	0.0026127
-0.767684	0.00253036
-0.767674	0.00245439
-0.767611	0.00237681
-0.767512	0.00230317
-0.767472	0.00222331
-0.76741	0.00214938
-0.767414	0.00210006
-0.767431	0.00202161
-0.767448	0.00197104
-0.767453	0.00193062
-0.767432	0.00186377
-0.767442	0.00181876
-0.767444	0.00175596
-0.767385	0.00172027
-0.767339	0.00168188
-0.767314	0.00163401
-0.767302	0.00159706
-0.767322	0.00155339
-0.76734	0.00151703
-0.767308	0.00148965
-0.767292	0.00145469
-0.767297	0.00142698
-0.76729	0.00137257
-0.767253	0.00136044
-0.767287	0.00132148
-0.767262	0.00129043
-0.767197	0.00127877
-0.767183	0.00124701
-0.767129	0.00122132
-0.767107	0.00119218
-0.767163	0.0011635
-0.767172	0.00114796
-0.767142	0.00111893
-0.767106	0.00110398
-0.767122	0.00107646
-0.767125	0.00105544
-0.767118	0.00103879
-0.767108	0.00101709
-0.767072	0.00100378
-0.767101	0.000988564
-0.767129	0.000958674
-0.767089	0.000957633
-0.767067	0.000937653
-0.767075	0.000916248
-0.767062	0.000910446
-0.767094	0.000884534
-0.767079	0.000874725
-0.767087	0.000843263
-0.767078	0.000851144
-0.767096	0.000826393
-0.767101	0.000816303
-0.767131	0.000804104
-0.767127	0.000789794
-0.767133	0.000771165
-0.767136	0.000770258
-0.80905	0
-0.808463	0
-0.811442	0.392552
-0.811537	0.183389
-0.812017	0.114114
-0.81219	0.0791763
-0.812273	0.0585032
-0.813142	0.045519
-0.813142	0.0369872
-0.813226	0.0309637
-0.812696	0.0266449
-0.812097	0.0230424
-0.812289	0.0198982
-0.812238	0.0176325
-0.812471	0.0155987
-0.812442	0.0141903
-0.812477	0.0127616
-0.812503	0.0116744
-0.812665	0.0106245
-0.812722	0.00989464
-0.812523	0.00911979
-0.812501	0.00844386
-0.812741	0.00783393
-0.812767	0.00741291
-0.812727	0.00684445
-0.812995	0.00639488
-0.812904	0.00607705
-0.812985	0.00568873
-0.812919	0.00545018
-0.812823	0.00518799
-0.812862	0.00481629
-0.812792	0.00466604
-0.812816	0.00440329
-0.81281	0.00428543
-0.812777	0.00400014
-0.812769	0.00386767
-0.812781	0.00367216
-0.812867	0.00352503
-0.812929	0.0033893
-0.812998	0.0032039
-0.812932	0.0031917
-0.813021	0.00303751
-0.813104	0.00287583
-0.813087	0.00284979
-0.813083	0.00274161
-0.813097	0.00265419
-0.813022	0.00256782
-0.812938	0.00250971
-0.812833	0.00240737
-0.812822	0.00231565
-0.812774	0.00225636
-0.812768	0.00220485
-0.812864	0.00208198
-0.812874	0.00206837
-0.812864	0.00202582
-0.812819	0.00195046
-0.812793	0.00190776
-0.812737	0.00184568
-0.812725	0.0017981
-0.812668	0.00175864
-0.812639	0.0017154
-0.812639	0.00166374
-0.81268	0.00162233
-0.812736	0.00157371
-0.812737	0.00155295
-0.812775	0.00151451
-0.812754	0.00148073
-0.812756	0.0014216
-0.812729	0.00142664
-0.812812	0.00137542
-0.812779	0.00135097
-0.81273	0.00134572
-0.812705	0.00130562
-0.812658	0.00127288
-0.812665	0.00123533
-0.812705	0.00121864
-0.812688	0.00120286
-0.812716	0.00117322
-0.812708	0.00115106
-0.812749	0.00111849
-0.81275	0.00110185
-0.812741	0.00109795
-0.812752	0.0010648
-0.812675	0.00105727
-0.812719	0.00103266
-0.812715	0.00100686
-0.812689	0.000995948
-0.812642	0.000973149
-0.812633	0.000973009
-0.812611	0.000951654
-0.812614	0.000926513
-0.812589	0.000916184
-0.81262	0.000881654
-0.812605	0.000897911
-0.81264	0.000855815
-0.812676	0.000857414
-0.812684	0.000846793
-0.812684	0.000826756
-0.812717	0.000802279
-0.812696	0.000809705
-0.857994	0
-0.858728	0
-0.860703	0.41242
-0.861934	0.187253
-0.862075	0.117523
-0.861907	0.0807096
-0.862501	0.059579
-0.863145	0.0465247
-0.862412	0.0389825
-0.861876	0.0325777
-0.861803	0.0269503
-0.861712	0.023438
-0.861804	0.0204981
-0.86161	0.0181158
-0.861645	0.0161547
-0.861443	0.0148307
-0.861365	0.0132516
-0.861045	0.0122122
-0.86101	0.0110984
-0.860758	0.0103351
-0.860632	0.00941633
-0.860534	0.00858147
-0.860828	0.00795372
-0.860775	0.00769069
-0.860718	0.0071294
-0.860887	0.00649759
-0.860768	0.00633966
-0.860769	0.00588902
-0.860693	0.00570193
-0.860718	0.00532364
-0.860802	0.00495854
-0.860786	0.0048494
-0.860794	0.00453257
-0.860649	0.00445631
-0.860639	0.00414134
-0.86055	0.00398494
-0.860499	0.00377386
-0.860555	0.00368338
-0.860513	0.00354455
-0.860769	0.00325259
-0.86066	0.00333574
-0.860749	0.00311343
-0.860913	0.00291361
-0.860942	0.00290183
-0.860999	0.00279281
-0.860972	0.00277167
-0.860867	0.00266555
-0.860885	0.00257792
-0.860814	0.00251215
-0.860881	0.00235163
-0.860776	0.00237414
-0.860879	0.00224956
-0.860947	0.0021504
-0.860941	0.00214381
-0.860981	0.00207268
-0.860964	0.00202466
-0.860917	0.00196687
-0.860891	0.00189625
-0.8609	0.0018417
-0.86084	0.00182307
-0.860828	0.00176895
-0.860922	0.00169216
-0.860986	0.00166427
-0.86101	0.00160949
-0.860926	0.00161406
-0.860902	0.00156114
-0.860906	0.0015281
-0.860846	0.00150349
-0.860856	0.00145744
-0.860941	0.00138742
-0.860948	0.00140394
-0.860814	0.00140342
-0.860785	0.001352
-0.86074	0.00130823
-0.860718	0.00126801
-0.860721	0.00126337
-0.86068	0.00123813
-0.860758	0.00118414
-0.860796	0.00117238
-0.860882	0.00112392
-0.860908	0.00114555
-0.860885	0.00112876
-0.860938	0.00108529
-0.860866	0.00108918
-0.860895	0.00106058
-0.860846	0.00104105
-0.860822	0.00103338
-0.860829	0.00101345
-0.860822	0.00100728
-0.860788	0.000988035
-0.860799	0.000933111
-0.860812	0.00092936
-0.860885	0.000901105
-0.860814	0.000936882
-0.860844	0.000878557
-0.860797	0.00089663
-0.860823	0.000868164
-0.860824	0.000861495
-0.860875	0.000812084
-0.860834	0.000849963
-0.910347	0
-0.910649	0
-0.911163	0.420063
-0.91244	0.184785
-0.912708	0.118424
-0.914207	0.0761556
-0.914709	0.0580774
-0.915431	0.045819
-0.914829	0.0390402
-0.91403	0.0320957
-0.914368	0.0259455
-0.914266	0.0230824
-0.914159	0.020137
-0.913938	0.0185656
-0.914237	0.0150038
-0.91394	0.0144452
-0.913826	0.0130576
-0.91342	0.0121143
-0.913426	0.011061
-0.913197	0.0102625
-0.913148	0.00945548
-0.91329	0.00822627
-0.913324	0.00809566
-0.912972	0.00777699
-0.912892	0.00703599
-0.913018	0.00654659
-0.913068	0.00595762
-0.913013	0.00591157
-0.91297	0.00563181
-0.913116	0.00524428
-0.913144	0.00492946
-0.913027	0.00484069
-0.913089	0.00439721
-0.912939	0.00440526
-0.91302	0.00408549
-0.912947	0.00391246
-0.912898	0.00364524
-0.912744	0.00378846
-0.91281	0.00335214
-0.913037	0.00313193
-0.912753	0.00346919
-0.912696	0.00305362
-0.912784	0.00294503
-0.9127	0.00283033
-0.912735	0.00284844
-0.912828	0.00268047
-0.912657	0.00272802
-0.912586	0.00264368
-0.91257	0.00247559
-0.912587	0.00236493
-0.912526	0.0023113
-0.91244	0.00225884
-0.912512	0.00209537
-0.912438	0.00223026
-0.91239	0.0020571
-0.912379	0.00198998
-0.912226	0.00200893
-0.912161	0.00186822
-0.912137	0.00179815
-0.912162	0.00174206
-0.912202	0.00167484
-0.912344	0.00168151
-0.912324	0.00160182
-0.912383	0.0015666
-0.912345	0.00162557
-0.912303	0.00153528
-0.91225	0.00151936
-0.912205	0.00146848
-0.912248	0.00141508
-0.912349	0.00134445
-0.912324	0.00143234
-0.91221	0.00140922
-0.912155	0.00133869
-0.912254	0.0011846
-0.912203	0.00128105
-0.912219	0.00123776
-0.912227	0.00119524
-0.912262	0.00117376
-0.912281	0.00114807
-0.912334	0.00112564
-0.91243	0.0010621
-0.912453	0.00112449
-0.912521	0.00106701
-0.912546	0.00106941
-0.912533	0.00106345
-0.912565	0.0010073
-0.912521	0.00103566
-0.912518	0.000989872
-0.912491	0.000973043
-0.912442	0.000969865
-0.912399	0.000961997
-0.912404	0.000912258
-0.91241	0.000879919
-0.912296	0.000972203
-0.912283	0.000863121
-0.912246	0.000900292
-0.912263	0.000866131
-0.912272	0.000850668
-0.912325	0.0007724
-0.912291	0.000827507
-0.96585	0
-0.965607	0
-0.966455	0.390769
-0.965674	0.183136
-0.964765	0.112318
-0.966496	0.0635114
-0.96634	0.0546184
-0.967412	0.035733
-0.967792	0.0306032
-0.966609	0.0301295
-0.96672	0.0230763
-0.966127	0.0238682
-0.965581	0.0191743
-0.965985	0.0142425
-0.966022	0.0136361
-0.96598	0.0136828
-0.965792	0.0123504
-0.965935	0.00976991
-0.965666	0.011057
-0.964958	0.00987467
-0.965176	0.0073573
-0.965404	0.00689652
-0.965516	0.00643746
-0.964801	0.00746666
-0.964819	0.0063083
-0.965094	0.00499429
-0.964984	0.00587501
-0.964864	0.00518226
-0.964697	0.0048021
-0.964961	0.00393097
-0.965135	0.00379555
-0.965362	0.00342153
-0.965803	0.00302429
-0.965387	0.00451314
-0.965166	0.00376351
-0.965028	0.00372595
-0.964914	0.00344128
-0.964876	0.00322666
-0.964836	0.00319712
-0.964938	0.00269494
-0.96469	0.00322646
-0.964597	0.00294943
-0.964771	0.00211826
-0.964704	0.00258442
-0.964808	0.00214629
-0.965067	0.00181337
-0.964861	0.00254584
-0.964586	0.00245903
-0.964548	0.00205855
-0.964454	0.00210718
-0.964403	0.00192964
-0.964214	0.00208666
-0.964299	0.00174261
-0.964285	0.00179815
-0.964239	0.00177131
-0.964133	0.00186614
-0.964113	0.00163313
-0.964044	0.00163213
-0.964052	0.00157144
-0.964078	0.00153784
-0.964238	0.00133179
-0.964367	0.00134156
-0.964289	0.00146198
-0.964398	0.00124029
-0.964249	0.00160744
-0.964271	0.00122196
-0.964311	0.00131623
-0.964225	0.00137022
-0.964321	0.00111774
-0.964374	0.00109009
-0.964407	0.00117816
-0.964258	0.00133002
-0.964229	0.00115833
-0.964286	0.00098172
-0.964266	0.0011071
-0.964292	0.00104672
-0.964413	0.000867364
-0.964472	0.000904029
-0.964385	0.00108744
-0.964369	0.00104921
-0.964471	0.000957801
-0.964396	0.00108097
-0.964463	0.000911935
-0.964567	0.000807335
-0.964538	0.000917293
-0.964662	0.000702409
-0.964635	0.00080327
-0.964553	0.000885012
-0.964654	0.00064546
-0.964716	0.000744952
-0.964664	0.000870604
-0.964642	0.000727099
-0.964662	0.000715809
-0.964571	0.000813462
-0.964503	0.000793065
-0.964492	0.000725752
-0.964544	0.000631558
-0.964602	0.000753772
-0.964623	0.000771871
-0.964625	0.000716148
-1.01033	0
-1.00589	0
-1.00774	0.312159
-1.00758	0.136587
-1.00568	0.10072
-1.00518	0.0560394
-1.00578	0.0350424
-1.00582	0.028466
-1.00629	0.0201075
-1.00617	0.020354
-1.00595	0.0158114
-1.00549	0.0223051
-1.00496	0.0152495
-1.00498	0.0100078
-1.00526	0.00756081
-1.00532	0.0101033
-1.0053	0.00786557
-1.005	0.00761398
-1.00448	0.0116957
-1.00409	0.00662684
-1.00401	0.00570799
-1.00437	0.00328003
-1.00435	0.00461118
-1.00395	0.00539164
-1.00398	0.00365864
-1.00409	0.00345714
-1.00408	0.00320575
-1.00408	0.00299724
-1.00371	0.00459041
-1.00374	0.00278902
-1.00375	0.00279166
-1.00393	0.0019064
-1.00407	0.00196728
-1.00382	0.00362985
-1.00381	0.00212556
-1.00362	0.00340017
-1.0037	0.0018
-1.00371	0.00200986
-1.0038	0.00184547
-1.00382	0.00172861
-1.00382	0.00159909
-1.00367	0.00203282
-1.00378	0.00121379
-1.00366	0.00169451
-1.00369	0.00166676
-1.0039	0.000799362
-1.00388	0.00176266
-1.00381	0.00149115
-1.00382	0.00124373
-1.0036	0.00169849
-1.00363	0.00118378
-1.0035	0.00152458
-1.00346	0.00135502
-1.00338	0.0013278
-1.00325	0.0012979
-1.00317	0.00120886
-1.00314	0.00124314
-1.00311	0.00104396
-1.00312	0.00137312
-1.00312	0.00101887
-1.00307	0.00103522
-1.00313	0.000765027
-1.0031	0.000938218
-1.00309	0.000862909
-1.00304	0.00125497
-1.00303	0.000839946
-1.00304	0.000825204
-1.003	0.00102712
-1.00308	0.00056781
-1.00314	0.000597227
-1.00309	0.00114986
-1.00301	0.00119764
-1.00301	0.000691496
-1.00308	0.000503982
-1.00315	0.000500403
-1.00311	0.000752175
-1.00322	0.000413199
-1.00327	0.000536173
-1.00324	0.000818948
-1.0033	0.000472555
-1.00332	0.000534126
-1.00329	0.000787366
-1.00335	0.000440103
-1.00345	0.000344675
-1.0035	0.000469149
-1.00357	0.000363983
-1.0036	0.000427184
-1.00363	0.000492185
-1.00365	0.00046736
-1.00363	0.000518512
-1.00357	0.000574145
-1.00359	0.000447488
-1.00362	0.000431377
-1.00359	0.00048031
-1.00366	0.00031467
-1.00364	0.000479107
-1.00369	0.000386392
-1.00371	0.000425068
-1.00374	0.000377441
-1.0037	0.000768165
