0.025532	0
0.02846	0
0.0308747	0.0154373
0.02949	0.00695086
0.0297016	0.00428706
0.029958	0.0029958
0.0299017	0.00222874
0.0301755	0.00175987
0.0294756	0.00139259
0.028926	0.00113632
0.0290505	0.000968352
0.0282773	0.000812916
0.0279812	0.000703055
0.0279769	0.000621248
0.0284795	0.000564199
0.0278665	0.000496509
0.0276593	0.00044635
0.0274133	0.000403137
0.0274206	0.000369471
0.0273802	0.000339662
0.0274029	0.000314332
0.0275707	0.000293572
0.0276214	0.000273976
0.0275858	0.00025571
0.0277256	0.000240883
0.0277029	0.000226193
0.0277314	0.000213319
0.028088	0.000204019
0.0281404	0.000193415
0.0278691	0.000181612
0.0281421	0.000174195
0.0281575	0.000165833
0.0281398	0.000157939
0.0279136	0.00014953
0.0280288	0.000143506
0.0280706	0.000137545
0.0280492	0.000131699
0.0281524	0.000126813
0.0281525	0.000121796
0.0280005	0.000116469
0.0280448	0.000112269
0.0281529	0.00010857
0.0280842	0.000104429
0.0281179	0.0001009
0.028006	9.70652e-05
0.0277443	9.29468e-05
0.027626	8.95268e-05
0.0276132	8.66245e-05
0.0274358	8.33733e-05
0.027393	8.06907e-05
0.0272636	7.7896e-05
0.027293	7.56826e-05
0.0272085	7.32684e-05
0.027135	7.09989e-05
0.0270711	6.88612e-05
0.0269708	6.6732e-05
0.0269728	6.49467e-05
0.0271001	6.35335e-05
0.0270454	6.1763e-05
0.0270209	6.01358e-05
0.0269511	5.8479e-05
0.0270705	5.72916e-05
0.026985	5.57269e-05
0.0269969	5.44225e-05
0.0269376	5.30284e-05
0.026834	5.16038e-05
0.0268188	5.0401e-05
0.0267765	4.91934e-05
0.026678	4.79299e-05
0.0267927	4.70884e-05
0.026787	4.60683e-05
0.0267043	4.49545e-05
0.0266567	4.39385e-05
0.0266826	4.30764e-05
0.0266687	4.21802e-05
0.0265697	4.11823e-05
0.0265183	4.02904e-05
0.0265366	3.95319e-05
0.026523	3.8751e-05
0.0265093	3.79948e-05
0.0265468	3.73343e-05
0.0265454	3.66403e-05
0.0265414	3.5964e-05
0.0264622	3.5208e-05
0.0264461	3.45576e-05
0.0264652	3.39716e-05
0.0264422	3.33495e-05
0.0263748	3.26904e-05
0.0264026	3.21665e-05
0.0264417	3.16707e-05
0.0264706	3.11764e-05
0.0264943	3.06895e-05
0.0265509	3.02532e-05
0.0265892	2.98077e-05
0.0266579	2.94074e-05
0.0266554	2.894e-05
0.0267497	2.85882e-05
0.0267945	2.81928e-05
0.0268267	2.77943e-05
0.0268537	2.74004e-05
0.023672	0
0.028392	0
0.0300467	0.0150233
0.029476	0.00694756
0.0291112	0.00420184
0.029342	0.0029342
0.0299314	0.00223096
0.03007	0.00175372
0.0293871	0.00138841
0.0287964	0.00113123
0.0289749	0.00096583
0.0283423	0.000814785
0.0278145	0.000698865
0.0280683	0.000623278
0.0283397	0.000561431
0.027966	0.000498282
0.0276696	0.000446517
0.0272864	0.000401271
0.0274579	0.000369973
0.027201	0.000337439
0.0272606	0.0003127
0.0275456	0.000293304
0.0275623	0.00027339
0.0276515	0.000256318
0.0277653	0.000241228
0.0276948	0.000226127
0.0276468	0.000212668
0.0279524	0.000203034
0.0280726	0.000192949
0.0277931	0.000181117
0.0281046	0.000173963
0.0280681	0.000165307
0.0281632	0.00015807
0.0279342	0.00014964
0.0279213	0.000142955
0.0281001	0.000137689
0.0280297	0.000131608
0.0280266	0.000126246
0.0281161	0.000121638
0.028017	0.000116537
0.027957	0.000111917
0.0280813	0.000108294
0.0280723	0.000104385
0.0280829	0.000100774
0.0280328	9.71582e-05
0.0277987	9.31291e-05
0.0276629	8.96465e-05
0.0275632	8.64674e-05
0.027445	8.34013e-05
0.0273931	8.06909e-05
0.0273122	7.8035e-05
0.0272305	7.55092e-05
0.0272467	7.33712e-05
0.027209	7.11925e-05
0.0270425	6.87883e-05
0.0269773	6.67481e-05
0.0269413	6.48709e-05
0.0270624	6.3445e-05
0.02705	6.17735e-05
0.0270236	6.01419e-05
0.0269936	5.85711e-05
0.0270368	5.72202e-05
0.0270321	5.58243e-05
0.0270228	5.44746e-05
0.0268668	5.28891e-05
0.0268547	5.16437e-05
0.02685	5.04595e-05
0.0267665	4.9175e-05
0.026686	4.79443e-05
0.0267401	4.69958e-05
0.0267984	4.60879e-05
0.0267233	4.49865e-05
0.0266522	4.39311e-05
0.0266365	4.30019e-05
0.0266347	4.21264e-05
0.0265755	4.11912e-05
0.0265278	4.03049e-05
0.0265093	3.94912e-05
0.0265213	3.87485e-05
0.0265185	3.8008e-05
0.0265406	3.73257e-05
0.0265041	3.65834e-05
0.0265165	3.59302e-05
0.0264391	3.51772e-05
0.026434	3.45417e-05
0.026428	3.39238e-05
0.0264639	3.33768e-05
0.0263322	3.26377e-05
0.0263489	3.21011e-05
0.0264222	3.16474e-05
0.0264673	3.11725e-05
0.0264831	3.06765e-05
0.0265371	3.02375e-05
0.026568	2.9784e-05
0.0266287	2.93752e-05
0.0266566	2.89412e-05
0.0267103	2.8546e-05
0.0267665	2.81634e-05
0.0268369	2.78048e-05
0.0268495	2.7396e-05
0.029008	0
0.033496	0
0.035252	0.017626
0.034313	0.00808765
0.0332064	0.00479293
0.033344	0.0033344
0.0335314	0.00249929
0.0336995	0.00196539
0.0329791	0.00155812
0.032302	0.00126894
0.0322385	0.00107462
0.0315927	0.000908225
0.0308935	0.000776229
0.0311109	0.000690841
0.0314096	0.000622247
0.030785	0.000548509
0.0306301	0.000494291
0.0303807	0.000446775
0.0305928	0.000412214
0.0303946	0.000377057
0.0303754	0.00034843
0.0304973	0.000324733
0.0305332	0.000302859
0.0305957	0.000283609
0.0306614	0.00026639
0.0307452	0.000251034
0.0306739	0.000235953
0.0309384	0.000224723
0.031089	0.000213681
0.030804	0.000200738
0.0310711	0.000192325
0.0310492	0.000182864
0.0310765	0.000174422
0.0308054	0.000165021
0.0308638	0.00015802
0.0311156	0.000152465
0.0310099	0.000145601
0.0309707	0.000139508
0.0310441	0.000134306
0.0309656	0.000128802
0.0308595	0.000123537
0.0309708	0.000119437
0.031006	0.000115293
0.0309789	0.000111166
0.0309764	0.00010736
0.0306954	0.000102833
0.0305719	9.90737e-05
0.0304181	9.54234e-05
0.030284	9.20287e-05
0.0302266	8.90375e-05
0.0301605	8.61728e-05
0.0300512	8.33309e-05
0.0300263	8.08561e-05
0.0300115	7.85254e-05
0.0297985	7.57988e-05
0.0297499	7.36081e-05
0.0296772	7.14584e-05
0.0297902	6.98401e-05
0.0298144	6.80864e-05
0.0298289	6.63853e-05
0.0297581	6.45696e-05
0.029781	6.30281e-05
0.029737	6.14102e-05
0.0297267	5.99253e-05
0.029601	5.82715e-05
0.0295864	5.6897e-05
0.0295844	5.55984e-05
0.0295146	5.42239e-05
0.0294364	5.28857e-05
0.0295043	5.18539e-05
0.0295826	5.08761e-05
0.029477	4.96222e-05
0.0294124	4.84808e-05
0.0293829	4.74357e-05
0.0293571	4.64323e-05
0.0292669	4.53628e-05
0.0292334	4.44156e-05
0.029219	4.35279e-05
0.0292541	4.27412e-05
0.0292265	4.18892e-05
0.0292545	4.11424e-05
0.029238	4.03569e-05
0.0292351	3.9614e-05
0.0291632	3.88016e-05
0.0291363	3.80729e-05
0.0291304	3.73928e-05
0.029151	3.67659e-05
0.0290265	3.5977e-05
0.0290596	3.54036e-05
0.0291135	3.48709e-05
0.0291513	3.43337e-05
0.0291976	3.38208e-05
0.0292782	3.33607e-05
0.0293049	3.28521e-05
0.0293749	3.24046e-05
0.029394	3.19133e-05
0.0294506	3.14746e-05
0.0295038	3.10435e-05
0.0295763	3.0643e-05
0.0296422	3.02456e-05
0.031444	0
0.036366	0
0.039424	0.019712
0.03793	0.00894019
0.0367896	0.00531012
0.0368627	0.00368627
0.0376469	0.00280603
0.037778	0.00220326
0.0369578	0.00174609
0.0362168	0.00142273
0.0360084	0.00120028
0.035493	0.00102035
0.0347062	0.000872025
0.0349103	0.00077521
0.0351773	0.000696888
0.0345055	0.000614799
0.0341791	0.000551562
0.0340564	0.00050083
0.034256	0.000461572
0.0341184	0.000423252
0.034111	0.000391281
0.0341544	0.000363674
0.0342167	0.000339395
0.0342128	0.000317139
0.0343181	0.000298159
0.0343548	0.000280506
0.034104	0.000262338
0.0343339	0.000249386
0.0344669	0.000236898
0.0341689	0.000222666
0.0343982	0.000212919
0.0343499	0.000202303
0.0342264	0.000192101
0.0338958	0.000181575
0.0339797	0.000173974
0.0342824	0.000167983
0.0341483	0.000160337
0.0341115	0.000153655
0.0342162	0.000148029
0.0341578	0.00014208
0.0339594	0.000135946
0.0340892	0.000131463
0.0342113	0.000127212
0.0341867	0.000122677
0.0342436	0.000118684
0.033949	0.000113733
0.0337888	0.000109499
0.0336276	0.000105492
0.0335157	0.000101849
0.0335027	9.86878e-05
0.0335055	9.573e-05
0.0334288	9.26971e-05
0.0334166	8.99858e-05
0.0333219	8.7187e-05
0.0331468	8.43159e-05
0.0330895	8.18711e-05
0.0330241	7.95172e-05
0.0331457	7.77067e-05
0.0331906	7.57965e-05
0.0332414	7.39798e-05
0.0331898	7.20158e-05
0.0331795	7.02207e-05
0.0331594	6.84778e-05
0.033191	6.69089e-05
0.0330471	6.50553e-05
0.033025	6.35096e-05
0.0329561	6.19349e-05
0.0329176	6.04759e-05
0.0328648	5.90452e-05
0.0329834	5.79684e-05
0.0330346	5.68129e-05
0.0329339	5.54416e-05
0.0328719	5.4183e-05
0.0328268	5.29955e-05
0.0328093	5.18925e-05
0.0327153	5.07077e-05
0.0327	4.96825e-05
0.0327117	4.87311e-05
0.0327468	4.78442e-05
0.0327321	4.69137e-05
0.0327504	4.60589e-05
0.0326791	4.51066e-05
0.0326658	4.42626e-05
0.0326243	4.34067e-05
0.0325556	4.2541e-05
0.0325205	4.17444e-05
0.0325106	4.10032e-05
0.0323874	4.01427e-05
0.0324262	3.95052e-05
0.0324864	3.89108e-05
0.0325302	3.83133e-05
0.0325696	3.77267e-05
0.0326891	3.72473e-05
0.0326817	3.66377e-05
0.0327712	3.61512e-05
0.0327944	3.56051e-05
0.0328598	3.51181e-05
0.0329048	3.4622e-05
0.0329944	3.41845e-05
0.0330441	3.37167e-05
0.035876	0
0.042526	0
0.0449707	0.0224853
0.043958	0.010361
0.0421584	0.00608504
0.0424527	0.00424527
0.0431971	0.00321972
0.043376	0.00252974
0.0429307	0.00202828
0.0423936	0.00166538
0.0420858	0.00140286
0.04178	0.00120109
0.0410123	0.00103047
0.041084	0.000912302
0.0412003	0.000816207
0.0402455	0.000717071
0.0398256	0.000642684
0.0395436	0.000581523
0.0395827	0.000533346
0.039421	0.000489033
0.0394438	0.000452452
0.0395222	0.00042083
0.0395402	0.000392199
0.0394388	0.000365582
0.039696	0.000344883
0.0397074	0.000324209
0.039447	0.000303438
0.0395053	0.000286949
0.0395018	0.000271504
0.0391567	0.000255169
0.0395092	0.000244556
0.0393739	0.000231892
0.0391847	0.000219931
0.0387881	0.000207783
0.0387824	0.000198563
0.0389891	0.000191045
0.0389079	0.000182684
0.0388453	0.000174979
0.0389452	0.000168488
0.0388713	0.000161686
0.0386029	0.000154535
0.0387538	0.000149452
0.0389073	0.000144674
0.0389791	0.000139875
0.0390331	0.000135284
0.0387269	0.00012974
0.0385194	0.000124829
0.0383842	0.000120414
0.0382377	0.000116199
0.0382034	0.000112534
0.0381698	0.000109057
0.0380886	0.000105619
0.0380774	0.000102537
0.0380443	9.95433e-05
0.0378515	9.62834e-05
0.0378277	9.35945e-05
0.0376818	9.07323e-05
0.0378325	8.86944e-05
0.0378664	8.64745e-05
0.0379001	8.4348e-05
0.0378735	8.21785e-05
0.0378031	8.00059e-05
0.0377495	7.79568e-05
0.0377962	7.61924e-05
0.0376318	7.40807e-05
0.037631	7.23672e-05
0.0375209	7.05136e-05
0.037451	6.88045e-05
0.0373907	6.71764e-05
0.0375171	6.59365e-05
0.0375319	6.45474e-05
0.037441	6.30289e-05
0.0373392	6.15466e-05
0.0372715	6.0171e-05
0.0372695	5.89468e-05
0.0371581	5.75938e-05
0.0371774	5.64851e-05
0.037219	5.54456e-05
0.037244	5.44147e-05
0.0372628	5.34074e-05
0.037314	5.24769e-05
0.0372305	5.13888e-05
0.0371916	5.03951e-05
0.0371372	4.9411e-05
0.0370928	4.84698e-05
0.037059	4.75702e-05
0.037035	4.67095e-05
0.0369251	4.57671e-05
0.0369655	4.50354e-05
0.0370413	4.43665e-05
0.0370833	4.36757e-05
0.0371125	4.2989e-05
0.0372193	4.24092e-05
0.0372438	4.1752e-05
0.0373618	4.12153e-05
0.0373916	4.05963e-05
0.0374578	4.00322e-05
0.037538	3.9497e-05
0.0375917	3.89476e-05
0.0375885	3.83536e-05
0.044656	0
0.048574	0
0.0506733	0.0253367
0.050144	0.0118191
0.0482624	0.00696608
0.0490227	0.00490227
0.0493314	0.00367695
0.050333	0.00293548
0.0493067	0.00232952
0.048398	0.00190125
0.0479411	0.00159804
0.047912	0.00137737
0.04708	0.00118293
0.0469769	0.00104316
0.0468104	0.000927348
0.0458087	0.000816194
0.0453847	0.000732393
0.0448787	0.00065998
0.0449417	0.000605553
0.0447116	0.000554664
0.044831	0.000514247
0.0448785	0.000477864
0.0449	0.000445363
0.0445728	0.000413172
0.0448528	0.000389686
0.0449614	0.000367108
0.0448133	0.000344718
0.0448607	0.000325849
0.0448545	0.000308295
0.0445145	0.000290085
0.0449797	0.000278418
0.0448405	0.000264088
0.0446204	0.000250439
0.0443487	0.00023757
0.0443394	0.000227015
0.0446326	0.000218698
0.0443969	0.000208457
0.0443897	0.000199954
0.0445202	0.000192607
0.0446232	0.000185611
0.0444055	0.000177764
0.0444848	0.000171553
0.0446617	0.000166071
0.0449148	0.000161175
0.044902	0.000155625
0.0445138	0.000149127
0.0442811	0.000143501
0.0441632	0.000138543
0.0439541	0.00013357
0.0439642	0.000129504
0.0438576	0.000125307
0.0436242	0.000120968
0.0435661	0.000117317
0.0434698	0.000113739
0.0432363	0.000109981
0.0432114	0.000106915
0.0431069	0.000103795
0.0433293	0.000101581
0.0433854	9.90783e-05
0.0433181	9.64059e-05
0.0432682	9.3884e-05
0.0432112	9.14514e-05
0.0431751	8.91614e-05
0.0431669	8.7019e-05
0.0430402	8.47274e-05
0.0430417	8.27725e-05
0.0429024	8.06271e-05
0.0428536	7.87301e-05
0.0428389	7.69648e-05
0.0429052	7.54061e-05
0.0429521	7.3869e-05
0.0428428	7.21225e-05
0.0427724	7.05021e-05
0.0426977	6.89311e-05
0.042769	6.76451e-05
0.0426923	6.61717e-05
0.0427465	6.49467e-05
0.0427576	6.36966e-05
0.0427274	6.24262e-05
0.0427314	6.12453e-05
0.0428302	6.02346e-05
0.0427569	5.90169e-05
0.0427184	5.7884e-05
0.0426818	5.67881e-05
0.0426156	5.56866e-05
0.0426727	5.47762e-05
0.0426121	5.37434e-05
0.0424968	5.2673e-05
0.0425853	5.18821e-05
0.0426523	5.1087e-05
0.0427315	5.03281e-05
0.0427451	4.95135e-05
0.0428248	4.87963e-05
0.042884	4.8075e-05
0.0429788	4.74117e-05
0.0430115	4.66979e-05
0.0431064	4.60689e-05
0.0432007	4.54552e-05
0.0432578	4.4818e-05
0.0432979	4.41793e-05
0.052896	0
0.057038	0
0.058472	0.029236
0.056543	0.0133273
0.055664	0.00803441
0.0568867	0.00568867
0.0575583	0.00429014
0.0581445	0.00339106
0.0568049	0.00268378
0.0557548	0.00219026
0.0550011	0.00183337
0.0544963	0.00156666
0.0536726	0.00134858
0.0537166	0.00119282
0.0535813	0.00106148
0.0524552	0.000934617
0.0521273	0.000841201
0.0516678	0.00075982
0.0518905	0.000699183
0.0513304	0.000636773
0.051489	0.000590619
0.0514045	0.000547353
0.0514647	0.000510478
0.0511625	0.000474256
0.0515298	0.000447696
0.0515103	0.00042058
0.0515844	0.000396803
0.051785	0.000376143
0.0517614	0.000355767
0.051232	0.00033386
0.0515697	0.000319208
0.0513807	0.000302606
0.0511458	0.000287064
0.0507306	0.000271757
0.0506872	0.000259515
0.050945	0.000249628
0.0508822	0.000238907
0.0507504	0.000228606
0.0508427	0.00021996
0.0511241	0.000212652
0.0508268	0.00020347
0.0509257	0.000196392
0.0511501	0.000190198
0.051452	0.000184633
0.0515839	0.000178783
0.051243	0.000171671
0.0509789	0.000165206
0.0508451	0.000159504
0.0505968	0.000153756
0.0504978	0.000148749
0.0504827	0.000144236
0.0501443	0.000139049
0.050134	0.000135003
0.0501138	0.000131123
0.0498615	0.000126833
0.0497706	0.000123144
0.0497644	0.000119825
0.0500071	0.000117236
0.0500978	0.000114407
0.0500605	0.000111411
0.049955	0.000108393
0.0498768	0.000105558
0.0498237	0.000102892
0.0497399	0.000100269
0.0496136	9.76676e-05
0.0496594	9.54988e-05
0.0494986	9.30235e-05
0.0495539	9.10397e-05
0.0495721	8.90617e-05
0.0495785	8.71345e-05
0.0495823	8.52715e-05
0.0494975	8.33251e-05
0.0493847	8.14012e-05
0.0493428	7.9659e-05
0.0494156	7.81575e-05
0.0493414	7.64776e-05
0.0494265	7.50958e-05
0.0494463	7.36607e-05
0.0494087	7.21878e-05
0.0494156	7.08255e-05
0.0495501	6.96852e-05
0.0494175	6.82104e-05
0.0494572	6.70151e-05
0.0493306	6.56343e-05
0.0493477	6.44835e-05
0.0494108	6.34255e-05
0.0493125	6.21941e-05
0.0492159	6.1001e-05
0.0493324	6.01022e-05
0.0493982	5.9167e-05
0.0494918	5.82903e-05
0.0494906	5.73271e-05
0.0496163	5.65348e-05
0.0496505	5.56605e-05
0.0497499	5.48811e-05
0.0498197	5.40896e-05
0.0498528	5.3279e-05
0.0499738	5.25817e-05
0.0500868	5.18933e-05
0.0500819	5.11014e-05
0.053648	0
0.064226	0
0.0668787	0.0334393
0.065369	0.0154076
0.0647408	0.00934453
0.0658487	0.00658487
0.0652937	0.00486671
0.06645	0.00387544
0.0650298	0.00307237
0.0644264	0.00253091
0.0635869	0.00211956
0.0633163	0.00182022
0.0621243	0.00156093
0.0626523	0.00139124
0.062448	0.00123714
0.061497	0.00109572
0.0614428	0.000991529
0.0609676	0.000896582
0.0612552	0.000825364
0.0606506	0.000752394
0.060641	0.000695599
0.0607338	0.00064669
0.0607339	0.000602419
0.0602825	0.000558794
0.0607299	0.000527628
0.0609052	0.000497289
0.0610787	0.000469836
0.0612823	0.000445128
0.0614328	0.000422241
0.0607331	0.000395775
0.0612041	0.000378844
0.0610796	0.000359728
0.0607001	0.000340689
0.0601388	0.000322156
0.0599998	0.000307195
0.0601342	0.000294655
0.0600148	0.000281788
0.0597289	0.000269049
0.0598898	0.000259101
0.0601566	0.000250223
0.0599098	0.000239831
0.0598651	0.000230866
0.060257	0.000224061
0.0605604	0.000217318
0.0606878	0.000210337
0.0602353	0.000201796
0.0599023	0.000194124
0.059739	0.000187405
0.0593882	0.000180472
0.0591094	0.000174117
0.0589672	0.000168478
0.0585521	0.000162363
0.0585343	0.000157624
0.0585799	0.000153275
0.058248	0.000148166
0.0582199	0.00014405
0.0583254	0.000140439
0.058508	0.000137166
0.0585692	0.000133753
0.0585835	0.00013038
0.0585058	0.000126947
0.0585843	0.000123987
0.058652	0.000121123
0.0586224	0.000118176
0.0585067	0.000115174
0.0585099	0.000112519
0.0583338	0.000109628
0.0583841	0.000107263
0.0584115	0.000104943
0.0584163	0.000102667
0.0584878	0.000100587
0.0583443	9.8218e-05
0.0583239	9.61358e-05
0.0581492	9.38761e-05
0.0583094	9.22244e-05
0.0583487	9.04386e-05
0.0584238	8.87658e-05
0.0584498	8.70735e-05
0.0584217	8.5356e-05
0.0584312	8.37472e-05
0.0585799	8.23844e-05
0.0584657	8.06995e-05
0.0585091	7.92806e-05
0.0583555	7.7642e-05
0.0583401	7.62341e-05
0.058412	7.49796e-05
0.0583218	7.35569e-05
0.0581959	7.21313e-05
0.0582696	7.09904e-05
0.0582984	6.98274e-05
0.0583981	6.87798e-05
0.0584135	6.76629e-05
0.0585563	6.67213e-05
0.0585264	6.56108e-05
0.0585187	6.45544e-05
0.0585767	6.35971e-05
0.0586056	6.26335e-05
0.0587384	6.18037e-05
0.0589022	6.10266e-05
0.0588688	6.00671e-05
0.079348	0
0.08075	0
0.0800653	0.0400327
0.079328	0.0186978
0.0774424	0.0111778
0.078706	0.0078706
0.0785486	0.00585466
0.0798985	0.00465978
0.0784693	0.00370733
0.0791388	0.00310887
0.0772018	0.00257339
0.0763453	0.00219477
0.0755231	0.00189759
0.0761263	0.00169044
0.0766627	0.00151874
0.075349	0.00134252
0.0753496	0.00121595
0.0745287	0.00109601
0.0749349	0.00100969
0.0740702	0.000918869
0.0735811	0.000844034
0.0736084	0.000783778
0.0736247	0.000730283
0.0732043	0.000678575
0.0733706	0.000637451
0.0735745	0.000600733
0.0734253	0.00056481
0.0739724	0.000537303
0.0738542	0.000507616
0.0730661	0.000476145
0.073611	0.00045564
0.0736234	0.000433604
0.0730499	0.000410005
0.0721544	0.000386521
0.0721137	0.000369217
0.0722093	0.000353823
0.0720861	0.000338466
0.0718777	0.000323773
0.0717176	0.000310271
0.0720642	0.000299753
0.0714853	0.00028617
0.0716787	0.000276424
0.0724428	0.000269373
0.0726183	0.000260587
0.0727855	0.000252266
0.0725292	0.000242982
0.0721758	0.000233899
0.0720474	0.000226017
0.0716647	0.000217779
0.0713468	0.000210164
0.071123	0.000203209
0.0708095	0.000196353
0.0707047	0.000190397
0.0707125	0.00018502
0.0703683	0.000178997
0.0704314	0.000174264
0.0706261	0.000170058
0.0707734	0.000165921
0.0707877	0.000161656
0.0706748	0.000157289
0.0705919	0.000153171
0.0706654	0.000149555
0.0706636	0.000145928
0.0706892	0.000142501
0.0706474	0.000139074
0.0705834	0.000135737
0.0705675	0.000132618
0.070768	0.000130014
0.0708501	0.00012729
0.0709046	0.000124615
0.0710132	0.000122128
0.0708474	0.000119266
0.0707872	0.000116679
0.0706611	0.000114075
0.0708044	0.000111987
0.0708118	0.000109756
0.0708746	0.000107683
0.0708789	0.000105589
0.0707781	0.000103409
0.0707964	0.00010147
0.0710332	9.98982e-05
0.070903	9.78666e-05
0.0710879	9.6325e-05
0.0709122	9.43487e-05
0.0709609	9.27258e-05
0.0710458	9.11969e-05
0.0709871	8.95306e-05
0.0708637	8.78326e-05
0.070929	8.64135e-05
0.0708815	8.48988e-05
0.0710135	8.36379e-05
0.0710826	8.23381e-05
0.0711908	8.11176e-05
0.0712083	7.98277e-05
0.0712198	7.85655e-05
0.071258	7.73653e-05
0.0712966	7.61966e-05
0.0713693	7.50938e-05
0.0716059	7.41885e-05
0.0715892	7.30465e-05
0.0864707	0
0.0923614	0
0.0943222	0.0471611
0.0936627	0.0220765
0.0927245	0.0133836
0.0953945	0.00953945
0.0963267	0.00717977
0.0968628	0.00564916
0.0954092	0.00450766
0.0957323	0.00376072
0.0939461	0.00313154
0.0930529	0.00267508
0.0923353	0.00232001
0.0928776	0.00206242
0.0930575	0.00184354
0.0912674	0.00162615
0.0910752	0.00146972
0.0907142	0.00133403
0.0907128	0.00122228
0.0893269	0.00110813
0.0889702	0.00102056
0.0886543	0.000943986
0.0889186	0.000881983
0.0882821	0.00081834
0.088502	0.000768915
0.088949	0.000726266
0.0885309	0.000681007
0.0892284	0.000648116
0.0890226	0.000611872
0.0887184	0.000578145
0.0892343	0.000552346
0.0893861	0.000526438
0.0887732	0.000498254
0.0875867	0.00046919
0.0875848	0.000448428
0.0879983	0.000431188
0.0878955	0.000412696
0.0876958	0.000395026
0.0877899	0.000379805
0.0884582	0.000367944
0.0877354	0.000351223
0.0879193	0.000339055
0.088826	0.000330293
0.0893313	0.000320561
0.0893016	0.000309508
0.0890836	0.000298441
0.0886782	0.000287377
0.0885731	0.000277859
0.0883936	0.000268615
0.088211	0.00025984
0.0878801	0.000251086
0.087508	0.000242657
0.0875186	0.000235674
0.0874688	0.000228863
0.087056	0.000221446
0.0871139	0.00021554
0.0873277	0.000210273
0.0875252	0.000205194
0.0874844	0.000199786
0.0872914	0.00019427
0.0870776	0.000188942
0.0871997	0.000184548
0.0872505	0.000180182
0.0872592	0.000175904
0.0873117	0.000171879
0.0873386	0.000167959
0.0872244	0.000163922
0.0874832	0.000160723
0.0876596	0.00015749
0.0879508	0.000154574
0.0880874	0.000151493
0.0879111	0.000147991
0.0875769	0.000144354
0.0873949	0.00014109
0.0873662	0.000138182
0.0873894	0.000135451
0.087394	0.000132781
0.0875554	0.000130432
0.0874329	0.000127742
0.0873785	0.000125236
0.0876255	0.000123233
0.0875798	0.000120885
0.0878414	0.000119026
0.087681	0.00011666
0.0877613	0.000114679
0.0878405	0.000112755
0.0877095	0.000110621
0.0876008	0.000108577
0.0876663	0.000106805
0.0875849	0.000104905
0.0875941	0.000103166
0.087655	0.000101535
0.0878893	0.000100145
0.0879225	9.8565e-05
0.0878968	9.69625e-05
0.0878579	9.53879e-05
0.0879578	9.4003e-05
0.0881175	9.2716e-05
0.0883425	9.15287e-05
0.0882561	9.00526e-05
0.0961008	0
0.112758	0
0.11924	0.0596201
0.122341	0.0288361
0.119483	0.0172458
0.121598	0.0121598
0.123241	0.00918586
0.122813	0.00716261
0.122463	0.00578584
0.12367	0.00485822
0.122198	0.00407325
0.119619	0.0034388
0.118364	0.002974
0.119403	0.00265144
0.118115	0.00233994
0.115794	0.00206314
0.115645	0.00186621
0.115275	0.00169522
0.115425	0.00155526
0.114406	0.00141925
0.113646	0.00130361
0.113984	0.0012137
0.114319	0.00113393
0.113958	0.00105635
0.114097	0.000991283
0.114154	0.000932065
0.113304	0.000871572
0.113795	0.000826559
0.113532	0.000780328
0.112812	0.000735151
0.11338	0.000701806
0.113315	0.000667369
0.112676	0.000632411
0.111677	0.000598237
0.112068	0.000573782
0.11226	0.00055007
0.112509	0.000528263
0.112846	0.000508316
0.11259	0.000487096
0.113057	0.000470263
0.112349	0.000449758
0.11245	0.000433655
0.113149	0.000420737
0.113481	0.000407222
0.113429	0.000393132
0.113109	0.000378929
0.112851	0.000365713
0.112684	0.000353498
0.112056	0.000340523
0.111958	0.000329792
0.111981	0.000319946
0.111681	0.000309689
0.112247	0.000302264
0.112425	0.000294161
0.111773	0.000284318
0.111669	0.000276294
0.111746	0.000269069
0.111976	0.000262517
0.112023	0.000255825
0.111559	0.000248279
0.111385	0.000241685
0.111363	0.000235687
0.111547	0.000230358
0.111517	0.000224805
0.111555	0.000219604
0.111132	0.000213715
0.110873	0.000208366
0.111259	0.000204404
0.111406	0.000200153
0.111742	0.000196387
0.11193	0.000192498
0.111525	0.000187743
0.111213	0.000183314
0.111095	0.000179352
0.111069	0.00017567
0.111049	0.000172123
0.111098	0.000168796
0.111286	0.000165784
0.11118	0.000162437
0.111293	0.000159513
0.111459	0.000156751
0.111418	0.000153789
0.111562	0.000151167
0.11145	0.000148285
0.111296	0.000145432
0.1114	0.000142997
0.111216	0.000140268
0.111039	0.000137628
0.111136	0.000135398
0.110918	0.000132852
0.110946	0.000130669
0.11086	0.000128414
0.11115	0.000126648
0.110931	0.000124359
0.110915	0.000122355
0.111024	0.000120539
0.111007	0.000118636
0.111139	0.000116939
0.111331	0.000115347
0.111307	0.000113573
0.135704	0
0.151078	0
0.160151	0.0800753
0.166279	0.0391923
0.159759	0.0230593
0.156232	0.0156232
0.157735	0.0117569
0.15733	0.00917567
0.159113	0.0075174
0.15887	0.00624102
0.158208	0.0052736
0.153595	0.00441556
0.151587	0.00380878
0.150405	0.00333985
0.149735	0.00296637
0.148255	0.00264153
0.148742	0.00240032
0.147909	0.00217513
0.14743	0.0019865
0.146212	0.00181382
0.145122	0.00166466
0.145607	0.00155041
0.146217	0.00145033
0.144873	0.00134292
0.145617	0.00126514
0.145936	0.00119156
0.145681	0.00112062
0.146138	0.00106148
0.146108	0.00100423
0.145875	0.000950612
0.146621	0.00090756
0.146767	0.000864385
0.146082	0.000819909
0.144467	0.000773891
0.144989	0.000742336
0.145278	0.000711855
0.145876	0.000684932
0.146432	0.000659602
0.146244	0.000632695
0.14717	0.000612158
0.146619	0.000586944
0.14691	0.000566549
0.147521	0.000548544
0.147576	0.000529569
0.147564	0.00051144
0.147375	0.000493724
0.146935	0.000476169
0.146468	0.00045948
0.145975	0.000443596
0.145864	0.000429667
0.146007	0.000417162
0.145606	0.000403761
0.145892	0.000392864
0.145931	0.00038183
0.145365	0.000369767
0.145413	0.000359786
0.145264	0.000349776
0.145668	0.000341505
0.145702	0.000332736
0.14551	0.000323836
0.145557	0.000315832
0.145468	0.000307867
0.145584	0.000300648
0.145671	0.000293655
0.1454	0.000286228
0.14516	0.000279153
0.144654	0.00027185
0.145117	0.000266607
0.144819	0.000260183
0.144949	0.000254749
0.145181	0.000249682
0.144668	0.000243538
0.144443	0.000238086
0.144221	0.00023283
0.14421	0.000228088
0.144409	0.000223829
0.144271	0.000219198
0.144435	0.000215167
0.144292	0.000210815
0.144452	0.000207038
0.144644	0.000203421
0.144703	0.000199732
0.144878	0.000196311
0.144813	0.000192674
0.144612	0.000188967
0.14498	0.000186102
0.144575	0.000182342
0.144382	0.000178956
0.144466	0.000176005
0.144011	0.00017249
0.144155	0.000169782
0.14406	0.000166871
0.144693	0.000164869
0.144323	0.000161793
0.144551	0.00015946
0.144638	0.000157035
0.144698	0.000154642
0.144845	0.000152403
0.145267	0.000150506
0.145186	0.000148141
0.180908	0
0.199958	0
0.21702	0.10851
0.229364	0.0540616
0.224914	0.0324636
0.220476	0.0220476
0.221241	0.0164903
0.224069	0.013068
0.225076	0.0106339
0.223668	0.00878652
0.217322	0.00724406
0.210577	0.00605366
0.208845	0.00524743
0.206597	0.00458764
0.206647	0.00409383
0.204093	0.00363641
0.203389	0.00328218
0.201982	0.00297033
0.201987	0.00272162
0.199891	0.00247972
0.198552	0.00227754
0.197758	0.00210572
0.197685	0.00196084
0.195626	0.00181338
0.195956	0.00170249
0.196972	0.00160827
0.196906	0.00151466
0.197805	0.00143677
0.197268	0.00135586
0.196251	0.00127889
0.197632	0.00122331
0.197219	0.00116152
0.197784	0.0011101
0.19626	0.00105134
0.197147	0.00100938
0.19713	0.00096593
0.197864	0.000929031
0.198522	0.000894242
0.199069	0.000861231
0.200679	0.000834728
0.199704	0.000799455
0.199805	0.000770537
0.201065	0.000747643
0.200505	0.000719503
0.200277	0.000694134
0.199942	0.000669831
0.199604	0.000646852
0.198485	0.000622659
0.198187	0.00060226
0.198397	0.000584412
0.198313	0.000566608
0.19777	0.00054841
0.198819	0.000535389
0.198677	0.000519841
0.198052	0.000503787
0.198084	0.000490107
0.197819	0.000476319
0.197919	0.000464
0.198007	0.000452184
0.197896	0.000440424
0.197761	0.000429104
0.197919	0.000418873
0.198107	0.000409112
0.198572	0.000400296
0.198548	0.000390854
0.198607	0.000381937
0.198642	0.000373311
0.199404	0.000366343
0.199042	0.000357601
0.199358	0.000350372
0.19951	0.000343116
0.198789	0.000334646
0.198574	0.000327312
0.198569	0.00032057
0.198935	0.000314643
0.199042	0.000308509
0.198856	0.000302131
0.198896	0.000296298
0.19892	0.000290629
0.19929	0.000285635
0.199515	0.00028059
0.199128	0.000274854
0.199244	0.000269978
0.198911	0.000264652
0.198816	0.000259797
0.198992	0.000255433
0.198925	0.000250889
0.199061	0.000246727
0.19852	0.000241859
0.198219	0.000237418
0.198292	0.000233543
0.198172	0.000229552
0.198726	0.000226436
0.198078	0.000222054
0.198553	0.000219031
0.198492	0.000215504
0.198319	0.000211949
0.198423	0.000208778
0.198924	0.000206099
0.198697	0.000202742
0.27942	0
0.297456	0
0.298679	0.149339
0.320526	0.0755487
0.31975	0.046152
0.321679	0.0321679
0.325718	0.0242776
0.329049	0.0191905
0.322059	0.0152158
0.314597	0.0123585
0.314445	0.0104815
0.312526	0.00898448
0.310724	0.00780723
0.309075	0.00686324
0.307677	0.0060953
0.302771	0.00539459
0.300728	0.00485298
0.29703	0.00436809
0.294959	0.00397433
0.291311	0.00361382
0.290052	0.00332712
0.290902	0.00309751
0.292174	0.00289807
0.28976	0.00268596
0.288773	0.00250889
0.290547	0.00237231
0.289161	0.00222431
0.289348	0.0021017
0.287418	0.00197549
0.287026	0.00187044
0.288098	0.00178328
0.287062	0.00169065
0.287534	0.00161383
0.285664	0.00153026
0.286025	0.00146443
0.286005	0.00140142
0.286696	0.00134612
0.286303	0.00128965
0.285796	0.00123643
0.28776	0.00119695
0.286061	0.00114516
0.286443	0.00110465
0.288174	0.00107155
0.288417	0.00103497
0.288825	0.00100103
0.287784	0.000964113
0.287125	0.000930478
0.286545	0.000898909
0.285646	0.000868036
0.286441	0.000843759
0.285273	0.000815066
0.285381	0.000791353
0.286126	0.000770492
0.285769	0.000747718
0.285677	0.000726679
0.285398	0.000706141
0.285204	0.00068673
0.285413	0.000669122
0.285726	0.000652506
0.285411	0.000635193
0.285301	0.000619051
0.28589	0.000605054
0.286201	0.000591037
0.286805	0.000578163
0.286463	0.000563921
0.286499	0.000550959
0.286476	0.000538378
0.28622	0.000525839
0.286278	0.000514329
0.287131	0.000504634
0.286967	0.000493525
0.285981	0.000481426
0.285664	0.000470863
0.285752	0.000461318
0.286146	0.00045258
0.286044	0.000443359
0.285949	0.000434455
0.286545	0.000426869
0.286887	0.000419151
0.287769	0.000412448
0.287679	0.00040458
0.287471	0.000396793
0.287835	0.00039002
0.287598	0.00038265
0.287612	0.000375827
0.287643	0.000369229
0.287389	0.000362461
0.287199	0.000355971
0.286681	0.000349266
0.286243	0.00034285
0.286817	0.000337806
0.287108	0.00033257
0.287699	0.000327815
0.286845	0.000321566
0.287283	0.000316913
0.286833	0.000311416
0.286827	0.00030654
0.286627	0.000301585
0.287346	0.00029771
0.286654	0.000292489
0.380148	0
0.413464	0
0.419637	0.209819
0.44949	0.105946
0.449	0.0648076
0.466508	0.0466508
0.473794	0.0353145
0.477361	0.0278403
0.470584	0.022233
0.46672	0.0183345
0.470039	0.015668
0.468928	0.0134807
0.468065	0.0117606
0.461995	0.0102589
0.466533	0.00924235
0.464608	0.00827811
0.463028	0.00747208
0.459864	0.0067627
0.457321	0.00616204
0.454295	0.0056357
0.451832	0.00518287
0.453955	0.00483369
0.45244	0.00448775
0.448913	0.00416124
0.448157	0.00389364
0.448051	0.00365832
0.449708	0.00345929
0.448696	0.00325913
0.447354	0.00307476
0.44707	0.00291339
0.447299	0.00276871
0.445943	0.00262638
0.446862	0.00250809
0.445555	0.00238678
0.445687	0.00228189
0.445777	0.00218429
0.446888	0.00209827
0.444585	0.00200263
0.44572	0.00192831
0.447652	0.00186202
0.44381	0.00177666
0.444181	0.00171296
0.444529	0.00165295
0.444984	0.0015968
0.444019	0.00153891
0.444024	0.00148754
0.442159	0.0014329
0.44032	0.00138131
0.439814	0.00133653
0.439784	0.00129545
0.439522	0.00125578
0.439052	0.00121748
0.439848	0.00118444
0.437788	0.00114548
0.43758	0.00111308
0.437528	0.00108255
0.436381	0.00105074
0.436577	0.00102351
0.437048	0.000998076
0.437635	0.000973971
0.438496	0.000951456
0.438716	0.000928491
0.439437	0.000907486
0.440099	0.000887185
0.439343	0.000864875
0.439427	0.000845052
0.439224	0.000825439
0.439277	0.000807033
0.439629	0.000789842
0.440503	0.000774186
0.439581	0.000755991
0.438545	0.000738256
0.438265	0.000722396
0.439717	0.000709879
0.439487	0.000695109
0.439545	0.000681281
0.439874	0.000668319
0.440167	0.000655723
0.440499	0.000643584
0.440833	0.000631829
0.441752	0.000621262
0.441407	0.000609269
0.441678	0.000598479
0.441595	0.000587542
0.441284	0.000576634
0.441601	0.000566855
0.441127	0.000556359
0.441159	0.000546798
0.441189	0.000537504
0.440986	0.000528194
0.440633	0.000518966
0.440878	0.000510688
0.441391	0.000502939
0.439724	0.000492951
0.44006	0.000485448
0.439457	0.000477122
0.439267	0.000469457
0.43912	0.000462036
0.440023	0.000455894
0.439822	0.000448775
0.657284	0
0.676748	0
0.683269	0.341635
0.677988	0.159803
0.669912	0.0966935
0.691269	0.0691269
0.689721	0.0514087
0.70355	0.0410318
0.710119	0.03355
0.701118	0.0275425
0.701715	0.0233905
0.686239	0.019728
0.680817	0.0171062
0.685729	0.0152272
0.686787	0.0136057
0.681687	0.0121459
0.677307	0.01093
0.679763	0.00999652
0.671512	0.00904809
0.665918	0.00826097
0.6694	0.00767855
0.672279	0.00715839
0.674829	0.00669363
0.669314	0.00620427
0.66848	0.00580782
0.672049	0.00548726
0.669419	0.00514938
0.669136	0.00486031
0.669407	0.00460098
0.672628	0.00438327
0.67537	0.00418044
0.678744	0.00399745
0.682841	0.00383256
0.676829	0.00362568
0.675623	0.00345914
0.673595	0.00330059
0.672586	0.00315799
0.672126	0.00302759
0.671005	0.00290296
0.672335	0.00279659
0.669027	0.00267825
0.667263	0.00257326
0.670067	0.00249159
0.669594	0.00240281
0.671341	0.00232679
0.674308	0.00225902
0.672008	0.00217776
0.669843	0.00210134
0.670331	0.00203704
0.669993	0.00197358
0.670489	0.00191568
0.669302	0.00185595
0.670292	0.00180499
0.670523	0.00175443
0.67057	0.00170574
0.669417	0.00165629
0.669801	0.00161278
0.669851	0.0015704
0.670039	0.00153015
0.670171	0.00149149
0.671477	0.00145698
0.672465	0.00142319
0.672267	0.00138831
0.673458	0.00135761
0.671049	0.001321
0.671955	0.00129222
0.671893	0.0012627
0.671067	0.00123287
0.672097	0.0012075
0.673121	0.00118301
0.67327	0.00115789
0.67165	0.00113067
0.671556	0.00110693
0.672663	0.00108595
0.672597	0.0010638
0.672864	0.00104292
0.674287	0.00102447
0.675315	0.00100602
0.674579	0.000985582
0.674043	0.00096608
0.674205	0.000948175
0.672889	0.000928781
0.673156	0.000912135
0.674122	0.000896919
0.674019	0.000880752
0.675473	0.000867061
0.676085	0.000852695
0.675814	0.000837642
0.677329	0.000825197
0.678043	0.000812131
0.677441	0.000797874
0.678083	0.000785453
0.678706	0.000773345
0.678283	0.000760386
0.677947	0.000747871
0.678166	0.000736289
0.679074	0.000725745
0.67877	0.000714192
0.678135	0.000702593
0.678004	0.000691805
0.966736	0
0.93594	0
0.946905	0.473453
0.948123	0.223475
0.920433	0.132853
0.919381	0.0919381
0.925238	0.0689632
0.927106	0.0540699
0.931557	0.0440119
0.929318	0.0365071
0.929416	0.0309805
0.907629	0.0260925
0.901942	0.0226621
0.904101	0.0200763
0.908003	0.0179882
0.904838	0.0161219
0.904923	0.0146031
0.903891	0.0132925
0.883653	0.0119065
0.883084	0.010955
0.883583	0.0101354
0.887896	0.00945426
0.888869	0.00881669
0.886662	0.008219
0.888403	0.00771854
0.889945	0.00726637
0.891462	0.0068574
0.892916	0.00648575
0.888419	0.0061063
0.889586	0.0057971
0.890295	0.00551079
0.892646	0.00525723
0.89455	0.00502081
0.89035	0.00476949
0.891405	0.00456393
0.88707	0.00434661
0.888512	0.00417183
0.889107	0.00400499
0.889913	0.00385002
0.8908	0.0037053
0.891814	0.00357011
0.891162	0.00343671
0.892774	0.00331971
0.892844	0.00320393
0.892802	0.00309434
0.894826	0.00299778
0.893933	0.00289695
0.893924	0.0028043
0.894581	0.0027185
0.893284	0.00263132
0.893871	0.00255392
0.892983	0.00247621
0.892671	0.00240383
0.892321	0.00233477
0.891947	0.00226886
0.891806	0.00220654
0.891384	0.00214632
0.891648	0.00209038
0.890262	0.00203307
0.890425	0.00198167
0.890413	0.00193203
0.891267	0.00188626
0.891429	0.0018409
0.891787	0.00179773
0.890074	0.00175217
0.890374	0.00171226
0.890646	0.0016738
0.889885	0.00163489
0.890886	0.00160058
0.89174	0.00156724
0.889787	0.00153025
0.887318	0.00149373
0.88773	0.00146325
0.888703	0.00143472
0.889632	0.00140708
0.889555	0.00137878
0.890625	0.00135316
0.891291	0.00132777
0.890608	0.00130121
0.891395	0.0012776
0.891927	0.00125437
0.891177	0.00123008
0.891947	0.0012086
0.892939	0.00118805
0.893523	0.00116758
0.894393	0.00114807
0.895034	0.00112884
0.895398	0.00110981
0.895817	0.00109138
0.89598	0.00107317
0.895828	0.00105508
0.896214	0.00103812
0.896625	0.00102165
0.896793	0.00100535
0.897536	0.000990108
0.897626	0.000974558
0.898075	0.000959797
0.898335	0.000945216
0.898756	0.000931172
0.89644	0.000914688
