0.000979804	0
0.000349902	0
-0.000420065	0.000210033
0.000585951	0.00013811
0.000927961	0.00013394
0.000673967	6.73967e-05
-0.000490314	3.65458e-05
-0.00107352	6.26092e-05
-0.0008818	4.16611e-05
-0.00042842	1.68299e-05
-0.000256745	8.55817e-06
-0.00066535	1.91275e-05
-0.00107817	2.709e-05
-0.000701157	1.55697e-05
-0.000350146	6.93665e-06
0.000314488	5.60336e-06
0.000599283	9.67088e-06
5.77669e-05	8.49513e-07
-2.90629e-05	3.916e-07
7.77902e-05	9.65017e-07
0.000387229	4.44182e-06
0.000501809	5.34324e-06
0.000476861	4.72998e-06
0.000303992	2.81788e-06
0.000398072	3.45849e-06
0.000186454	1.52239e-06
0.000152733	1.17487e-06
9.05644e-05	6.5782e-07
-2.22137e-05	1.52679e-07
0.00011626	7.57624e-07
-9.30386e-05	5.75894e-07
-5.38112e-06	3.16921e-08
-0.000278794	1.56478e-06
-8.40058e-05	4.50008e-07
-9.21199e-05	4.71647e-07
-0.000277117	1.35786e-06
-0.000408222	1.91672e-06
-0.000404847	1.82364e-06
-0.000360826	1.56104e-06
-0.000395405	1.6447e-06
-0.000649858	2.60152e-06
-0.000698005	2.69181e-06
-0.000544005	2.02284e-06
-0.000605823	2.17396e-06
-0.000765693	2.6538e-06
-0.000839917	2.81383e-06
-0.000868515	2.81458e-06
-0.000822004	2.57868e-06
-0.000973392	2.958e-06
-0.000825044	2.4303e-06
-0.000821416	2.3469e-06
-0.000832465	2.3084e-06
-0.000711702	1.9165e-06
-0.000734744	1.92247e-06
-0.000756876	1.92528e-06
-0.000915289	2.26464e-06
-0.000916214	2.20611e-06
-0.000805038	1.88733e-06
-0.000913698	2.08659e-06
-0.00100794	2.2432e-06
-0.000972921	2.11106e-06
-0.00095581	2.02286e-06
-0.00102045	2.10734e-06
-0.00108219	2.18156e-06
-0.00114954	2.26295e-06
-0.00134685	2.5901e-06
-0.00114842	2.15824e-06
-0.00118465	2.17642e-06
-0.00112539	2.02189e-06
-0.00109063	1.91679e-06
-0.00102355	1.7603e-06
-0.000880336	1.48198e-06
-0.000915071	1.50832e-06
-0.00075384	1.217e-06
-0.000777976	1.23048e-06
-0.00071716	1.11158e-06
-0.000707795	1.07538e-06
-0.000677028	1.00858e-06
-0.000717927	1.04891e-06
-0.000606352	8.69062e-07
-0.000628743	8.84239e-07
-0.00061849	8.53695e-07
-0.000571376	7.74222e-07
-0.000556764	7.40775e-07
-0.000573085	7.4886e-07
-0.000695351	8.92577e-07
-0.000826715	1.04267e-06
-0.000703729	8.72243e-07
-0.000618429	7.53438e-07
-0.000518847	6.21452e-07
-0.000577101	6.79695e-07
-0.000582611	6.74863e-07
-0.000561292	6.39559e-07
-0.000572385	6.4167e-07
-0.000502781	5.54638e-07
-0.00052046	5.65067e-07
-0.000546641	5.8421e-07
-0.000507635	5.34126e-07
-0.000607962	6.29889e-07
-0.000626002	6.38745e-07
-0.002988	0
-0.00261	0
-0.000438667	0.000219333
-0.001255	0.000295806
-0.00212	0.000305996
-0.00136933	0.000136933
0.00056	4.17399e-05
0.0011595	6.76234e-05
0.000929778	4.39279e-05
9e-05	3.53553e-06
-0.000223636	7.45455e-06
0.000197667	5.68252e-06
0.000442769	1.1125e-05
0.000287429	6.38258e-06
-2.18667e-05	4.33194e-07
-0.00083	1.47885e-05
-0.000904706	1.45996e-05
-0.000558222	8.20915e-06
-0.000245895	3.31324e-06
-0.000245	3.03932e-06
-0.00051981	5.96262e-06
-0.000747818	7.96273e-06
-0.000602783	5.979e-06
-0.000472667	4.38143e-06
-0.00053504	4.64848e-06
-0.000453231	3.70061e-06
-0.00024	1.84615e-06
-0.000243286	1.76712e-06
-0.000176	1.20969e-06
-0.0001104	7.19436e-07
-0.000140258	8.68176e-07
-7.1375e-05	4.20362e-07
0.00011697	6.56512e-07
3.28235e-05	1.75831e-07
1.65714e-05	8.48446e-08
0.00015	7.34994e-07
0.000319459	1.49996e-06
0.000293368	1.32148e-06
0.000419385	1.81438e-06
0.0003525	1.46623e-06
0.000577756	2.31288e-06
0.000648571	2.50117e-06
0.000551628	2.05119e-06
0.000490091	1.75867e-06
0.000608711	2.10972e-06
0.000783565	2.62504e-06
0.000801957	2.59889e-06
0.000683917	2.14549e-06
0.000865796	2.63103e-06
0.00070984	2.09095e-06
0.000738196	2.10913e-06
0.000734692	2.03728e-06
0.000688075	1.85288e-06
0.00070963	1.85675e-06
0.000647709	1.64759e-06
0.000803357	1.98769e-06
0.000808491	1.94673e-06
0.000694345	1.62782e-06
0.000801424	1.83019e-06
0.0009764	2.17301e-06
0.000996459	2.16213e-06
0.000884129	1.87116e-06
0.000941206	1.9437e-06
0.000980125	1.97581e-06
0.00102757	2.02284e-06
0.00120121	2.31002e-06
0.0011683	2.1956e-06
0.00110688	2.03355e-06
0.00103275	1.85545e-06
0.00105149	1.84799e-06
0.000864732	1.48716e-06
0.000783333	1.31868e-06
0.000755562	1.2454e-06
0.000601297	9.70734e-07
0.000614293	9.71589e-07
0.000528684	8.19444e-07
0.000544571	8.27391e-07
0.00050841	7.57385e-07
0.000532203	7.77565e-07
0.0004513	6.46831e-07
0.000469432	6.6019e-07
0.000514146	7.0967e-07
0.000448337	6.07503e-07
0.000425762	5.66476e-07
0.000423812	5.53802e-07
0.000517349	6.64087e-07
0.000681839	8.59952e-07
0.000562409	6.97082e-07
0.000527416	6.42556e-07
0.000459733	5.50649e-07
0.000499473	5.88266e-07
0.000423	4.89979e-07
0.000434839	4.95473e-07
0.000474043	5.31423e-07
0.000416379	4.59324e-07
0.000414875	4.50433e-07
0.000446144	4.76807e-07
0.000373673	3.93174e-07
0.000466303	4.83121e-07
0.00051212	5.22545e-07
0.005544	0
0.007066	0
0.00693867	0.00346933
0.006874	0.00162022
0.004296	0.000620074
0.000880667	8.80667e-05
-0.000216	1.60997e-05
-0.000629	3.6684e-05
-0.00132578	6.26371e-05
-0.001362	5.35044e-05
-0.000668	2.22667e-05
0.000529	1.52077e-05
0.000497538	1.25011e-05
0.00117686	2.6133e-05
0.000882933	1.74915e-05
0.0003105	5.53231e-06
-0.000174118	2.80981e-06
3.68889e-05	5.42484e-07
-0.000207789	2.7998e-06
-0.0005602	6.9495e-06
2.32381e-05	2.66559e-07
0.000108364	1.15385e-06
-0.000111826	1.1092e-06
5.88333e-05	5.45361e-07
4.64e-05	4.03128e-07
9.61538e-05	7.85093e-07
-0.000151407	1.16467e-06
-0.000219571	1.59487e-06
-0.000136414	9.37602e-07
-0.000284267	1.85246e-06
-0.000384258	2.3785e-06
-0.00031325	1.84488e-06
-0.000399636	2.24303e-06
-0.000535059	2.86624e-06
-0.000455771	2.33352e-06
-0.000420667	2.06125e-06
-0.000619784	2.91007e-06
-0.000631263	2.84353e-06
-0.000642154	2.77814e-06
-0.0007845	3.26315e-06
-0.00069278	2.77334e-06
-0.000632857	2.44057e-06
-0.000645395	2.39985e-06
-0.000560727	2.01214e-06
-0.000514311	1.78254e-06
-0.000617652	2.06921e-06
-0.000663319	2.1496e-06
-0.00086725	2.72062e-06
-0.000590694	1.79503e-06
-0.00055408	1.63213e-06
-0.000488471	1.39563e-06
-0.000456077	1.26469e-06
-0.000502943	1.35435e-06
-0.000532963	1.3945e-06
-0.000402545	1.02396e-06
-0.000463357	1.14645e-06
-0.000178175	4.29021e-07
-8.7931e-05	2.06145e-07
-0.000147322	3.36436e-07
-0.000245133	5.45552e-07
-0.000356262	7.73023e-07
-0.000475484	1.00631e-06
-0.00036927	7.62583e-07
-0.000328437	6.62089e-07
-0.000470154	9.25528e-07
-0.000662545	1.27413e-06
-0.000763642	1.43512e-06
-0.000731588	1.34406e-06
-0.000571188	1.0262e-06
-0.000283657	4.98529e-07
-0.000370648	6.37439e-07
-0.000413	6.95253e-07
-0.000400986	6.60949e-07
-0.000250486	4.04385e-07
-0.00027808	4.39822e-07
-0.000307474	4.76575e-07
-0.000305558	4.64248e-07
-0.000220462	3.28424e-07
-0.000243392	3.55604e-07
-0.0002368	3.39396e-07
-0.000261086	3.67181e-07
-0.000223854	3.08983e-07
-8.83373e-05	1.19698e-07
-0.000102952	1.36978e-07
-4.22588e-05	5.52203e-08
-1.02326e-05	1.31349e-08
-6.93333e-05	8.74448e-08
-0.000146136	1.8113e-07
-0.000244854	2.98308e-07
-0.000323244	3.87168e-07
-0.000265978	3.13262e-07
-0.000220696	2.55641e-07
-0.000270624	3.08359e-07
-0.000331957	3.72139e-07
-0.000366695	4.04516e-07
-0.000434333	4.71559e-07
-0.000403546	4.31281e-07
-0.000359551	3.78315e-07
-0.000298747	3.09523e-07
-0.00014384	1.46768e-07
0.001696	0
-0.002164	0
0.000381333	0.000190667
-0.000342	8.06102e-05
-0.0009064	0.000130828
-0.000537333	5.37333e-05
-0.000957714	7.13838e-05
-0.0018715	0.000109148
-0.001128	5.3293e-05
-0.0007692	3.0217e-05
-0.000727273	2.42424e-05
-0.000599	1.722e-05
-0.000691385	1.73717e-05
-0.000246857	5.48166e-06
0.000739467	1.46494e-05
0.0005555	9.89757e-06
0.000566588	9.14328e-06
0.000542	7.97059e-06
0.000814737	1.09779e-05
0.0009138	1.1336e-05
0.000668	7.66249e-06
0.000341273	3.63385e-06
-0.000194087	1.92515e-06
-0.000355833	3.29843e-06
-0.00049664	4.31486e-06
-0.000145538	1.18832e-06
-0.000477481	3.67293e-06
1.48571e-05	1.07916e-07
4.82759e-06	3.3181e-08
-0.000159733	1.04092e-06
-0.000415871	2.57418e-06
-0.00073675	4.33908e-06
-0.000740606	4.15677e-06
-0.000984588	5.27431e-06
-0.0009224	4.72262e-06
-0.000954111	4.67511e-06
-0.00108724	5.10493e-06
-0.00117547	5.29493e-06
-0.000977026	4.2269e-06
-0.0009739	4.05096e-06
-0.000830341	3.32403e-06
-0.000917714	3.53911e-06
-0.000948837	3.52818e-06
-0.000907091	3.25505e-06
-0.000809422	2.80536e-06
-0.00125652	4.20951e-06
-0.00117881	3.82014e-06
-0.00110667	3.47168e-06
-0.000857143	2.60473e-06
-0.00061464	1.81052e-06
-0.000578196	1.65199e-06
-0.000697154	1.93319e-06
-0.000802189	2.16017e-06
-0.000878444	2.29846e-06
-0.000956582	2.43327e-06
-0.000975571	2.41379e-06
-0.000989474	2.38251e-06
-0.000903724	2.11869e-06
-0.00108149	2.46978e-06
-0.000961067	2.13889e-06
-0.000884393	1.91897e-06
-0.00109019	2.30727e-06
-0.00114673	2.36813e-06
-0.00128238	2.58511e-06
-0.00128486	2.52933e-06
-0.00134515	2.58683e-06
-0.00141612	2.66133e-06
-0.00146329	2.68834e-06
-0.00156116	2.80479e-06
-0.00155474	2.73247e-06
-0.00154614	2.65905e-06
-0.00156928	2.64175e-06
-0.00161096	2.65536e-06
-0.00150568	2.43076e-06
-0.00154651	2.44601e-06
-0.00148895	2.30782e-06
-0.00146312	2.22298e-06
-0.00144041	2.1458e-06
-0.00146886	2.14605e-06
-0.0015284	2.1906e-06
-0.001584	2.22767e-06
-0.00167863	2.317e-06
-0.00149802	2.02984e-06
-0.00152962	2.03516e-06
-0.00164301	2.14695e-06
-0.00167888	2.15507e-06
-0.00161931	2.04231e-06
-0.00160827	1.99339e-06
-0.0015093	1.8388e-06
-0.00136058	1.62964e-06
-0.00137108	1.61482e-06
-0.00127978	1.48243e-06
-0.00126989	1.44697e-06
-0.00117464	1.31682e-06
-0.0010688	1.17904e-06
-0.00114	1.23771e-06
-0.00114928	1.22827e-06
-0.00108433	1.14091e-06
-0.00105636	1.09446e-06
-0.00095908	9.78603e-07
-0.00168766	0
-0.00184383	0
-0.00271855	0.00135928
-0.000310916	7.32835e-05
-0.000783932	0.000113151
-0.00068061	6.8061e-05
-0.000361666	2.6957e-05
-0.00145146	8.46507e-05
-0.000367962	1.73846e-05
0.000692834	2.72171e-05
0.00013094	4.36466e-06
0.000499028	1.43461e-05
0.000336949	8.46616e-06
-0.00059769	1.32722e-05
-0.000236777	4.69073e-06
0.000192521	3.43023e-06
0.000380961	6.14773e-06
-0.000155759	2.29057e-06
-4.12454e-05	5.55749e-07
-0.000379383	4.70639e-06
2.06549e-07	2.36928e-09
-0.000174712	1.86032e-06
-0.000145724	1.44544e-06
0.000166181	1.54043e-06
0.000154094	1.33878e-06
2.55514e-05	2.08627e-07
-7.37653e-05	5.67425e-07
0.000110583	8.0323e-07
-0.000103988	7.14735e-07
-0.000217589	1.41795e-06
0.000243753	1.50879e-06
0.000226886	1.33624e-06
0.000367889	2.06484e-06
0.000352598	1.88882e-06
0.000524581	2.68582e-06
0.000958565	4.69693e-06
0.000991036	4.65321e-06
0.000747588	3.36751e-06
0.00059806	2.58738e-06
0.000520008	2.16299e-06
0.00043152	1.72746e-06
0.000183627	7.08146e-07
-6.81782e-05	2.53515e-07
0.000182917	6.56388e-07
0.000122763	4.25482e-07
0.000190355	6.37714e-07
0.000227752	7.38071e-07
0.00031484	9.87674e-07
0.000443435	1.34754e-06
0.000391767	1.15401e-06
0.000377811	1.07946e-06
0.00034416	9.54346e-07
0.000372157	1.00216e-06
0.000437266	1.14411e-06
0.000451061	1.14737e-06
0.000356077	8.81018e-07
0.000412988	9.94417e-07
0.000539247	1.26421e-06
0.000631124	1.44128e-06
0.000586672	1.30566e-06
0.000479153	1.03967e-06
0.000376393	7.96591e-07
0.000492894	1.01788e-06
0.000417005	8.40631e-07
0.000484374	9.53523e-07
0.000615763	1.18416e-06
0.000581617	1.09304e-06
0.000570417	1.04796e-06
0.00061844	1.11109e-06
0.000617433	1.08514e-06
0.000663216	1.1406e-06
0.00066656	1.1221e-06
0.000798251	1.31576e-06
0.000765896	1.23646e-06
0.000743205	1.17548e-06
0.000755847	1.17154e-06
0.000802342	1.21903e-06
0.000893338	1.33082e-06
0.000752561	1.09952e-06
0.000684554	9.81146e-07
0.000688942	9.68901e-07
0.00058376	8.05758e-07
0.000555522	7.5274e-07
0.000597623	7.95138e-07
0.000477933	6.24524e-07
0.000316841	4.06708e-07
0.000374579	4.72427e-07
0.000356504	4.41871e-07
0.000310116	3.77818e-07
0.000315204	3.77537e-07
0.000270641	3.18754e-07
0.000170482	1.97477e-07
9.3294e-05	1.06303e-07
0.000191578	2.14768e-07
0.000197435	2.17799e-07
0.000182587	1.98236e-07
0.000295344	3.15642e-07
0.000311554	3.27813e-07
0.000225014	2.33129e-07
0.000157203	1.60403e-07
-0.002016	0
-0.00837	0
-0.005924	0.002962
-0.003464	0.000816473
-0.0028392	0.000409803
-0.004116	0.0004116
-0.00205829	0.000153416
-0.0021505	0.00012542
-0.00158311	7.4795e-05
-0.0003252	1.27751e-05
-0.000398909	1.3297e-05
-0.000800667	2.30175e-05
-0.000769231	1.93277e-05
-0.000999429	2.21931e-05
-0.000761867	1.50931e-05
-0.00034975	6.23164e-06
-0.000672706	1.08557e-05
-3.6e-05	5.29412e-07
-6.29474e-05	8.48166e-07
-6.2e-06	7.69134e-08
-0.000442095	5.07118e-06
-0.000829091	8.82811e-06
-0.00111739	1.10834e-05
-0.00135133	1.25263e-05
-0.00154352	1.34103e-05
-0.00196769	1.60661e-05
-0.00163037	1.25413e-05
-0.00166186	1.2071e-05
-0.00141903	9.75333e-06
-0.00162973	1.06204e-05
-0.00146013	9.03797e-06
-0.0015255	8.98442e-06
-0.00106376	5.97052e-06
-0.000914706	4.89996e-06
-0.000720686	3.68986e-06
-0.000645111	3.16102e-06
-0.000397189	1.86492e-06
-0.000586	2.63964e-06
-0.000450667	1.94971e-06
-0.00016	6.65524e-07
-0.000375805	1.50442e-06
-0.000458476	1.76808e-06
-0.000474512	1.76443e-06
-0.000665818	2.38926e-06
-0.000801067	2.7764e-06
-0.000726435	2.43365e-06
-0.000931404	3.01838e-06
-0.000955167	2.99642e-06
-0.000834612	2.53626e-06
-0.0008888	2.61811e-06
-0.000573882	1.63966e-06
-0.000685308	1.90034e-06
-0.000782113	2.10611e-06
-0.000912519	2.38761e-06
-0.000916364	2.33097e-06
-0.000843786	2.08772e-06
-0.000688351	1.65745e-06
-0.000731655	1.71529e-06
-0.000676678	1.54531e-06
-0.000706933	1.5733e-06
-0.000614164	1.33262e-06
-0.000638452	1.35121e-06
-0.000718095	1.48295e-06
-0.000714375	1.44009e-06
-0.000661169	1.30155e-06
-0.000729515	1.40291e-06
-0.000599164	1.12602e-06
-0.000518412	9.52419e-07
-0.000507536	9.11844e-07
-0.0005548	9.75064e-07
-0.000458423	7.88394e-07
-0.000464389	7.81762e-07
-0.000413151	6.81e-07
-0.000385676	6.22634e-07
-0.000273547	4.32652e-07
-0.000129053	2.00028e-07
-0.000210701	3.20128e-07
-0.000233026	3.47141e-07
-0.000194532	2.84217e-07
-0.00017455	2.50176e-07
-0.000100642	1.41539e-07
-0.000165024	2.27781e-07
-8.64578e-05	1.17152e-07
-0.000278905	3.71083e-07
-0.000464706	6.07239e-07
-0.000563674	7.23552e-07
-0.000580828	7.32553e-07
-0.000541045	6.70603e-07
-0.000616719	7.51355e-07
-0.000649778	7.78276e-07
-0.000624659	7.35708e-07
-0.000589522	6.82869e-07
-0.000542925	6.1863e-07
-0.00053983	6.05174e-07
-0.000526905	5.8125e-07
-0.000463917	5.03677e-07
-0.000399753	4.27227e-07
-0.000491551	5.17203e-07
-0.000543232	5.62825e-07
-0.0005364	5.47319e-07
0.011216	0
0.01088	0
0.00857467	0.00428733
0.008242	0.00194266
0.0066312	0.000957131
0.004328	0.0004328
0.00228286	0.000170154
0.0021325	0.00012437
0.00211467	9.99086e-05
0.001112	4.36835e-05
0.00126982	4.23273e-05
0.00110567	3.17857e-05
0.00119692	3.00738e-05
0.00136571	3.03268e-05
0.0010008	1.98266e-05
0.00154575	2.75413e-05
0.00232965	3.75945e-05
0.00262933	3.86667e-05
0.00312379	4.20906e-05
0.0028282	3.50849e-05
0.003144	3.60642e-05
0.00316418	3.3692e-05
0.00255096	2.53029e-05
0.00168817	1.56486e-05
0.00143856	1.24984e-05
0.00167231	1.36543e-05
0.00147407	1.1339e-05
0.00171843	1.24819e-05
0.00187434	1.28828e-05
0.00173013	1.12746e-05
0.00182245	1.12807e-05
0.00175937	1.03618e-05
0.00179382	1.00681e-05
0.00177647	9.51632e-06
0.0018104	9.26912e-06
0.00210511	1.0315e-05
0.00186486	8.7561e-06
0.00211926	9.54623e-06
0.00170472	7.3751e-06
0.001739	7.23341e-06
0.00168527	6.74647e-06
0.00147381	5.68365e-06
0.00157591	5.85989e-06
0.00171991	6.17181e-06
0.00140009	4.85254e-06
0.00152948	5.12394e-06
0.0016857	5.46282e-06
0.00178617	5.60332e-06
0.00151331	4.59872e-06
0.00125576	3.69905e-06
0.00116643	3.33266e-06
0.000970077	2.68999e-06
0.000758264	2.04189e-06
0.000701333	1.83505e-06
0.000505309	1.28536e-06
0.0005025	1.2433e-06
0.000296561	7.14077e-07
0.000266207	6.24095e-07
0.000178847	4.0843e-07
0.0002036	4.53118e-07
0.000187869	4.07641e-07
0.00019329	4.09077e-07
0.000155365	3.20846e-07
0.0001605	3.23548e-07
0.000102154	2.01096e-07
0.000204182	3.92657e-07
4.80597e-05	9.03193e-08
0.000130765	2.40239e-07
9.61159e-05	1.72683e-07
9.34286e-05	1.64201e-07
8.67042e-05	1.49114e-07
0.000128833	2.16881e-07
-7.3863e-05	1.21749e-07
1.97838e-05	3.19389e-08
-1.344e-05	2.12572e-08
6.05789e-05	9.38955e-08
0.000174597	2.65273e-07
0.000100513	1.49735e-07
3.03291e-05	4.43118e-08
-2.07e-05	2.96685e-08
-0.000163802	2.30365e-07
-0.000108732	1.50081e-07
5.00241e-05	6.77833e-08
0.000117667	1.56556e-07
9.63294e-05	1.25875e-07
0.000200698	2.57622e-07
0.000114759	1.44736e-07
0.000196818	2.43948e-07
0.000222112	2.70602e-07
0.000205822	2.46525e-07
0.000218593	2.57454e-07
0.000237174	2.74729e-07
0.000287742	3.27865e-07
0.000341957	3.8335e-07
0.000249221	2.74926e-07
0.000410708	4.45909e-07
0.000480289	5.13298e-07
0.000382939	4.02923e-07
0.000510101	5.28499e-07
0.00062324	6.35927e-07
-0.026868	0
-0.018972	0
-0.0112627	0.00563133
-0.011572	0.00272755
-0.0071136	0.00102676
-0.00202	0.000202
-0.00300629	0.000224075
-0.003913	0.000228211
-0.00242756	0.000114691
-0.0002	7.85674e-06
-0.00179345	5.97818e-05
-0.002914	8.37716e-05
-0.00303538	7.62669e-05
-0.00280286	6.22396e-05
-0.0030736	6.08902e-05
-0.002499	4.45257e-05
-0.00156518	2.52579e-05
-0.00165956	2.44052e-05
-0.00167558	2.25771e-05
-0.0007576	9.39832e-06
-0.000848762	9.73597e-06
-0.000919818	9.79417e-06
-0.000432696	4.29191e-06
-7e-05	6.48872e-07
0.00014848	1.29001e-06
2.61538e-05	2.13545e-07
0.000132444	1.0188e-06
-0.000111429	8.09368e-07
-7.07586e-05	4.86339e-07
-0.000452933	2.9516e-06
-0.000547226	3.38724e-06
-0.00056625	3.33492e-06
-0.000600121	3.36828e-06
-0.000613529	3.2866e-06
-0.000616686	3.15739e-06
-0.000559	2.73908e-06
-0.000305946	1.43651e-06
-0.000499895	2.25178e-06
-0.000617744	2.67254e-06
-0.0002751	1.14428e-06
-8.80976e-05	3.52672e-07
0.000374381	1.44378e-06
0.000120558	4.48286e-07
0.000357182	1.28173e-06
0.000369778	1.2816e-06
0.000468609	1.5699e-06
0.000176	5.70359e-07
0.000263083	8.25309e-07
0.00016302	4.95395e-07
2.008e-05	5.91489e-08
0.000119137	3.40392e-07
0.000141077	3.91202e-07
0.000184302	4.96297e-07
0.000366519	9.59e-07
0.000267055	6.7931e-07
0.000393857	9.74494e-07
0.000808281	1.94622e-06
0.00077869	1.82556e-06
0.000647729	1.4792e-06
0.000732933	1.63117e-06
0.000753246	1.6344e-06
0.000713419	1.50987e-06
0.000823175	1.69995e-06
0.000782688	1.5778e-06
0.000716923	1.41131e-06
0.000590606	1.13578e-06
0.000429433	8.07039e-07
0.000332176	6.1027e-07
0.000224348	4.03065e-07
7.73714e-05	1.35981e-07
0.000102479	1.76243e-07
0.000432278	7.27705e-07
0.000487726	8.03923e-07
0.000370162	5.97589e-07
0.000215253	3.40453e-07
0.000251053	3.89124e-07
0.00015361	2.33387e-07
4.10256e-06	6.11164e-09
0.000195899	2.86215e-07
0.0002503	3.58745e-07
0.000332938	4.68231e-07
0.000253366	3.49718e-07
0.000245494	3.32648e-07
6.61429e-05	8.80031e-08
5.40706e-05	7.0655e-08
-0.000114605	1.47111e-07
-0.000111862	1.41083e-07
-6.88636e-05	8.53535e-08
-5.71236e-05	6.95942e-08
0.000166978	1.99999e-07
0.000100835	1.18761e-07
0.00017413	2.01703e-07
0.000206624	2.35435e-07
0.000198851	2.22921e-07
0.000228589	2.52166e-07
0.000124833	1.35532e-07
1.22887e-05	1.31332e-08
-0.000219551	2.31009e-07
-0.000106343	1.10179e-07
-5.22e-05	5.32626e-08
-0.001376	0
-0.001246	0
-0.00590933	0.00295467
-0.004334	0.00102153
-0.0021048	0.000303802
-0.00105867	0.000105867
-0.00124286	9.26371e-05
-0.002805	0.000163591
-0.00396978	0.000187554
-0.0028288	0.000111126
-0.00408545	0.000136182
-0.003166	9.10161e-05
-0.00223231	5.60888e-05
-0.000232857	5.17077e-06
0.000401067	7.94542e-06
0.00099975	1.7813e-05
0.000396471	6.39802e-06
0.000313333	4.60784e-06
0.00112758	1.51932e-05
0.0010356	1.2847e-05
0.00153505	1.76082e-05
0.00146527	1.56021e-05
0.00192035	1.90479e-05
0.00224283	2.07902e-05
0.00150992	1.31183e-05
0.00129492	1.0573e-05
0.00184267	1.41744e-05
0.00123014	8.93522e-06
0.000888966	6.11005e-06
0.00127053	8.27959e-06
0.00131677	8.15063e-06
0.001476	8.69289e-06
0.00166861	9.36533e-06
0.00201965	1.0819e-05
0.00163977	8.39552e-06
0.00160922	7.88512e-06
0.00131038	6.15262e-06
0.00164958	7.43054e-06
0.00190462	8.23992e-06
0.0019767	8.22213e-06
0.00177307	7.09797e-06
0.00173924	6.70726e-06
0.00164381	6.1124e-06
0.00139955	5.0222e-06
0.00170987	5.92619e-06
0.00168113	5.632e-06
0.00176545	5.72125e-06
0.00187833	5.89245e-06
0.00176253	5.35607e-06
0.00155416	4.57803e-06
0.00126071	3.60202e-06
0.00125708	3.48583e-06
0.00143192	3.85595e-06
0.00129415	3.38615e-06
0.00114058	2.90131e-06
0.000869714	2.15187e-06
0.000809825	1.94994e-06
0.00107579	2.52209e-06
0.000767593	1.75293e-06
0.0008778	1.95357e-06
0.000693705	1.50521e-06
0.000657355	1.39122e-06
0.000703111	1.452e-06
0.000790375	1.5933e-06
0.000885662	1.74348e-06
0.000926788	1.78228e-06
0.000613194	1.15238e-06
0.000393471	7.22879e-07
0.000591768	1.06318e-06
0.000658686	1.15764e-06
0.000616	1.0594e-06
0.000795611	1.33935e-06
0.000733534	1.20909e-06
0.000735946	1.18811e-06
0.000724267	1.14553e-06
0.000599895	9.29818e-07
0.000785403	1.1933e-06
0.000929897	1.38528e-06
0.000721468	1.05409e-06
0.0008018	1.14919e-06
0.000946815	1.33156e-06
0.00092522	1.27707e-06
0.000685349	9.28658e-07
0.000615381	8.18765e-07
0.000514682	6.72544e-07
0.000241023	3.09386e-07
0.000408	5.14579e-07
0.000401409	4.97529e-07
0.000234787	2.86043e-07
8.71111e-05	1.04338e-07
-1.21758e-05	1.43404e-08
-1.86957e-05	2.1656e-08
-2.49462e-05	2.84247e-08
-9.74468e-06	1.09242e-08
5.81053e-06	6.40982e-09
-0.000130958	1.42182e-07
-0.000276124	2.95101e-07
-0.000221061	2.32598e-07
-0.000144364	1.4957e-07
-0.00024116	2.46069e-07
-0.009712	0
-0.005286	0
0.00142533	0.000712667
0.001312	0.000309241
0.0057856	0.000835079
0.004544	0.0004544
0.00614286	0.000457862
0.0055165	0.000321729
0.00591467	0.000279442
0.0055588	0.00021837
0.00802473	0.000267491
0.006641	0.000190915
0.00671938	0.000168831
0.004794	0.000106455
0.00474987	9.40983e-05
0.00391925	6.98309e-05
0.00435506	7.02795e-05
0.00405111	5.95752e-05
0.00401411	5.40869e-05
0.0046236	5.73575e-05
0.00574152	6.58598e-05
0.00452291	4.81597e-05
0.00554139	5.4965e-05
0.005951	5.51634e-05
0.0051328	4.45943e-05
0.00429215	3.50453e-05
0.00346741	2.66724e-05
0.00305786	2.22109e-05
0.00291007	2.00015e-05
0.00302453	1.97098e-05
0.0028489	1.76343e-05
0.00245363	1.44506e-05
0.00248267	1.39344e-05
0.00209	1.11959e-05
0.00235669	1.20661e-05
0.00278822	1.36622e-05
0.00247189	1.16063e-05
0.00230916	1.04016e-05
0.0019561	8.46267e-06
0.0021676	9.01618e-06
0.00225639	9.03279e-06
0.00205124	7.91047e-06
0.00172009	6.39603e-06
0.001612	5.78458e-06
0.00111956	3.88024e-06
0.00103783	3.47685e-06
0.00106298	3.44477e-06
0.00124058	3.89179e-06
0.0010178	3.09293e-06
0.00076792	2.26203e-06
0.00139027	3.97221e-06
0.00185962	5.15665e-06
0.00190008	5.11661e-06
0.00175	4.57889e-06
0.00199993	5.08724e-06
0.00168536	4.16996e-06
0.00147312	3.54707e-06
0.00184621	4.32824e-06
0.00174488	3.98474e-06
0.00157947	3.51515e-06
0.00151082	3.2782e-06
0.001652	3.49627e-06
0.00179384	3.70448e-06
0.00156538	3.1556e-06
0.00147514	2.90391e-06
0.00156145	3.0028e-06
0.00137331	2.58089e-06
0.001306	2.39937e-06
0.00131484	2.36226e-06
0.00147777	2.59719e-06
0.00132062	2.2712e-06
0.00134194	2.25906e-06
0.000816658	1.3461e-06
0.000686811	1.10879e-06
0.000721867	1.14173e-06
0.000399474	6.19172e-07
0.00060639	9.21314e-07
0.00053959	8.03834e-07
0.000683241	9.98237e-07
0.0006697	9.59856e-07
0.000896938	1.26142e-06
0.000819415	1.13103e-06
0.000467807	6.33885e-07
0.000706571	9.40094e-07
0.000941694	1.23053e-06
0.000823488	1.05706e-06
0.00107122	1.35105e-06
0.00106214	1.31647e-06
0.00113685	1.38504e-06
0.00113822	1.36331e-06
0.00104716	1.23333e-06
0.00112961	1.30847e-06
0.000926581	1.05578e-06
0.000871787	9.77313e-07
0.000923242	1.01847e-06
0.000765708	8.31335e-07
0.000879546	9.39995e-07
0.00075751	7.97042e-07
0.00065301	6.76563e-07
0.00056816	5.79726e-07
-0.0154049	0
-0.0112405	0
-0.010391	0.00519549
-0.00546223	0.00128746
-0.000592184	8.54744e-05
0.00124451	0.000124451
0.000167869	1.25122e-05
0.00190889	0.000111328
0.000287009	1.35599e-05
-0.00187929	7.38256e-05
-0.0023299	7.76634e-05
-0.000183743	5.28225e-06
-0.00101946	2.56148e-05
-0.000778066	1.72776e-05
-0.000154195	3.05471e-06
8.94256e-06	1.59333e-07
6.91224e-05	1.11546e-06
-0.000918718	1.35106e-05
-0.00109942	1.48138e-05
-0.00181205	2.24791e-05
-0.000272044	3.12056e-06
0.00112905	1.20221e-05
0.00258466	2.56372e-05
0.00185163	1.71638e-05
0.00175052	1.52087e-05
0.00131227	1.07147e-05
0.000912855	7.02196e-06
-7.589e-05	5.51231e-07
-3.10662e-05	2.13525e-07
-0.000382697	2.4939e-06
0.000168099	1.04051e-06
-0.000679404	4.00134e-06
0.000135609	7.61125e-07
-0.000109909	5.8877e-07
-0.000116712	5.97557e-07
0.000634863	3.1108e-06
0.000225813	1.06026e-06
-1.46558e-05	6.6017e-08
0.00034572	1.49568e-06
0.000102177	4.25008e-07
0.00021949	8.78662e-07
0.00031655	1.22075e-06
0.00102826	3.8235e-06
0.000887343	3.18419e-06
0.000860424	2.98212e-06
0.000718763	2.40795e-06
0.00047947	1.55381e-06
0.000273564	8.58188e-07
0.000502349	1.52656e-06
-1.87384e-05	5.5197e-08
-0.000115626	3.3036e-07
0.000263905	7.31801e-07
0.000747379	2.01258e-06
0.000562798	1.47257e-06
0.000361147	9.18655e-07
-0.000164231	4.06345e-07
-6.98407e-05	1.68166e-07
0.000236536	5.54534e-07
-9.24902e-05	2.11218e-07
-0.000379482	8.4455e-07
-0.000263818	5.72437e-07
-0.000664208	1.40572e-06
-0.000553475	1.14299e-06
6.69231e-05	1.34909e-07
0.000219186	4.31482e-07
-0.000346741	6.6681e-07
-0.000216193	4.06294e-07
0.000347869	6.391e-07
0.000313726	5.63643e-07
0.000410158	7.20855e-07
0.000135818	2.3358e-07
0.000272376	4.58524e-07
0.00068322	1.12616e-06
0.000527934	8.52295e-07
0.000522868	8.26987e-07
0.000344988	5.3472e-07
0.000217754	3.30843e-07
0.000153886	2.29245e-07
0.00037052	5.41342e-07
0.000525789	7.53593e-07
0.000535001	7.52404e-07
0.00033955	4.68677e-07
0.000554543	7.51413e-07
0.000590846	7.86121e-07
0.000797872	1.04259e-06
0.00135301	1.73677e-06
0.00174537	2.2013e-06
0.00142826	1.77027e-06
0.00121792	1.48381e-06
0.00125155	1.49905e-06
0.00125726	1.48078e-06
0.00143682	1.66433e-06
0.00143285	1.63265e-06
0.00145795	1.63443e-06
0.00184323	2.03334e-06
0.00196178	2.12992e-06
0.00175211	1.87253e-06
0.00190979	2.00945e-06
0.00204266	2.11633e-06
0.00193675	1.97618e-06
-0.003544	0
-0.005674	0
-0.005512	0.002756
-0.009205	0.00216964
-0.009784	0.0014122
-0.007888	0.0007888
-0.00165771	0.000123559
0.001037	6.04791e-05
-0.001536	7.25692e-05
0.0014912	5.85799e-05
0.00231018	7.70061e-05
0.00221267	6.36097e-05
-0.00259323	6.51574e-05
0.000977714	2.17109e-05
0.0010888	2.15699e-05
-0.00042125	7.50559e-06
-0.000249176	4.02107e-06
0.000456222	6.70915e-06
-1.22105e-05	1.64527e-07
0.0006772	8.40092e-06
4.53333e-05	5.20009e-07
-0.000423818	4.51279e-06
0.000104696	1.03848e-06
-1.63333e-05	1.51403e-07
-0.00082096	7.13258e-06
-0.000736462	6.01318e-06
-0.00139037	1.06952e-05
-0.00157971	1.14744e-05
-0.00144372	9.92303e-06
-0.000576133	3.75445e-06
-0.000563226	3.48628e-06
-0.00032675	1.92439e-06
0.000291394	1.6355e-06
-0.000312235	1.6726e-06
-0.000180686	9.25098e-07
0.000247	1.21029e-06
0.00074173	3.48264e-06
-0.000426526	1.92129e-06
-0.000304718	1.3183e-06
-2.7e-05	1.12307e-07
-0.000144098	5.76852e-07
-0.000662762	2.5559e-06
-0.00133833	4.97646e-06
-0.00194555	6.98149e-06
-0.0020184	6.99553e-06
-0.00168583	5.64773e-06
-0.00174187	5.64485e-06
-0.00148825	4.66873e-06
-0.00139176	4.22934e-06
-0.00111832	3.2942e-06
-0.00063349	1.80997e-06
-0.000703	1.9494e-06
-0.00104332	2.8095e-06
-0.000608444	1.592e-06
-0.000539418	1.37213e-06
-0.000667	1.65031e-06
-0.000726807	1.75005e-06
-0.000693379	1.62556e-06
-0.001244	2.84089e-06
-0.0018992	4.22673e-06
-0.0022623	4.90876e-06
-0.00176535	3.73617e-06
-0.00251206	5.18769e-06
-0.00231881	4.67444e-06
-0.0023744	4.67416e-06
-0.00180036	3.46224e-06
-0.00136233	2.56024e-06
-0.00144176	2.64879e-06
-0.00142	2.55119e-06
-0.00143623	2.52418e-06
-0.00142789	2.45568e-06
-0.00149739	2.52074e-06
-0.00147956	2.43877e-06
-0.00215119	3.47288e-06
-0.002124	3.3594e-06
-0.00252921	3.9202e-06
-0.0027441	4.16923e-06
-0.00282785	4.21268e-06
-0.00251043	3.66782e-06
-0.0024053	3.44743e-06
-0.00256494	3.60723e-06
-0.00269722	3.72294e-06
-0.00252607	3.42286e-06
-0.00273086	3.63341e-06
-0.00280664	3.66748e-06
-0.00261219	3.35309e-06
-0.00292202	3.68532e-06
-0.00308755	3.82688e-06
-0.00326858	3.98215e-06
-0.00328387	3.93327e-06
-0.00282404	3.32609e-06
-0.002834	3.28275e-06
-0.00305019	3.47551e-06
-0.0027374	3.06875e-06
-0.00310333	3.4234e-06
-0.00292846	3.17945e-06
-0.00304247	3.25158e-06
-0.00297098	3.12602e-06
-0.00231745	2.40104e-06
-0.00280276	2.85981e-06
-0.004264	0
0.011838	0
0.0271013	0.0135507
0.031721	0.00747671
0.0233576	0.00337138
0.0149873	0.00149873
0.0138503	0.00103234
0.0138915	0.000810169
0.0105693	0.000499354
0.0053072	0.000208487
0.006744	0.0002248
0.00643233	0.000184917
0.0106098	0.000266582
0.0111037	0.000246567
0.0109088	0.000216111
0.008663	0.000154352
0.00699153	0.000112825
0.00919156	0.00013517
0.0100335	0.000135193
0.0107586	0.000133465
0.00962171	0.000110369
0.00639109	6.8052e-05
0.00653113	6.47823e-05
0.0063825	5.91632e-05
0.00451824	3.92549e-05
0.00496754	4.05598e-05
0.00614356	4.72581e-05
0.00559243	4.06209e-05
0.00548372	3.76908e-05
0.00535027	3.48657e-05
0.00453665	2.80811e-05
0.00529937	3.12106e-05
0.0051663	2.89967e-05
0.00615635	3.29788e-05
0.0067312	3.44633e-05
0.00600511	2.94248e-05
0.00560735	2.63282e-05
0.00523705	2.35903e-05
0.00528431	2.28614e-05
0.0046129	1.91875e-05
0.00368732	1.47611e-05
0.00472048	1.82042e-05
0.00573553	2.13271e-05
0.00609527	2.18726e-05
0.0055016	1.90679e-05
0.00597435	2.00148e-05
0.00783251	2.53826e-05
0.00832742	2.61236e-05
0.00766261	2.32856e-05
0.0078176	2.3028e-05
0.00782329	2.23523e-05
0.00678654	1.88189e-05
0.00646219	1.74017e-05
0.00636022	1.66416e-05
0.006132	1.55981e-05
0.00643243	1.59153e-05
0.00691172	1.66424e-05
0.00723545	1.69628e-05
0.00680963	1.5551e-05
0.00620267	1.38042e-05
0.00702459	1.52421e-05
0.00732555	1.55037e-05
0.0071586	1.47833e-05
0.00688806	1.38855e-05
0.00669625	1.3182e-05
0.00690109	1.32713e-05
0.00605713	1.13833e-05
0.00600876	1.10392e-05
0.00497594	8.93982e-06
0.00440011	7.73322e-06
0.00355628	6.11609e-06
0.0033935	5.71269e-06
0.00357096	5.88604e-06
0.00330286	5.33214e-06
0.00293445	4.64124e-06
0.00265747	4.119e-06
0.00238696	3.62661e-06
0.00271103	4.03865e-06
0.00288937	4.22146e-06
0.0030646	4.39237e-06
0.00278069	3.91065e-06
0.00288551	3.98284e-06
0.00249923	3.38649e-06
0.00232119	3.08834e-06
0.00253915	3.31796e-06
0.00261177	3.35256e-06
0.00308841	3.89518e-06
0.00320668	3.97454e-06
0.00352845	4.29874e-06
0.00288716	3.45811e-06
0.00303974	3.58013e-06
0.00298835	3.46153e-06
0.00330129	3.76162e-06
0.00344226	3.85892e-06
0.00307154	3.38834e-06
0.00293258	3.18393e-06
0.00261064	2.79006e-06
0.00221041	2.32576e-06
0.00161055	1.66863e-06
0.00160816	1.6409e-06
0.065616	0
0.046602	0
0.0454427	0.0227213
0.007264	0.00171214
0.0117296	0.00169302
0.00350733	0.000350733
2.57143e-05	1.91663e-06
0.0054975	0.000320621
0.00547467	0.000258654
0.0074368	0.000292145
0.0172229	0.000574097
0.0126663	0.000364131
0.00888862	0.000223335
0.00968171	0.00021499
0.00701013	0.000138876
0.00673525	0.000120005
0.00658824	0.000106317
0.00623289	9.16601e-05
0.00617158	8.31571e-05
0.0077014	9.55388e-05
0.0106648	0.000122333
0.0119125	0.000126844
0.00924591	9.17102e-05
0.010102	9.36415e-05
0.0103779	9.01644e-05
0.0102782	8.39208e-05
0.00837333	6.44103e-05
0.00793029	5.76021e-05
0.00799972	5.49838e-05
0.00594947	3.87705e-05
0.00565006	3.4973e-05
0.004494	2.64674e-05
0.00434303	2.4376e-05
0.00623729	3.34124e-05
0.00568023	2.90824e-05
0.006633	3.25014e-05
0.00792281	3.72e-05
0.00725495	3.26799e-05
0.00729815	3.15739e-05
0.0096003	3.99327e-05
0.0103456	4.14154e-05
0.0107326	4.13895e-05
0.0110995	4.12728e-05
0.0107066	3.84202e-05
0.01111	3.8506e-05
0.00998826	3.34619e-05
0.0103846	3.36531e-05
0.00849192	2.66397e-05
0.00673396	2.04635e-05
0.00684136	2.01524e-05
0.00702533	2.00724e-05
0.00740238	2.05266e-05
0.0067483	1.81721e-05
0.0075603	1.97816e-05
0.00694662	1.76702e-05
0.006107	1.51101e-05
0.00479733	1.15513e-05
0.00402241	9.43013e-06
0.00510929	1.1668e-05
0.00519673	1.15655e-05
0.00565075	1.22611e-05
0.00654135	1.3844e-05
0.0070381	1.45344e-05
0.00804637	1.62205e-05
0.00759631	1.49538e-05
0.00780133	1.50026e-05
0.00731045	1.37386e-05
0.00730453	1.34198e-05
0.00715809	1.28603e-05
0.00735966	1.29346e-05
0.00749735	1.28939e-05
0.00681883	1.1479e-05
0.00687145	1.13263e-05
0.00692086	1.1173e-05
0.00745035	1.17837e-05
0.00630511	9.77271e-06
0.00639257	9.71251e-06
0.00556897	8.29617e-06
0.00585863	8.55966e-06
0.0059815	8.57306e-06
0.00525674	7.39287e-06
0.00523893	7.23123e-06
0.00572429	7.75649e-06
0.00595343	7.92104e-06
0.00489252	6.39314e-06
0.00468791	6.01756e-06
0.00486579	6.13685e-06
0.00465909	5.77474e-06
0.004872	5.9356e-06
0.00470262	5.6326e-06
0.00481719	5.67356e-06
0.00418817	4.85134e-06
0.00459028	5.23035e-06
0.00372991	4.1814e-06
0.003604	3.97572e-06
0.00318417	3.45707e-06
0.00341076	3.64518e-06
0.00436049	4.58805e-06
0.00383838	3.97682e-06
0.0040604	4.14305e-06
0.01856	0
-0.000724	0
-0.0274973	0.0137487
-0.016643	0.00392279
-0.0021488	0.000310153
-0.00652333	0.000652333
0.00452514	0.000337284
-0.012341	0.000719742
-0.0136307	0.000643988
-0.0207672	0.000815813
-0.0248945	0.000829818
-0.017814	0.000512116
-0.00981477	0.000246605
-0.00831914	0.000184733
-0.0105107	0.000208224
-0.0134972	0.000240486
-0.0124642	0.000201141
-0.00347467	5.1098e-05
-0.00395537	5.32954e-05
-0.0101434	0.000125833
-0.0087859	0.000100781
-0.00784055	8.34857e-05
-0.0095927	9.51499e-05
-0.0169005	0.000156661
-0.0153861	0.000133676
-0.00986615	8.05568e-05
-0.0124563	9.58177e-05
-0.0163027	0.000118416
-0.0135779	9.33241e-05
-0.0108836	7.09244e-05
-0.00862645	5.33964e-05
-0.00541912	3.19159e-05
-0.00828448	4.6498e-05
-0.00682153	3.6542e-05
-0.00774731	3.96657e-05
-0.00797789	3.90913e-05
-0.00880097	4.13232e-05
-0.00821958	3.70251e-05
-0.00917395	3.96892e-05
-0.0086154	3.5836e-05
-0.00939844	3.76239e-05
-0.00644895	2.487e-05
-0.00602781	2.2414e-05
-0.001196	4.29179e-06
0.000162133	5.61934e-07
0.00255617	8.5635e-06
0.00313855	1.0171e-05
0.00265	8.31322e-06
0.0014	4.2544e-06
-0.0003872	1.14056e-06
0.00125694	3.59126e-06
0.00307231	8.51941e-06
0.0028677	7.72227e-06
0.00230978	6.04356e-06
0.00280371	7.13183e-06
0.0026505	6.55795e-06
0.00336596	8.10476e-06
0.00155379	3.64271e-06
0.000868339	1.98301e-06
0.00325627	7.24693e-06
0.00397475	8.62448e-06
0.00317426	6.71795e-06
0.00309537	6.39227e-06
0.00343388	6.92226e-06
0.00493846	9.72168e-06
0.00588945	1.13259e-05
0.00742263	1.39494e-05
0.00816965	1.50092e-05
0.00653281	1.17369e-05
0.00644823	1.13328e-05
0.00542608	9.33177e-06
0.00455889	7.67453e-06
0.00475764	7.84206e-06
0.0040093	6.47261e-06
0.00430816	6.81395e-06
0.00312342	4.8412e-06
0.00176545	2.68233e-06
0.00271549	4.0453e-06
0.00252365	3.68713e-06
0.0031862	4.56666e-06
0.00219442	3.08614e-06
0.00234946	3.24294e-06
0.00186125	2.52202e-06
0.00188962	2.51414e-06
0.000806682	1.05411e-06
0.000781535	1.00321e-06
-0.000264184	3.33195e-07
0.000912818	1.1314e-06
0.002236	2.72414e-06
0.00102396	1.22645e-06
0.00128576	1.51433e-06
-0.00020187	2.33834e-07
0.00130933	1.49191e-06
0.00052217	5.85376e-07
0.000435958	4.80923e-07
0.000510083	5.53801e-07
0.000261608	2.79588e-07
0.000642163	6.75675e-07
0.00127119	1.31704e-06
0.00135072	1.37822e-06
-0.2073	0
0.073382	0
0.083824	0.041912
0.032124	0.0075717
0.0601824	0.00868658
0.024214	0.0024214
0.0128497	0.000957761
0.0095815	0.000558804
-0.00380444	0.000179743
0.0255804	0.00100489
0.0329618	0.00109873
0.022873	0.000657553
0.0291548	0.000732541
0.0176983	0.000393004
0.00308933	6.12019e-05
0.00287175	5.11672e-05
-0.00648376	0.000104631
-0.00781156	0.000114876
-0.00769916	0.00010374
-0.0151208	0.000187579
-0.00369543	4.23895e-05
-0.00406945	4.33313e-05
-0.00503965	4.99883e-05
-0.0059035	5.47231e-05
-0.00469872	4.0823e-05
-0.00678015	5.53597e-05
-0.00750267	5.77128e-05
0.00242343	1.76027e-05
0.00221945	1.52548e-05
0.0015824	1.03119e-05
-0.00210168	1.30091e-05
-0.00667813	3.93307e-05
-0.00301127	1.69013e-05
-0.00823376	4.41072e-05
-0.0111234	5.69512e-05
-0.0115087	5.6392e-05
-0.0106028	4.97834e-05
-0.0163018	7.34315e-05
-0.0200981	8.695e-05
-0.0171273	7.12414e-05
-0.0187309	7.49837e-05
-0.0190621	7.35118e-05
-0.012299	4.57328e-05
-0.014128	5.06976e-05
-0.0170755	5.91815e-05
-0.0160667	5.38255e-05
-0.0171034	5.54266e-05
-0.0166526	5.22402e-05
-0.0221489	6.73073e-05
-0.0215381	6.3444e-05
-0.0180462	5.15606e-05
-0.0182397	5.05781e-05
-0.0196743	5.29798e-05
-0.0220987	5.78216e-05
-0.0268704	6.83506e-05
-0.0264506	6.5445e-05
-0.0270128	6.50431e-05
-0.0255492	5.98976e-05
-0.0246921	5.63887e-05
-0.0219547	4.88608e-05
-0.0245568	5.32837e-05
-0.0263198	5.57028e-05
-0.0287533	5.93788e-05
-0.0304921	6.14683e-05
-0.0298374	5.87369e-05
-0.0320231	6.15829e-05
-0.032209	6.05307e-05
-0.02807	5.15698e-05
-0.0294121	5.28421e-05
-0.0273484	4.80649e-05
-0.0269613	4.6368e-05
-0.0268459	4.51929e-05
-0.0282228	4.65199e-05
-0.0258671	4.17599e-05
-0.0242206	3.83082e-05
-0.0207754	3.22012e-05
-0.0192578	2.92591e-05
-0.0195328	2.90983e-05
-0.0163579	2.38994e-05
-0.017069	2.44644e-05
-0.0164031	2.30686e-05
-0.017419	2.40432e-05
-0.0163033	2.20912e-05
-0.0160464	2.13497e-05
-0.0158315	2.06873e-05
-0.0172161	2.20992e-05
-0.0180408	2.27535e-05
-0.0158823	1.96855e-05
-0.0157571	1.91971e-05
-0.017289	2.0708e-05
-0.0170821	2.01189e-05
-0.0159469	1.8472e-05
-0.0153708	1.75141e-05
-0.013668	1.53224e-05
-0.0149007	1.64376e-05
-0.0137576	1.49367e-05
-0.0156059	1.66785e-05
-0.013594	1.43034e-05
-0.0135328	1.40209e-05
-0.0149449	1.52491e-05
-0.061952	0
-0.087948	0
-0.228081	0.114041
-0.120339	0.0283642
-0.0800568	0.0115552
-0.091232	0.0091232
-0.0792177	0.00590454
-0.045968	0.00268091
-0.00992133	0.000468739
-0.061	0.00239631
-0.0890091	0.00296697
-0.103843	0.00298529
-0.0955535	0.00240087
-0.0913783	0.00202913
-0.0614195	0.00121676
-0.0799177	0.00142393
-0.0997744	0.0016101
-0.0738916	0.00108664
-0.0823284	0.00110931
-0.105579	0.00130975
-0.108704	0.00124692
-0.132227	0.00140795
-0.139927	0.00138794
-0.130557	0.00121021
-0.122803	0.00106692
-0.118346	0.000966294
-0.109556	0.000842737
-0.117369	0.000852519
-0.125568	0.000863055
-0.106712	0.000695401
-0.113418	0.000702038
-0.0883592	0.000520391
-0.066996	0.000376026
-0.0737801	0.00039523
-0.0891013	0.000456192
-0.0740619	0.0003629
-0.0847579	0.000397964
-0.092288	0.000415712
-0.0919253	0.000397696
-0.0825139	0.000343219
-0.0881247	0.000352781
-0.0986779	0.000380545
-0.107455	0.000399564
-0.109767	0.000393893
-0.106381	0.000368702
-0.099003	0.000331672
-0.104483	0.000338597
-0.0998654	0.000313284
-0.114089	0.0003467
-0.120789	0.000355804
-0.12664	0.00036183
-0.115729	0.000320913
-0.116528	0.000313791
-0.119111	0.000311656
-0.110611	0.000281362
-0.0998679	0.000247096
-0.0981679	0.000236374
-0.0988573	0.000231761
-0.0911687	0.0002082
-0.0916977	0.000204076
-0.0930955	0.000202
-0.097595	0.000206548
-0.0943813	0.000194908
-0.0998816	0.000201349
-0.090074	0.000177316
-0.0954965	0.000183647
-0.0990907	0.000186223
-0.108119	0.000198635
-0.107606	0.000193327
-0.113839	0.000200073
-0.118659	0.000204069
-0.12036	0.000202617
-0.123325	0.000203277
-0.125362	0.000202385
-0.121341	0.000191917
-0.115309	0.000178725
-0.120197	0.000182621
-0.116887	0.000174128
-0.117249	0.000171305
-0.120119	0.000172163
-0.11498	0.000161703
-0.112437	0.000155195
-0.116489	0.000157844
-0.110253	0.000146692
-0.112677	0.000147236
-0.109706	0.000140822
-0.109705	0.000138363
-0.0999006	0.000123823
-0.1038	0.000126461
-0.102483	0.000122749
-0.106564	0.000125508
-0.102257	0.000118449
-0.105803	0.000120556
-0.10426	0.00011688
-0.108025	0.000119167
-0.10601	0.000115096
-0.102846	0.000109914
-0.0989552	0.000104119
-0.0892894	9.25098e-05
-0.0914266	9.32876e-05
