0.208991	0
0.202398	0
0.202914	0.10153
0.201443	0.067183
0.200748	0.0502077
0.200431	0.0400994
0.199254	0.0332222
0.198793	0.0284093
0.198485	0.0248188
0.198395	0.0220504
0.198377	0.019843
0.197911	0.0179969
0.197798	0.0164873
0.197701	0.0152113
0.198009	0.0141468
0.198162	0.0132138
0.198142	0.0123865
0.198156	0.0116585
0.197941	0.0109989
0.197797	0.0104124
0.197586	0.00988125
0.197345	0.00939929
0.197351	0.00897225
0.197386	0.00858358
0.197341	0.008224
0.197364	0.00789592
0.197385	0.007593
0.197358	0.00731071
0.197243	0.0070455
0.197144	0.00679915
0.197256	0.00657623
0.197281	0.00636488
0.197249	0.00616494
0.19722	0.00597722
0.197073	0.00579714
0.197127	0.00563302
0.197061	0.0054747
0.196966	0.00532417
0.197027	0.00518565
0.197068	0.00505374
0.197131	0.00492896
0.197061	0.00480704
0.197272	0.00469769
0.197107	0.00458466
0.197084	0.00447994
0.197037	0.00437932
0.197033	0.00428402
0.197085	0.00419396
0.19703	0.00410544
0.197057	0.00402219
0.19705	0.0039416
0.197119	0.00386566
0.197112	0.00379119
0.197018	0.0037179
0.196994	0.00364858
0.196912	0.00358076
0.196897	0.00351654
0.196891	0.00345475
0.196964	0.00339644
0.196938	0.00333842
0.196975	0.00328339
0.196973	0.00322954
0.196998	0.00317783
0.196938	0.00312645
0.196962	0.00307797
0.196992	0.00303107
0.196934	0.00298426
0.196851	0.00293849
0.19694	0.00289661
0.196936	0.00285457
0.19698	0.00281442
0.196954	0.0027744
0.19695	0.00273581
0.196964	0.00269852
0.196907	0.00266128
0.196878	0.00262541
0.196814	0.00259003
0.196846	0.00255681
0.19683	0.00252382
0.196811	0.00249163
0.196732	0.0024595
0.196787	0.00242982
0.196709	0.00239926
0.196694	0.00237017
0.196698	0.00234199
0.196686	0.00231429
0.196703	0.00228757
0.196732	0.00226161
0.196734	0.00223594
0.19674	0.00221088
0.19678	0.00218675
0.196769	0.00216259
0.196834	0.0021398
0.196849	0.00211695
0.19682	0.00209412
0.196784	0.0020717
0.196813	0.00205042
0.196766	0.00202881
0.196744	0.00200787
0.196721	0.00198736
0.20009	0
0.200503	0
0.199504	0.0997572
0.198948	0.0663191
0.19908	0.0497717
0.19885	0.0397713
0.198219	0.0330385
0.198078	0.0282984
0.197758	0.0247213
0.197743	0.0219726
0.197493	0.0197505
0.197049	0.017915
0.196701	0.0163934
0.196695	0.0151317
0.19694	0.0140684
0.196959	0.0131318
0.197076	0.0123183
0.196869	0.0115816
0.196928	0.0109414
0.196784	0.010358
0.196845	0.00984309
0.196848	0.00937446
0.196846	0.00894823
0.196854	0.00855951
0.196696	0.00819632
0.196718	0.00786929
0.196862	0.00757223
0.196972	0.00729584
0.197154	0.00704185
0.197175	0.00679974
0.197239	0.0065752
0.197223	0.00636257
0.19723	0.00616393
0.197181	0.00597566
0.197051	0.00579611
0.197053	0.00563056
0.197057	0.00547423
0.196952	0.00532346
0.197045	0.00518583
0.196977	0.00505112
0.196907	0.0049231
0.196931	0.00480361
0.197017	0.00469128
0.196969	0.00458106
0.196856	0.00447442
0.197002	0.00437826
0.196968	0.00428235
0.196953	0.00419089
0.196964	0.0041038
0.196869	0.00401814
0.196769	0.00393578
0.196857	0.00386037
0.19688	0.00378655
0.196781	0.00371326
0.196795	0.00364475
0.1968	0.00357856
0.196696	0.00351283
0.196729	0.00345177
0.19666	0.00339107
0.196693	0.00333415
0.196636	0.00327765
0.196582	0.00322302
0.196607	0.00317143
0.196514	0.00311963
0.196437	0.0030697
0.196461	0.00302285
0.196482	0.00297735
0.196515	0.00293341
0.196477	0.0028897
0.196418	0.00284698
0.196367	0.00280557
0.196322	0.00276543
0.196346	0.00272736
0.19635	0.00269004
0.196357	0.00265378
0.196299	0.00261763
0.196251	0.00258255
0.196244	0.00254892
0.196236	0.00251613
0.196205	0.00248389
0.196179	0.00245251
0.196207	0.00242258
0.196204	0.002393
0.196283	0.00236514
0.19628	0.00233693
0.196314	0.00230985
0.196299	0.00228281
0.196238	0.00225587
0.19626	0.00223048
0.196236	0.00220516
0.19624	0.00218069
0.196258	0.00215693
0.196261	0.00213351
0.196313	0.00211113
0.196303	0.00208856
0.196312	0.00206667
0.196361	0.00204566
0.196339	0.00202434
0.19636	0.00200391
0.196323	0.00198329
0.21695	0
0.215953	0
0.215284	0.107646
0.2137	0.0712436
0.214345	0.0535929
0.21423	0.0428503
0.214421	0.0357399
0.213226	0.030467
0.213027	0.0266331
0.213307	0.0237047
0.212644	0.0212687
0.212301	0.019304
0.212758	0.0177336
0.212874	0.0163782
0.212866	0.0152075
0.212952	0.0141993
0.212915	0.0133094
0.212907	0.0125258
0.213059	0.0118384
0.213288	0.0112274
0.213401	0.0106716
0.21335	0.010161
0.213378	0.00970031
0.213467	0.00928239
0.21324	0.00888623
0.213348	0.00853511
0.213445	0.00821052
0.21346	0.00790695
0.213671	0.00763218
0.21354	0.00736449
0.213462	0.00711639
0.213362	0.00688358
0.213163	0.00666233
0.213233	0.00646253
0.213117	0.00626907
0.213119	0.00608998
0.21317	0.00592221
0.213	0.00575761
0.213019	0.00560656
0.212997	0.00546222
0.212792	0.00532063
0.212714	0.00518894
0.212774	0.00506682
0.212769	0.00494886
0.212693	0.00483465
0.212743	0.00472831
0.212738	0.0046254
0.212775	0.00452777
0.212797	0.00443388
0.212663	0.00434069
0.212576	0.00425215
0.2126	0.00416924
0.212569	0.00408844
0.212465	0.00400935
0.212468	0.00393515
0.21247	0.00386363
0.212496	0.00379509
0.212497	0.00372853
0.212432	0.00366312
0.212446	0.00360127
0.212399	0.00354045
0.212361	0.00348178
0.212375	0.00342586
0.212337	0.00337087
0.212203	0.00331613
0.212188	0.00326488
0.212203	0.00321564
0.212249	0.00316833
0.212286	0.00312228
0.212292	0.00307711
0.212249	0.00303254
0.212262	0.00299
0.212223	0.00294793
0.212265	0.00290812
0.21225	0.00286861
0.212168	0.00282929
0.212188	0.00279231
0.21217	0.00275581
0.212194	0.00272078
0.212163	0.00268596
0.212137	0.00265205
0.212137	0.0026193
0.212142	0.00258742
0.212159	0.00255644
0.212122	0.00252557
0.212162	0.00249633
0.212148	0.00246713
0.212081	0.00243801
0.212114	0.00241068
0.212131	0.00238379
0.21211	0.00235707
0.212161	0.00233172
0.212191	0.00230671
0.212215	0.00228216
0.212173	0.00225744
0.212149	0.00223342
0.212187	0.00221055
0.212199	0.00218788
0.212243	0.00216601
0.212223	0.00214393
0.233854	0
0.233837	0
0.232402	0.11621
0.231157	0.0770605
0.231162	0.0577949
0.231412	0.0462854
0.231657	0.0386118
0.231128	0.0330206
0.23115	0.0288955
0.23178	0.0257556
0.231307	0.0231332
0.231167	0.0210173
0.230993	0.0192512
0.231057	0.0177751
0.230944	0.0164973
0.230878	0.0153931
0.23067	0.014418
0.230394	0.0135538
0.230321	0.0127967
0.230397	0.0121272
0.230162	0.0115091
0.230238	0.0109646
0.230362	0.0104719
0.230495	0.0100223
0.230327	0.0095978
0.230519	0.00922164
0.230546	0.00886796
0.230637	0.00854288
0.230695	0.00823983
0.230838	0.00796065
0.230617	0.007688
0.230608	0.00743968
0.230562	0.00720574
0.230482	0.00698497
0.230266	0.00677326
0.230368	0.00658264
0.230321	0.00639849
0.230278	0.00622437
0.230252	0.00605986
0.230084	0.00590022
0.23	0.00575063
0.229827	0.00560619
0.229902	0.00547449
0.230003	0.00534955
0.229857	0.00522468
0.229891	0.00510931
0.229941	0.00499933
0.229966	0.00489349
0.230035	0.00479296
0.230044	0.00469531
0.230029	0.00460111
0.230214	0.00451457
0.230216	0.00442778
0.23015	0.00434299
0.230092	0.00426151
0.230087	0.00418391
0.23009	0.00410925
0.230159	0.00403836
0.230104	0.00396779
0.230114	0.0039007
0.230011	0.00383399
0.230001	0.00377096
0.230019	0.00371042
0.229942	0.00365032
0.229896	0.00359257
0.229904	0.0035374
0.229922	0.00348408
0.229964	0.0034327
0.229955	0.00338208
0.230005	0.00333379
0.229922	0.00328498
0.229871	0.003238
0.229883	0.0031932
0.229898	0.00314964
0.229857	0.00310653
0.229775	0.00306403
0.229805	0.00302411
0.229863	0.00298558
0.229903	0.00294783
0.229864	0.00291002
0.229792	0.00287275
0.229742	0.00283666
0.22972	0.0028018
0.229717	0.002768
0.229681	0.00273462
0.229613	0.00270165
0.229604	0.00267013
0.229633	0.00263978
0.229686	0.00261038
0.229727	0.00258151
0.229726	0.00255281
0.229753	0.00252506
0.229774	0.00249783
0.229828	0.00247156
0.22979	0.00244486
0.229835	0.0024196
0.229851	0.00239456
0.229826	0.00236961
0.229883	0.00234603
0.229855	0.00232205
0.244829	0
0.246827	0
0.246809	0.12341
0.246667	0.0822244
0.247453	0.061866
0.247535	0.0495088
0.247167	0.041196
0.246967	0.0352823
0.247032	0.0308799
0.247697	0.0275236
0.247804	0.0247818
0.247757	0.0225245
0.247193	0.0206011
0.247029	0.0190037
0.247457	0.0176772
0.247614	0.0165091
0.247683	0.0154815
0.247353	0.0145516
0.247529	0.0137529
0.247395	0.0130221
0.247465	0.0123744
0.247425	0.0117832
0.247718	0.011261
0.247915	0.01078
0.247926	0.0103313
0.248093	0.0099247
0.24826	0.00954944
0.248377	0.00920007
0.248735	0.00888452
0.248814	0.00858088
0.24873	0.00829201
0.248636	0.00802148
0.248527	0.00776741
0.248526	0.00753196
0.248305	0.00730402
0.24841	0.00709832
0.248531	0.00690452
0.248518	0.00671755
0.248493	0.00654007
0.248592	0.00637493
0.248532	0.00621404
0.248449	0.00606044
0.24853	0.00591809
0.248494	0.00577961
0.24846	0.00564747
0.24858	0.00552465
0.248568	0.00540428
0.248762	0.00529347
0.248726	0.00518244
0.248786	0.0050779
0.248934	0.00497932
0.249211	0.00488727
0.249198	0.00479301
0.249151	0.00470168
0.249319	0.00461777
0.249322	0.00453386
0.249262	0.00445182
0.249268	0.0043738
0.249233	0.00429779
0.24914	0.00422336
0.249062	0.00415168
0.249086	0.00408401
0.249138	0.00401897
0.249131	0.00395506
0.249014	0.00389145
0.248974	0.00383096
0.249023	0.00377366
0.249106	0.00371857
0.249144	0.00366445
0.249123	0.00361102
0.249075	0.00355875
0.249097	0.00350893
0.249152	0.00346095
0.249162	0.00341367
0.249168	0.00336762
0.24908	0.00332156
0.249071	0.00327773
0.249066	0.00323508
0.249133	0.00319447
0.249077	0.00315333
0.249026	0.00311328
0.249023	0.0030748
0.249009	0.00303712
0.248986	0.00300025
0.248908	0.00296361
0.248913	0.0029288
0.248939	0.00289505
0.249031	0.00286283
0.249114	0.00283126
0.249102	0.0027993
0.249071	0.00276785
0.249081	0.00273754
0.249147	0.00270851
0.249227	0.00268025
0.249188	0.00265132
0.249214	0.00262368
0.249236	0.00259658
0.249191	0.00256936
0.2492	0.00254322
0.24915	0.00251703
0.265982	0
0.269635	0
0.266848	0.13347
0.268486	0.08952
0.269864	0.0674836
0.269938	0.0539988
0.269055	0.0448519
0.269015	0.0384375
0.268726	0.0335962
0.269145	0.0299096
0.269283	0.026932
0.269152	0.0244715
0.269312	0.0224454
0.269552	0.0207372
0.269613	0.0192601
0.269932	0.0179975
0.270051	0.01688
0.270222	0.015897
0.26986	0.0149939
0.2698	0.0142016
0.26996	0.0134994
0.269913	0.0128543
0.26992	0.0122703
0.26998	0.0117394
0.270031	0.0112523
0.270165	0.0108076
0.270526	0.010406
0.27039	0.0100155
0.270582	0.00966472
0.270657	0.00933404
0.270663	0.00902306
0.270588	0.00872957
0.270369	0.00844999
0.27031	0.0081921
0.270244	0.00794921
0.270162	0.00771974
0.270229	0.00750714
0.270079	0.00730022
0.269973	0.00710531
0.270031	0.0069246
0.269901	0.00674826
0.269713	0.00657912
0.269673	0.00642152
0.269617	0.00627086
0.269627	0.00612856
0.269786	0.00599592
0.26979	0.00586567
0.269902	0.00574325
0.26989	0.00562334
0.270106	0.00551306
0.270157	0.00540382
0.270317	0.00530102
0.270222	0.00519725
0.270223	0.0050992
0.270366	0.00500744
0.270327	0.00491568
0.270328	0.00482792
0.270313	0.00474294
0.270202	0.00465926
0.270137	0.00457919
0.270154	0.00450314
0.270075	0.00442802
0.270004	0.00435547
0.270097	0.00428782
0.269987	0.00421911
0.269898	0.00415283
0.26987	0.00408949
0.269911	0.00402905
0.269931	0.00397009
0.269976	0.0039132
0.269915	0.00385643
0.269927	0.00380228
0.269951	0.00374979
0.270075	0.00370014
0.270064	0.00364999
0.270039	0.00360099
0.270074	0.00355406
0.27004	0.00350746
0.270076	0.00346295
0.270059	0.00341889
0.27006	0.00337617
0.270042	0.00333426
0.270029	0.00329343
0.269959	0.00325291
0.269978	0.00321441
0.269957	0.00317635
0.270028	0.00314024
0.270068	0.0031046
0.270162	0.00307041
0.270212	0.00303647
0.270111	0.00300163
0.270143	0.00296899
0.27026	0.00293801
0.270275	0.00290657
0.270157	0.00287442
0.270163	0.00284423
0.270184	0.00281481
0.270141	0.00278535
0.270214	0.00275767
0.270197	0.00272965
0.287147	0
0.29126	0
0.288635	0.144361
0.291419	0.0971758
0.291648	0.0729314
0.291574	0.0583269
0.291805	0.0486426
0.291238	0.0416122
0.290058	0.0362652
0.290832	0.0323221
0.290505	0.0290566
0.290293	0.0263955
0.290441	0.0242078
0.291078	0.0223951
0.291252	0.0208077
0.291844	0.0194603
0.292625	0.0182937
0.292444	0.0172068
0.292858	0.0162739
0.292807	0.0154145
0.292793	0.0146429
0.292856	0.0139485
0.292901	0.0133164
0.292704	0.0127288
0.292879	0.0122057
0.293238	0.011732
0.293335	0.0112844
0.292934	0.0108518
0.293144	0.0104717
0.292963	0.0101044
0.293112	0.00977248
0.293135	0.00945793
0.292835	0.00915311
0.292881	0.00887706
0.292715	0.0086111
0.292813	0.00836783
0.292565	0.00812857
0.292522	0.00790767
0.292535	0.00769987
0.292867	0.00751109
0.292853	0.00732292
0.292726	0.00714122
0.292722	0.00697106
0.292696	0.0068083
0.293053	0.00666186
0.293232	0.00651782
0.293193	0.00637527
0.293412	0.00624432
0.293323	0.00611235
0.293529	0.00599187
0.293603	0.00587349
0.293642	0.00575906
0.293646	0.00564837
0.293606	0.00554102
0.293722	0.00544055
0.293621	0.00533979
0.293653	0.005245
0.293698	0.00515375
0.293503	0.00506156
0.293506	0.00497581
0.293461	0.00489213
0.29356	0.00481354
0.293499	0.0047349
0.29364	0.00466201
0.29352	0.00458729
0.293353	0.00451419
0.293269	0.00444452
0.293301	0.00437864
0.293323	0.00431456
0.293273	0.00425129
0.29326	0.00419037
0.293268	0.00413145
0.293449	0.00407662
0.293429	0.00402049
0.293409	0.00396588
0.293331	0.00391196
0.293472	0.00386237
0.293594	0.0038138
0.293621	0.00376524
0.293536	0.00371651
0.293442	0.00366887
0.293532	0.0036247
0.29358	0.00358108
0.293482	0.00353676
0.293426	0.00349398
0.293346	0.00345193
0.293446	0.00341296
0.293484	0.00337417
0.293491	0.00333589
0.293508	0.0032986
0.293442	0.00326121
0.293457	0.00322553
0.293553	0.00319152
0.293579	0.00315747
0.293456	0.0031226
0.293495	0.00309014
0.29354	0.00305841
0.293548	0.00302695
0.293544	0.00299603
0.293544	0.00296575
0.310291	0
0.31304	0
0.31499	0.157515
0.316875	0.105641
0.316973	0.0792518
0.316205	0.0632474
0.315794	0.0526371
0.315899	0.0451319
0.315059	0.0393864
0.314995	0.0350026
0.315131	0.0315156
0.31492	0.0286313
0.315347	0.0262811
0.315911	0.0243032
0.315914	0.0225674
0.316449	0.0210988
0.317233	0.0198301
0.317031	0.0186516
0.31696	0.0176113
0.316425	0.0166566
0.31665	0.015835
0.316953	0.0150954
0.316924	0.0144079
0.316784	0.0137753
0.316638	0.0131952
0.317164	0.0126888
0.317184	0.0122014
0.316931	0.0117402
0.317159	0.011329
0.317103	0.0109364
0.317186	0.0105746
0.317108	0.0102309
0.317073	0.00991005
0.317237	0.00961471
0.31715	0.00932935
0.316751	0.0090516
0.316875	0.0088036
0.316713	0.0085613
0.316613	0.00833335
0.316901	0.00812714
0.316884	0.0079235
0.316853	0.00772946
0.317048	0.0075501
0.317219	0.00737851
0.317283	0.00721224
0.31738	0.00705411
0.317406	0.00690131
0.317606	0.00675877
0.317605	0.00661792
0.317712	0.00648503
0.317684	0.00635475
0.317852	0.00623346
0.317894	0.00611438
0.317717	0.0059957
0.317752	0.00588532
0.317654	0.00577651
0.317742	0.00567493
0.317671	0.00557413
0.31759	0.00547662
0.317625	0.00538437
0.317593	0.00529407
0.317694	0.00520896
0.3176	0.00512342
0.317648	0.00504285
0.31761	0.00496345
0.317618	0.0048872
0.317502	0.0048114
0.317522	0.00473988
0.317467	0.00466937
0.317464	0.00460164
0.317562	0.0045373
0.317684	0.00447513
0.317725	0.00441354
0.317705	0.00435279
0.31766	0.00429336
0.317584	0.0042351
0.31758	0.00417932
0.317666	0.00412616
0.317738	0.00407418
0.317728	0.00402247
0.317749	0.00397245
0.317848	0.00392464
0.317895	0.00387735
0.317814	0.00382966
0.317772	0.00378357
0.317748	0.00373877
0.317733	0.00369512
0.3177	0.00365226
0.317651	0.0036102
0.31755	0.00356851
0.317505	0.00352835
0.317571	0.0034903
0.317589	0.00345256
0.31765	0.0034161
0.317605	0.00337927
0.317624	0.0033439
0.317739	0.00331027
0.3177	0.00327575
0.317684	0.00324215
0.31763	0.00320886
0.345046	0
0.348377	0
0.344702	0.172401
0.345595	0.115219
0.345433	0.0863691
0.345886	0.0691844
0.345404	0.0575726
0.345514	0.0493631
0.344528	0.0430706
0.344932	0.0383296
0.344803	0.0344834
0.344206	0.0312947
0.344008	0.0286701
0.344692	0.0265178
0.344262	0.0245931
0.344612	0.0229769
0.345151	0.0215748
0.345047	0.0202994
0.345322	0.0191869
0.345213	0.0181713
0.345324	0.0172682
0.345224	0.016441
0.345326	0.0156983
0.34528	0.0150137
0.34512	0.0143814
0.345215	0.0138099
0.345013	0.013271
0.344745	0.0127696
0.344965	0.0123214
0.345312	0.0119087
0.345122	0.0115054
0.344998	0.0111303
0.344607	0.0107704
0.344697	0.0104467
0.344424	0.0101315
0.344394	0.00984113
0.344608	0.00957376
0.344529	0.00931285
0.344839	0.00907605
0.345038	0.00884845
0.345165	0.00863041
0.345091	0.00841807
0.345112	0.00821813
0.34517	0.00802832
0.345126	0.00784484
0.345468	0.00767826
0.345509	0.00751222
0.345646	0.0073553
0.345675	0.00720265
0.345961	0.00706159
0.345938	0.00691987
0.345852	0.00678249
0.345662	0.00664844
0.345491	0.0065198
0.345507	0.00639934
0.345684	0.00628623
0.345691	0.00617407
0.345755	0.00606688
0.345637	0.00596024
0.345909	0.00586393
0.346012	0.0057679
0.346067	0.00567424
0.345978	0.00558128
0.346034	0.00549357
0.345882	0.00540537
0.345838	0.00532152
0.345772	0.00523989
0.345761	0.00516151
0.34565	0.00508398
0.345541	0.00500872
0.345534	0.00493705
0.345727	0.00487028
0.345849	0.00480434
0.345701	0.00473651
0.34556	0.00467062
0.345562	0.00460836
0.345655	0.00454896
0.345701	0.00449046
0.34587	0.00443509
0.345842	0.00437858
0.34579	0.0043232
0.345909	0.00427131
0.346035	0.00422076
0.345923	0.00416857
0.345818	0.0041177
0.345656	0.00406739
0.345726	0.0040209
0.34569	0.00397426
0.345735	0.00392961
0.345571	0.00388364
0.345367	0.00383827
0.345495	0.00379752
0.345455	0.00375579
0.345532	0.00371624
0.345384	0.00367515
0.345402	0.00363665
0.345543	0.00360026
0.345711	0.0035649
0.34574	0.00352881
0.345711	0.00349287
0.36817	0
0.375826	0
0.372646	0.186403
0.373898	0.124666
0.373171	0.0933113
0.372467	0.0745058
0.369246	0.0615664
0.368873	0.0527149
0.367534	0.0459589
0.367982	0.0409006
0.367355	0.0367473
0.36591	0.0332774
0.365693	0.0304853
0.365797	0.0281475
0.365189	0.0260935
0.365575	0.0243793
0.366199	0.0228947
0.366878	0.0215882
0.367255	0.0204096
0.366868	0.0193149
0.367385	0.0183751
0.367823	0.017521
0.367516	0.0167105
0.367681	0.0159909
0.368291	0.0153504
0.368406	0.0147408
0.368299	0.0141696
0.367767	0.0136254
0.368173	0.0131533
0.368653	0.0127165
0.369266	0.0123134
0.368785	0.0119009
0.368526	0.0115208
0.368653	0.0111755
0.368575	0.0108444
0.368793	0.0105407
0.368978	0.010253
0.369199	0.00998182
0.369509	0.00972735
0.369451	0.00947636
0.369775	0.0092476
0.369768	0.00902182
0.369798	0.00880765
0.369748	0.00860159
0.370034	0.00841266
0.370342	0.00823262
0.370373	0.00805425
0.370505	0.00788566
0.370387	0.0077189
0.370674	0.00756729
0.37078	0.00741802
0.371069	0.00727832
0.371216	0.00714116
0.371107	0.00700432
0.371079	0.00687405
0.371173	0.00675076
0.371236	0.00663129
0.371406	0.00651795
0.371174	0.0064016
0.371305	0.00629532
0.371257	0.00618957
0.371254	0.00608802
0.371181	0.00598863
0.371169	0.00589335
0.371221	0.00580204
0.371029	0.00570986
0.370947	0.00562209
0.370981	0.00553866
0.370871	0.00545558
0.370894	0.00537684
0.370798	0.00529864
0.37072	0.0052229
0.370837	0.00515199
0.370673	0.00507918
0.370549	0.00500887
0.370503	0.00494145
0.370567	0.00487726
0.370603	0.00481437
0.370746	0.00475449
0.370726	0.00469404
0.370663	0.00463457
0.370609	0.00457667
0.370731	0.00452235
0.370692	0.00446738
0.37065	0.00441369
0.370592	0.00436107
0.370602	0.00431046
0.370688	0.0042619
0.370637	0.00421288
0.370542	0.00416449
0.370481	0.00411752
0.37044	0.00407182
0.370422	0.00402735
0.370521	0.00398512
0.3705	0.00394248
0.37052	0.00390118
0.370596	0.00386134
0.370466	0.00382021
0.370537	0.00378195
0.370515	0.00374351
0.395924	0
0.39983	0
0.393392	0.196814
0.396941	0.132381
0.399187	0.0998411
0.397455	0.0795236
0.39835	0.0664152
0.39613	0.0566145
0.395192	0.0494189
0.395186	0.0439253
0.396444	0.0396593
0.396421	0.0360505
0.395638	0.032981
0.396214	0.030488
0.39628	0.0283143
0.396072	0.0264123
0.396782	0.0248062
0.396374	0.0233228
0.396598	0.0220392
0.395999	0.0208479
0.396363	0.0198237
0.396234	0.0188733
0.396537	0.0180291
0.396303	0.0172349
0.396353	0.0165187
0.396636	0.0158692
0.39668	0.0152604
0.396618	0.0146928
0.396652	0.0141692
0.396712	0.0136826
0.396706	0.0132262
0.397187	0.0128153
0.396752	0.0124013
0.397455	0.0120474
0.397632	0.0116982
0.398205	0.0113807
0.398463	0.0110717
0.398625	0.0107768
0.398977	0.0105025
0.399115	0.0102367
0.39902	0.00997836
0.398885	0.00973166
0.399016	0.00950303
0.398817	0.0092774
0.398975	0.0090701
0.399109	0.0088715
0.399228	0.0086812
0.399053	0.00849275
0.398877	0.00831214
0.398881	0.00814255
0.398728	0.00797662
0.398811	0.00782182
0.398731	0.00766982
0.398686	0.00752424
0.398816	0.00738729
0.398648	0.00724993
0.398734	0.00712197
0.399057	0.0070028
0.398971	0.00688056
0.398838	0.00676168
0.398716	0.00664694
0.398936	0.00654163
0.398776	0.00643353
0.398821	0.0063321
0.398865	0.00623383
0.398547	0.00613313
0.398419	0.00603828
0.398354	0.00594716
0.398092	0.00585592
0.398053	0.00577046
0.397908	0.00568596
0.397838	0.00560488
0.397954	0.00552863
0.397958	0.00545293
0.397952	0.00537914
0.397893	0.00530662
0.39792	0.00523714
0.397805	0.00516763
0.397865	0.00510213
0.397989	0.00503912
0.397988	0.00497611
0.39785	0.00491298
0.397837	0.00485289
0.397788	0.00479381
0.397724	0.00473597
0.397806	0.00468122
0.397781	0.00462649
0.397913	0.00457483
0.398122	0.00452526
0.398088	0.00447403
0.398075	0.00442415
0.398048	0.00437523
0.39815	0.00432879
0.398268	0.00428352
0.398234	0.00423757
0.398119	0.00419177
0.398087	0.00414776
0.39798	0.0041039
0.398079	0.00406303
0.397941	0.00402061
0.414761	0
0.418848	0
0.41473	0.207419
0.419325	0.139833
0.422038	0.105552
0.41795	0.0836418
0.420079	0.0700549
0.419162	0.059912
0.418793	0.0523735
0.419095	0.0465854
0.421519	0.0421751
0.420056	0.0382089
0.419676	0.0349916
0.419867	0.0323134
0.419734	0.0299947
0.418787	0.0279323
0.419511	0.0262316
0.419945	0.0247137
0.419616	0.023322
0.418917	0.0220579
0.419125	0.0209649
0.419216	0.0199705
0.41961	0.0190806
0.419711	0.0182551
0.419072	0.017468
0.418684	0.0167538
0.4191	0.0161254
0.419669	0.0155494
0.419578	0.0149906
0.419855	0.0144831
0.419615	0.0139923
0.419308	0.013531
0.419411	0.0131112
0.419349	0.0127119
0.419134	0.0123316
0.419724	0.0119964
0.419701	0.0116624
0.419882	0.0113521
0.420574	0.011072
0.420641	0.0107897
0.420584	0.0105185
0.420337	0.0102559
0.420572	0.0100173
0.420456	0.00978154
0.420651	0.00956364
0.421086	0.00936094
0.420826	0.00915179
0.420447	0.00894911
0.420799	0.00877008
0.420824	0.00859154
0.42079	0.00841897
0.420717	0.0082524
0.420621	0.00809181
0.420817	0.00794283
0.420593	0.0077916
0.420635	0.00765066
0.420863	0.00751812
0.420909	0.00738699
0.42092	0.00725976
0.421023	0.00713843
0.420898	0.00701736
0.421112	0.00690584
0.421012	0.00679282
0.421031	0.00668526
0.420908	0.00657886
0.420705	0.00647455
0.420803	0.00637791
0.420798	0.00628262
0.420705	0.00618884
0.420855	0.00610132
0.420747	0.00601259
0.420939	0.00593064
0.421011	0.00584925
0.420906	0.00576767
0.420618	0.00568592
0.420567	0.0056094
0.420508	0.00553479
0.42028	0.00546
0.420452	0.00539221
0.420587	0.00532566
0.420426	0.00525709
0.420421	0.0051921
0.420266	0.00512691
0.420352	0.00506615
0.420311	0.00500534
0.420421	0.00494774
0.420449	0.00489052
0.420646	0.0048366
0.420652	0.00478168
0.420629	0.00472769
0.420489	0.00467361
0.420467	0.004622
0.420505	0.00457215
0.420518	0.00452311
0.420494	0.00447473
0.420385	0.00442648
0.420628	0.00438295
0.420618	0.00433765
0.420757	0.00429481
0.420772	0.00425158
0.429474	0
0.441575	0
0.435013	0.217718
0.442802	0.147781
0.444063	0.111114
0.441513	0.0883737
0.44321	0.0739207
0.439614	0.0628576
0.441396	0.0552208
0.441568	0.0490997
0.44055	0.0440859
0.440419	0.0400636
0.437291	0.0364747
0.436868	0.0336342
0.436679	0.0312164
0.437471	0.0291872
0.438245	0.0274108
0.43825	0.0257975
0.437816	0.0243395
0.437343	0.0230331
0.438713	0.0219514
0.439178	0.0209278
0.438773	0.0199577
0.437572	0.0190389
0.437917	0.0182596
0.437209	0.017501
0.437679	0.0168457
0.437873	0.0162286
0.437135	0.015623
0.437255	0.015088
0.43766	0.0145984
0.43728	0.0141151
0.436921	0.0136627
0.437177	0.0132562
0.437321	0.0128704
0.437811	0.0125167
0.437991	0.0121738
0.438022	0.0118455
0.437978	0.0115324
0.438536	0.0112512
0.43859	0.0109711
0.438423	0.0106993
0.438441	0.0104449
0.438707	0.0102081
0.438704	0.00997589
0.438625	0.00975234
0.438495	0.00953743
0.438322	0.00933076
0.438256	0.0091349
0.438418	0.00895172
0.438559	0.00877542
0.438272	0.00859775
0.438368	0.00843419
0.438669	0.00828076
0.438348	0.00812152
0.438021	0.00796797
0.438103	0.00782708
0.438269	0.00769264
0.438199	0.00755875
0.438501	0.0074358
0.438663	0.00731453
0.438665	0.00719461
0.438767	0.00708016
0.438487	0.00696337
0.438971	0.00686235
0.438825	0.00675451
0.439162	0.00665735
0.439043	0.00655617
0.439075	0.00646019
0.438936	0.00636452
0.438928	0.00627344
0.439215	0.00618918
0.439188	0.00610281
0.438941	0.00601585
0.439142	0.00593728
0.438987	0.00585604
0.439072	0.00578007
0.43904	0.00570456
0.439023	0.00563117
0.43891	0.00555845
0.438792	0.00548747
0.438837	0.00542025
0.438726	0.00535277
0.438727	0.00528827
0.4388	0.00522616
0.438997	0.00516701
0.439027	0.00510725
0.438923	0.00504734
0.439034	0.00499123
0.439196	0.00493698
0.439022	0.0048802
0.4388	0.00482416
0.438579	0.00476937
0.438426	0.00471644
0.438259	0.0046645
0.43793	0.00461204
0.437884	0.0045635
0.437872	0.0045163
0.437959	0.00447109
0.437815	0.00442448
0.441567	0
0.448559	0
0.44467	0.222406
0.452604	0.150998
0.450403	0.112678
0.448046	0.0896652
0.451044	0.0752242
0.448899	0.0641711
0.45052	0.0563508
0.450961	0.0501352
0.451067	0.0451297
0.450005	0.04093
0.448546	0.0373986
0.448156	0.0344906
0.44824	0.0320318
0.450394	0.0300445
0.450004	0.0281414
0.448986	0.0264265
0.448782	0.0249463
0.448654	0.0236259
0.44728	0.0223776
0.448352	0.0213637
0.447713	0.0203635
0.446511	0.019427
0.445669	0.0185828
0.444356	0.0177885
0.444211	0.0170983
0.444201	0.0164642
0.444413	0.0158834
0.44425	0.0153297
0.444537	0.014828
0.444609	0.0143517
0.444698	0.0139057
0.444391	0.0134749
0.443513	0.0130534
0.44386	0.0126903
0.44405	0.0123428
0.444267	0.0120149
0.444604	0.0117075
0.444759	0.0114112
0.444032	0.0111082
0.443784	0.0108311
0.443192	0.0105594
0.442988	0.0103089
0.443558	0.0100878
0.443686	0.00986633
0.443137	0.00964013
0.443042	0.00943288
0.442969	0.00923471
0.443056	0.00904791
0.443111	0.00886794
0.44287	0.00868928
0.443117	0.0085269
0.443158	0.00836669
0.443108	0.00821073
0.442681	0.00805381
0.442881	0.00791352
0.442467	0.00776754
0.44216	0.00762835
0.442324	0.00750179
0.441878	0.00736947
0.441767	0.00724678
0.44153	0.00712606
0.441583	0.00701372
0.441638	0.00690494
0.441138	0.00679123
0.441108	0.00668782
0.440995	0.00658626
0.440722	0.00648541
0.440469	0.00638777
0.440484	0.00629667
0.439978	0.00620111
0.440049	0.00611591
0.440043	0.006032
0.439908	0.00594863
0.439639	0.00586576
0.439637	0.0057885
0.439498	0.00571149
0.439397	0.00563695
0.439575	0.00556784
0.439727	0.00550012
0.439866	0.00543391
0.439805	0.00536686
0.439987	0.00530438
0.440103	0.0052426
0.440213	0.00518218
0.440248	0.00512231
0.440186	0.00506268
0.440069	0.0050038
0.44034	0.00495067
0.440286	0.00489504
0.440384	0.0048423
0.440413	0.00478995
0.440499	0.00473934
0.440612	0.00469012
0.440633	0.00464094
0.440903	0.00459547
0.440955	0.0045486
0.440859	0.00450118
0.440882	0.00445592
0.435294	0
0.432089	0
0.428071	0.214081
0.439394	0.1467
0.433958	0.108662
0.431967	0.0865074
0.428919	0.0715782
0.430482	0.0615674
0.43288	0.0541706
0.430345	0.0478725
0.429709	0.0430171
0.430264	0.0391533
0.429376	0.0358146
0.431041	0.0331887
0.429359	0.0306995
0.427858	0.0285537
0.428852	0.0268307
0.429476	0.0252881
0.430286	0.0239276
0.43211	0.0227671
0.431311	0.0215884
0.430919	0.0205409
0.430664	0.0195948
0.430231	0.0187235
0.428763	0.0178841
0.428937	0.017175
0.428424	0.0164944
0.42821	0.0158751
0.428588	0.0153212
0.428804	0.0147999
0.426872	0.0142463
0.427383	0.013803
0.428013	0.0133913
0.4287	0.0130064
0.428205	0.0126092
0.428802	0.012266
0.430082	0.0119623
0.430566	0.0116519
0.430499	0.0113432
0.431208	0.0110707
0.431436	0.0107994
0.431567	0.0105388
0.4318	0.0102932
0.432253	0.0100644
0.43186	0.0098266
0.431574	0.00960173
0.431911	0.0094002
0.431819	0.00919804
0.43131	0.00899591
0.431278	0.00881147
0.431488	0.0086393
0.43137	0.00846741
0.431634	0.00830956
0.431551	0.00815106
0.431442	0.00799795
0.43112	0.00784667
0.430749	0.00769994
0.43042	0.00755907
0.430358	0.00742756
0.430433	0.0073028
0.430323	0.00717916
0.43029	0.00706082
0.430262	0.00694638
0.43027	0.00683614
0.430566	0.00673394
0.430247	0.00662546
0.430353	0.0065266
0.430588	0.00643268
0.431201	0.00634743
0.431078	0.00625359
0.430883	0.00616142
0.43107	0.00607724
0.430953	0.00599114
0.431094	0.00591095
0.43097	0.00582935
0.430456	0.00574501
0.430859	0.00567483
0.430874	0.00560126
0.430696	0.00552714
0.431408	0.0054667
0.43106	0.00539409
0.431219	0.00532942
0.431091	0.00526282
0.431347	0.0052025
0.431413	0.00514129
0.431152	0.00507775
0.431242	0.00501971
0.431224	0.00496174
0.430887	0.00490161
0.431277	0.00485103
0.430966	0.00479373
0.430829	0.00473952
0.430979	0.00468961
0.4312	0.00464155
0.431542	0.0045959
0.431453	0.00454653
0.431127	0.00449586
0.431127	0.00444946
0.430901	0.00440176
0.430848	0.00435672
0.438454	0
0.431492	0
0.430334	0.215208
0.423613	0.1413
0.42041	0.10517
0.431919	0.0866162
0.433992	0.0724966
0.42855	0.0613832
0.426508	0.0534429
0.425571	0.047389
0.429872	0.0430938
0.426798	0.0389005
0.428097	0.0357611
0.424578	0.0327498
0.425248	0.0304528
0.422586	0.0282496
0.424186	0.0265824
0.423477	0.0249738
0.423609	0.0235904
0.423427	0.0223364
0.423213	0.0212066
0.424285	0.020247
0.425627	0.0193879
0.425854	0.0185532
0.425359	0.0177583
0.424665	0.0170195
0.424625	0.0163622
0.424313	0.0157437
0.42553	0.0152256
0.424287	0.0146587
0.424083	0.0141625
0.424271	0.0137109
0.424199	0.0132794
0.423616	0.0128591
0.423826	0.0124865
0.423264	0.0121135
0.42295	0.0117679
0.423992	0.0114788
0.423539	0.0111645
0.423144	0.0108679
0.422625	0.0105831
0.421283	0.0102941
0.421593	0.010056
0.422741	0.00985
0.423021	0.00963216
0.423346	0.00942504
0.423299	0.00921877
0.423479	0.00902615
0.423778	0.0088441
0.423474	0.00865722
0.422379	0.00846337
0.423007	0.00830987
0.422996	0.00814956
0.422929	0.00799426
0.423046	0.00784815
0.422239	0.00769134
0.421932	0.00754838
0.422046	0.00741772
0.422547	0.00729852
0.421775	0.00716227
0.422419	0.00705388
0.422105	0.006933
0.4215	0.00681167
0.421504	0.00670341
0.420878	0.00658918
0.420503	0.00648202
0.420984	0.00639118
0.420998	0.00629581
0.421857	0.00621654
0.421764	0.00612493
0.421813	0.00603796
0.42211	0.00595702
0.422093	0.00587389
0.422092	0.00579326
0.421782	0.00571076
0.421526	0.00563114
0.421665	0.00555876
0.421169	0.00548029
0.421167	0.00540988
0.420863	0.00533753
0.420135	0.00526224
0.420517	0.00520203
0.420163	0.00513432
0.420519	0.00507676
0.420776	0.00501933
0.420189	0.00495368
0.420226	0.0048964
0.42044	0.00484251
0.42032	0.00478603
0.420374	0.00473276
0.420142	0.00467756
0.41971	0.00462154
0.419867	0.00457294
0.419761	0.00452255
0.420057	0.00447758
0.420462	0.00443482
0.420665	0.00439069
0.420669	0.00434538
0.420619	0.00430044
0.420438	0.00425514
0.388599	0
0.32167	0
0.321572	0.165364
0.323636	0.109605
0.328782	0.083157
0.338047	0.068352
0.342063	0.0575422
0.340424	0.0490264
0.336107	0.0423493
0.336776	0.0376844
0.335464	0.0337642
0.33716	0.0308344
0.338069	0.0283274
0.341579	0.0264253
0.33886	0.0243463
0.337719	0.0226407
0.339582	0.0213395
0.336148	0.0198953
0.333889	0.0186669
0.331028	0.0175419
0.32893	0.0165619
0.32682	0.0156753
0.325201	0.014889
0.326629	0.0143021
0.327149	0.0137241
0.32755	0.0131877
0.325574	0.012608
0.327612	0.0122195
0.329132	0.0118377
0.325168	0.0113158
0.324396	0.0109107
0.32212	0.0104912
0.3201	0.0101043
0.318732	0.00975709
0.32067	0.00952973
0.321191	0.0092699
0.320361	0.00898815
0.320919	0.00875834
0.322184	0.00856117
0.32331	0.00837019
0.323208	0.00815648
0.322996	0.00795069
0.322837	0.00775598
0.323659	0.00759405
0.322842	0.00740261
0.324158	0.00726839
0.323385	0.00709329
0.322851	0.00693025
0.32375	0.00680446
0.32521	0.00669725
0.325415	0.00656626
0.325951	0.00644727
0.325869	0.00632068
0.326494	0.00621272
0.326566	0.00609805
0.327603	0.00600663
0.327615	0.0058987
0.327406	0.00579083
0.326764	0.00567984
0.32747	0.00559545
0.327906	0.00550896
0.328801	0.00543373
0.32912	0.00535066
0.328672	0.00525833
0.328762	0.00517693
0.328875	0.00509844
0.328228	0.00501152
0.328194	0.00493565
0.327165	0.00484914
0.327641	0.00478552
0.327559	0.00471549
0.327848	0.00465273
0.327708	0.00458574
0.327581	0.00452076
0.326754	0.00444917
0.32727	0.00439665
0.327352	0.00433946
0.32795	0.00429094
0.328044	0.00423674
0.328202	0.00418474
0.327443	0.00412353
0.327293	0.00407046
0.327657	0.00402507
0.327686	0.00397656
0.327699	0.00392904
0.326209	0.00386851
0.325757	0.00381828
0.325377	0.00376994
0.325718	0.00373078
0.326249	0.00369489
0.326012	0.00365099
0.326018	0.00361063
0.325352	0.00356458
0.326036	0.00353397
0.325478	0.00349067
0.324647	0.00344602
0.324521	0.00340856
0.325047	0.00337894
0.324401	0.00333829
0.324596	0.0033063
