0
1.32086
1.18923
1.18923
1.18923
0.450126
0.450126
0.450126
-0.819647
-0.819647
-0.819647
-0.819647
-0.858607
-0.978598
-0.978598
-1.14081
-0.468968
-0.468968
-0.468968
-0.458282
0.611556
1.48554
1.48554
-0.694558
-0.694558
-0.694558
0.83402
-0.741298
-0.741298
1.06061
-1.04562
0.18191
0.18191
-1.12514
-0.905715
-1.01195
-1.01195
-1.01195
-1.01195
1.30171
-0.196037
1.2348
-0.483684
0.52246
-0.0532117
-0.0532117
-0.416214
-0.416214
-0.416214
0.743705
0.743705
0.743705
0.743705
0.743705
0.743705
0.743705
-0.634195
-0.359263
0.146326
0.146326
-0.764528
-0.764528
-0.764528
-0.764528
-0.764528
-0.764528
0.921035
0.921035
0.584801
0.584801
0.584801
0.584801
0.584801
-1.21298
-1.21298
-1.21298
-1.21298
0.650353
0.650353
0.340976
0.906981
0.906981
0.882878
0.0718973
0.0718973
0.0718973
1.21248
1.21248
1.21248
0.0412426
0.756117
0.756117
0.756117
0.756117
0.756117
0.756117
0.756117
0.756117
1.43564
1.65824
1.65824
1.65824
-0.166194
-0.591949
-0.591949
-0.591949
-0.519234
-0.402435
-0.402435
1.91984
0.7267
-0.845483
-0.845483
-0.845483
-0.845483
-0.845483
-0.845483
-0.527763
0.918431
0.918431
0.713134
0.713134
0.713134
0.713134
0.713134
-0.501749
-0.501749
0.862647
-0.0599566
-0.0599566
0.303539
1.26547
-0.870963
-0.928251
-0.928251
-0.886909
-1.52948
-1.52948
-1.52948
-1.52948
-1.52948
0.984574
0.984574
-1.22868
-0.649361
-0.259298
1.14454
1.14454
1.14454
1.34378
0.216749
0.216749
0.216749
0.216749
-0.33563
-0.33563
-0.33563
-0.33563
-0.33563
0.666196
0.666196
1.44338
0.91503
0.91503
-1.15872
-1.15872
0.854871
0.854871
-0.491369
-0.491369
-0.491369
-0.491369
-0.491369
-0.491369
-0.491369
-0.491369
-0.890856
-0.890856
-0.890856
0.742983
-0.52301
-0.52301
-0.46373
-0.46373
-0.70218
0.393862
0.393862
0.636666
0.636666
0.636666
0.794509
0.794509
0.794509
0.492016
0.492016
0.550148
0.550148
-0.970732
-0.970732
-0.970732
-0.970732
1.37015
-0.403719
-0.403719
-0.403719
-0.403719
0.668038
0.668038
0.375299
0.375299
0.869493
0.869493
0.869493
-0.457287
1.6033
-0.478313
-0.145598
-0.145598
-0.145598
-0.934282
-0.934282
-0.934282
-0.14047
-0.14047
-0.177371
-0.177371
-0.177371
-0.177371
0.60232
0.672276
0.672276
0.751779
-0.434171
-0.434171
-0.434171
-0.434171
-0.463451
0.620512
0.518788
0.518788
1.26784
-1.22957
0.336075
0.499719
0.0130792
0.0130792
0.0130792
-1.05667
-1.05667
-1.05667
-1.05667
0.596269
-0.880556
0.285751
-0.218282
-0.838526
0.938977
0.938977
0.938977
0.938977
0.938977
0.938977
0.938977
0.938977
0.938977
-0.289307
-0.289307
-0.289307
-0.289307
-1.16049
1.33088
-0.284436
-0.284436
-0.284436
-0.284436
0.121051
0.121051
0.121051
0.121051
0.121051
-1.01777
-1.01777
-0.264834
0.39009
0.593829
0.593829
0.593829
0.593829
0.593829
0.593829
1.23437
0.809089
0.80595
0.80595
1.22925
0.607836
0.672639
0.672639
-0.448626
-1.14964
-1.14964
-1.14964
-1.14964
-0.13889
-0.13889
-0.54621
-0.54621
-0.54621
-0.54621
0.0901658
0.0901658
-1.02671
-0.0511383
-0.0511383
-0.0511383
0.373075
1.57526
1.18018
1.25922
1.25922
-1.28736
0.541184
0.541184
0.850535
0.850535
0.850535
1.25814
1.25814
0.385564
0.385564
0.385564
0.385564
-0.693788
0.151332
0.995205
0.995205
0.995205
1.55158
1.55158
-0.364945
-0.364945
1.25199
1.25199
-1.20517
-1.20517
-0.151611
-0.151611
-0.151611
-0.561162
-0.823665
-0.170212
1.62639
1.03545
1.03545
6.70706e-06
6.70706e-06
6.70706e-06
-0.59663
0.897115
0.897115
-0.333486
-0.333486
-0.285341
-0.285341
-0.285341
0.866905
0.866905
0.866905
1.00656
1.00656
1.00656
-0.0145109
-0.0145109
-0.0145109
-0.365079
-0.365079
0.919172
0.919172
0.919172
0.919172
0.840205
0.840205
-1.10822
-1.10822
-1.10822
-1.10822
-0.953775
0.768943
0.768943
0.482083
0.482083
0.482083
0.482083
0.482083
0.291062
-0.384504
0.911371
0.911371
0.911371
0.911371
0.911371
0.911371
-0.462063
-0.490187
-0.490187
0.256029
0.256029
1.27104
1.27104
0.392637
-0.703674
0.327103
-0.67897
-0.67897
-0.98746
-0.628529
-0.782263
1.061
1.061
1.061
0.0809471
0.0809471
0.507345
0.507345
0.507345
-0.898966
0.767204
-0.0724479
-0.0724479
-0.0724479
1.09788
1.09788
1.09788
1.09788
1.09788
-0.766365
1.0488
1.0488
1.0488
-0.567806
-0.567806
-0.567806
-0.567806
-0.567806
-0.567806
-0.567806
-0.567806
-0.567806
-0.567806
-0.567806
-0.554492
-0.554492
-0.554492
-0.554492
-0.554492
-0.554492
-0.397494
-0.958723
-0.958723
-0.958723
-0.958723
-0.958723
-0.865853
-0.865853
-0.865853
-0.865853
-0.376624
-0.376624
-0.376624
-0.376624
-0.376624
0.0566855
-0.462288
-0.462288
-0.462288
-0.462288
-0.462288
1.10616
1.10616
0.524859
0.524859
0.524859
0.524859
0.524859
0.524859
-0.450564
1.21049
-0.721359
-0.721359
-1.33254
-1.33254
-1.33254
-1.33254
-1.33254
-1.33254
0.0344716
0.0344716
0.0344716
0.0344716
0.423194
0
1.32086
1.18923
1.18923
1.18923
0.450126
0.450126
0.450126
-0.819647
-0.819647
-0.819647
-0.819647
-0.858607
-0.978598
-0.978598
-1.14081
-0.468968
-0.468968
-0.468968
-0.458282
0.611556
1.48554
1.48554
-0.694558
-0.694558
-0.694558
0.83402
-0.741298
-0.741298
1.06061
-1.04562
0.18191
0.18191
-1.12514
-0.905715
-1.01195
-1.01195
-1.01195
-1.01195
1.30171
-0.196037
1.2348
-0.483684
0.52246
-0.0532117
-0.0532117
-0.416214
-0.416214
-0.416214
0.743705
0.743705
0.743705
0.743705
0.743705
0.743705
0.743705
-0.634195
-0.359263
0.146326
0.146326
-0.764528
-0.764528
-0.764528
-0.764528
-0.764528
-0.764528
0.921035
0.921035
0.584801
0.584801
0.584801
0.584801
0.584801
-1.21298
-1.21298
-1.21298
-1.21298
0.650353
0.650353
0.340976
0.906981
0.906981
0.882878
0.0718973
0.0718973
0.0718973
1.21248
1.21248
1.21248
0.0412426
0.756117
0.756117
0.756117
0.756117
0.756117
0.756117
0.756117
0.756117
1.43564
1.65824
1.65824
1.65824
-0.166194
-0.591949
-0.591949
-0.591949
-0.519234
-0.402435
-0.402435
1.91984
0.7267
-0.845483
-0.845483
-0.845483
-0.845483
-0.845483
-0.845483
-0.527763
0.918431
0.918431
0.713134
0.713134
0.713134
0.713134
0.713134
-0.501749
-0.501749
0.862647
-0.0599566
-0.0599566
0.303539
1.26547
-0.870963
-0.928251
-0.928251
-0.886909
-1.52948
-1.52948
-1.52948
-1.52948
-1.52948
0.984574
0.984574
-1.22868
-0.649361
-0.259298
1.14454
1.14454
1.14454
1.34378
0.216749
0.216749
0.216749
0.216749
-0.33563
-0.33563
-0.33563
-0.33563
-0.33563
0.666196
0.666196
1.44338
0.91503
0.91503
-1.15872
-1.15872
0.854871
0.854871
-0.491369
-0.491369
-0.491369
-0.491369
-0.491369
-0.491369
-0.491369
-0.491369
-0.890856
-0.890856
-0.890856
0.742983
-0.52301
-0.52301
-0.46373
-0.46373
-0.70218
0.393862
0.393862
0.636666
0.636666
0.636666
0.794509
0.794509
0.794509
0.492016
0.492016
0.550148
0.550148
-0.970732
-0.970732
-0.970732
-0.970732
1.37015
-0.403719
-0.403719
-0.403719
-0.403719
0.668038
0.668038
0.375299
0.375299
0.869493
0.869493
0.869493
-0.457287
1.6033
-0.478313
-0.145598
-0.145598
-0.145598
-0.934282
-0.934282
-0.934282
-0.14047
-0.14047
-0.177371
-0.177371
-0.177371
-0.177371
0.60232
0.672276
0.672276
0.751779
-0.434171
-0.434171
-0.434171
-0.434171
-0.463451
0.620512
0.518788
0.518788
1.26784
-1.22957
0.336075
0.499719
0.0130792
0.0130792
0.0130792
-1.05667
-1.05667
-1.05667
-1.05667
0.596269
-0.880556
0.285751
-0.218282
-0.838526
0.938977
0.938977
0.938977
0.938977
0.938977
0.938977
0.938977
0.938977
0.938977
-0.289307
-0.289307
-0.289307
-0.289307
-1.16049
1.33088
-0.284436
-0.284436
-0.284436
-0.284436
0.121051
0.121051
0.121051
0.121051
0.121051
-1.01777
-1.01777
-0.264834
0.39009
0.593829
0.593829
0.593829
0.593829
0.593829
0.593829
1.23437
0.809089
0.80595
0.80595
1.22925
0.607836
0.672639
0.672639
-0.448626
-1.14964
-1.14964
-1.14964
-1.14964
-0.13889
-0.13889
-0.54621
-0.54621
-0.54621
-0.54621
0.0901658
0.0901658
-1.02671
-0.0511383
-0.0511383
-0.0511383
0.373075
1.57526
1.18018
1.25922
1.25922
-1.28736
0.541184
0.541184
0.850535
0.850535
0.850535
1.25814
1.25814
0.385564
0.385564
0.385564
0.385564
-0.693788
0.151332
0.995205
0.995205
0.995205
1.55158
1.55158
-0.364945
-0.364945
1.25199
1.25199
-1.20517
-1.20517
-0.151611
-0.151611
-0.151611
-0.561162
-0.823665
-0.170212
1.62639
1.03545
1.03545
6.70706e-06
6.70706e-06
6.70706e-06
-0.59663
0.897115
0.897115
-0.333486
-0.333486
-0.285341
-0.285341
-0.285341
0.866905
0.866905
0.866905
1.00656
1.00656
1.00656
-0.0145109
-0.0145109
-0.0145109
-0.365079
-0.365079
0.919172
0.919172
0.919172
0.919172
0.840205
0.840205
-1.10822
-1.10822
-1.10822
-1.10822
-0.953775
0.768943
0.768943
0.482083
0.482083
0.482083
0.482083
0.482083
0.291062
-0.384504
0.911371
0.911371
0.911371
0.911371
0.911371
0.911371
-0.462063
-0.490187
-0.490187
0.256029
0.256029
1.27104
1.27104
0.392637
-0.703674
0.327103
-0.67897
-0.67897
-0.98746
-0.628529
-0.782263
1.061
1.061
1.061
0.0809471
0.0809471
0.507345
0.507345
0.507345
-0.898966
0.767204
-0.0724479
-0.0724479
-0.0724479
1.09788
1.09788
1.09788
1.09788
1.09788
-0.766365
1.0488
1.0488
1.0488
-0.567806
-0.567806
-0.567806
-0.567806
-0.567806
-0.567806
-0.567806
-0.567806
-0.567806
-0.567806
-0.567806
-0.554492
-0.554492
-0.554492
-0.554492
-0.554492
-0.554492
-0.397494
-0.958723
-0.958723
-0.958723
-0.958723
-0.958723
-0.865853
-0.865853
-0.865853
-0.865853
-0.376624
-0.376624
-0.376624
-0.376624
-0.376624
0.0566855
-0.462288
-0.462288
-0.462288
-0.462288
-0.462288
1.10616
1.10616
0.524859
0.524859
0.524859
0.524859
0.524859
0.524859
-0.450564
1.21049
-0.721359
-0.721359
-1.33254
-1.33254
-1.33254
-1.33254
-1.33254
-1.33254
0.0344716
0.0344716
0.0344716
0.0344716
0.423194
