0.353268	0.423693	0.39841
-0.360154	-0.437504	0.2325
-0.456702	-0.209232	-0.431565
-0.392584	0.492509	0.426388
0.213659	0.132032	0.273778
-0.0674484	-0.0858965	-0.343564
0.0606082	0.445493	-0.0272344
0.145866	0.453135	0.411338
0.156942	0.0371781	0.448364
-0.220835	0.282299	-0.469303
0.406713	0.185889	0.221836
0.429704	0.119525	-0.317168
-0.2751	-0.359188	0.0205839
-0.302514	-0.140984	0.362219
-0.470732	-0.326319	-0.154891
-0.192684	0.0745792	-0.40118
-0.144507	0.449415	-0.0290264
0.456485	-0.0828419	-0.267091
0.276994	0.0148558	-0.160939
0.124039	0.477435	-0.391533
0.364363	-0.229896	0.428533
-0.193736	-0.433778	0.333077
-0.378779	0.0195137	0.0640998
0.282379	-0.406556	0.216852
0.110371	0.279433	-0.257647
-0.258887	0.0597604	0.401653
0.342451	0.314142	-0.280056
-0.291962	-0.312946	0.460449
-0.30392	0.426096	-0.18123
-0.0681105	-0.00200425	0.454871
-0.206471	0.483567	-0.384453
-0.269267	0.263362	-0.00108916
-0.242564	-0.113741	-0.449311
-0.257449	0.239039	-0.233364
0.0276734	0.475371	0.15686
0.399203	-0.273266	-0.305394
-0.266128	-0.142982	0.125094
0.00282833	0.454242	-0.231438
0.197057	0.298195	0.0415855
0.217932	-0.451392	0.0297776
0.0404632	-0.287388	-0.355234
0.145026	-0.217045	-0.0812752
-0.127945	-0.280361	-0.448852
-0.185016	-0.392828	-0.159767
0.253222	-0.386391	0.473396
-0.328035	-0.205652	-0.269926
0.0267422	0.158975	-0.421274
0.42541	-0.365952	0.016423
0.475106	0.0246846	-0.0854841
-0.00123285	-0.0695753	-0.0827794
-0.0874342	-0.237953	0.349662
0.105924	0.136039	-0.0535664
-0.0719337	0.400846	0.304238
0.09657	-0.0676808	0.0853335
-0.456897	0.185071	-0.163813
0.375732	-0.177756	-0.122821
-0.402129	0.193308	0.15824
-0.0519996	0.279331	-0.142529
-0.437492	-0.192841	-0.000573737
0.465625	-0.0259297	0.225001
0.409464	-0.488346	-0.24062
0.341672	0.210143	-0.0774867
0.451351	0.473783	0.165096
-0.486511	-0.0142812	-0.47343
0.190289	-0.183098	-0.277426
0.218965	-0.40159	-0.211572
-0.488321	0.477722	-0.0649589
0.0398335	0.19588	0.192423
0.122311	-0.268555	0.214048
0.320253	-0.101202	-0.412566
-0.0794944	0.312505	0.0868404
0.235206	0.305849	-0.454535
0.271217	0.417153	-0.129456
-0.115731	0.0436832	0.06614
-0.25476	0.0564036	-0.0921094
0.438624	-0.4625	-0.451676
-0.388773	-0.417224	-0.327932
-0.158544	-0.450012	0.144107
-0.0731511	-0.226984	0.144547
-0.499157	-0.368122	0.331601
-0.116499	0.182318	0.370858
-0.110884	-0.226083	-0.21415
0.267065	0.371914	0.230458
0.0974915	0.240495	0.398703
-0.372883	0.16002	-0.449368
-0.19356	0.186679	0.170341
-0.437709	0.378661	-0.345989
-0.24631	-0.18174	-0.0858594
-0.0964322	0.0798825	-0.225919
0.451263	0.277946	-0.475686
-0.044587	-0.417798	0.44886
0.363276	0.0869583	0.440303
0.335638	0.0500772	0.0782283
-0.291245	0.40928	0.113883
-0.283258	0.297583	0.32163
0.390678	-0.169506	0.0911987
-0.443061	0.127473	0.365805
-0.332421	-0.00446131	-0.297734
0.24243	0.116837	-0.394995
0.458731	0.290149	0.0399852
-0.492369	0.329883	0.287514
0.0343668	-0.359142	0.00302194
-0.437112	-0.216018	0.23483
0.276475	-0.103148	0.244811
0.127424	-0.210592	0.437903
-0.136517	-0.00605374	0.258846
-0.0165871	0.347393	-0.469716
0.0950092	0.0703316	-0.251093
