0 -0.762899 0.00327034
1 -0.762934 0.00324225
2 -0.762934 0.00322554
3 -0.763104 0.00320338
4 -0.762658 0.00314854
5 -0.762511 0.00311067
6 -0.762317 0.00300586
7 -0.762292 0.00301545
8 -0.762649 0.00295925
9 -0.76316 0.0029226
10 -0.763649 0.00284739
11 -0.763495 0.00293262
12 -0.763785 0.00284331
13 -0.763217 0.00284948
14 -0.762579 0.00282725
15 -0.762884 0.00271748
16 -0.763033 0.0026569
17 -0.762907 0.00270855
18 -0.762941 0.0027264
19 -0.762708 0.00265236
20 -0.762552 0.00256925
21 -0.762726 0.0024462
22 -0.762824 0.00240909
23 -0.763035 0.00240957
24 -0.762999 0.00258111
25 -0.763019 0.00253476
26 -0.762904 0.00248013
27 -0.762897 0.00251538
28 -0.762846 0.00252467
29 -0.763648 0.00244549
30 -0.763613 0.00243478
31 -0.763714 0.00243368
32 -0.76376 0.00250504
33 -0.764139 0.00268035
34 -0.763878 0.00271096
35 -0.763982 0.00280568
36 -0.763743 0.00275823
37 -0.764089 0.0027618
38 -0.764193 0.00271044
39 -0.763921 0.00276978
40 -0.764159 0.00277985
41 -0.764021 0.002798
42 -0.764604 0.00294355
43 -0.76423 0.00279158
44 -0.764386 0.00294072
45 -0.764043 0.00292679
46 -0.763903 0.00294481
47 -0.763372 0.00292669
48 -0.763224 0.00295094
49 -0.762681 0.00300383
50 -0.763132 0.00301646
51 -0.763715 0.00307034
52 -0.763784 0.00307924
53 -0.764204 0.00301158
54 -0.763758 0.00300829
55 -0.764121 0.00293575
56 -0.763766 0.00286207
57 -0.763778 0.00283892
58 -0.763641 0.00281491
59 -0.7637 0.0028493
60 -0.764228 0.00276439
61 -0.764178 0.00273417
62 -0.764264 0.00270102
63 -0.764273 0.00265994
64 -0.764534 0.00262581
65 -0.764143 0.00269667
66 -0.764721 0.00256187
67 -0.76455 0.00251642
68 -0.764609 0.00239636
69 -0.764805 0.0025132
70 -0.764501 0.0024865
71 -0.764751 0.00242818
72 -0.764957 0.00234042
73 -0.76517 0.00238998
74 -0.765897 0.00249981
75 -0.766692 0.00268362
76 -0.766174 0.0027299
77 -0.766419 0.00278618
78 -0.766596 0.0027021
79 -0.767148 0.00257717
80 -0.767307 0.00255011
81 -0.767048 0.00247864
82 -0.76766 0.00260164
83 -0.767526 0.00247622
84 -0.768185 0.00250485
85 -0.768261 0.00260033
86 -0.768467 0.00257853
87 -0.768417 0.00258957
88 -0.768727 0.00263153
89 -0.768969 0.0026191
90 -0.768793 0.00254026
91 -0.768826 0.00253901
92 -0.768708 0.00248926
93 -0.769347 0.00254058
94 -0.769086 0.00260077
95 -0.769423 0.00262048
96 -0.76974 0.00273845
97 -0.76991 0.00274028
98 -0.770343 0.00280956
99 -0.769985 0.00279226
100 -0.769565 0.00289756
101 -0.769921 0.00290528
102 -0.770184 0.00293436
103 -0.769972 0.00296975
104 -0.769792 0.00298043
105 -0.769945 0.00293772
106 -0.769751 0.00292181
107 -0.769627 0.00292987
108 -0.769846 0.0029605
109 -0.770054 0.00293265
110 -0.76967 0.0029495
111 -0.770099 0.0029151
112 -0.769944 0.00282014
113 -0.769936 0.0027819
114 -0.769878 0.00269224
115 -0.769892 0.00261481
116 -0.770274 0.00261037
117 -0.77013 0.00261299
118 -0.770488 0.00255093
119 -0.770877 0.00253594
120 -0.770816 0.00255987
121 -0.770676 0.00251081
122 -0.771169 0.00253587
123 -0.771422 0.00258484
124 -0.770919 0.00246507
125 -0.771087 0.00248638
126 -0.770981 0.00252261
127 -0.770835 0.00253455
128 -0.771072 0.00243472
129 -0.771371 0.00257517
130 -0.771764 0.00260443
131 -0.771724 0.00266936
132 -0.771002 0.0027198
133 -0.770514 0.00274391
134 -0.770373 0.00267532
135 -0.770515 0.00272882
136 -0.770841 0.002644
137 -0.771161 0.002729
138 -0.771468 0.00274685
139 -0.77165 0.00272229
140 -0.772124 0.00266255
141 -0.772279 0.0027045
142 -0.77256 0.00263212
143 -0.77238 0.00261224
144 -0.772188 0.00258892
145 -0.771988 0.00254964
146 -0.772183 0.00251927
147 -0.772432 0.00244023
148 -0.772448 0.00249865
149 -0.772662 0.0024558
150 -0.772614 0.00246521
151 -0.772986 0.0024478
152 -0.772773 0.00250464
153 -0.772726 0.00247098
154 -0.772616 0.00253394
155 -0.772484 0.002556
156 -0.772233 0.00251954
157 -0.772311 0.0024993
158 -0.771991 0.00252971
159 -0.772145 0.00248925
160 -0.772593 0.00265882
161 -0.773115 0.00259473
162 -0.773244 0.00260716
163 -0.77368 0.00260077
164 -0.773326 0.002609
165 -0.773687 0.00255783
166 -0.773468 0.00262258
167 -0.772959 0.00256559
168 -0.772723 0.00251226
169 -0.772928 0.00243603
170 -0.772546 0.00246617
171 -0.772774 0.00251789
172 -0.77263 0.0024541
173 -0.77263 0.00246518
174 -0.772857 0.00242387
175 -0.773108 0.00239622
176 -0.773202 0.0024547
177 -0.772976 0.00243025
178 -0.773229 0.00242713
179 -0.773092 0.002419
180 -0.773139 0.00241123
181 -0.773372 0.00231641
182 -0.772977 0.00233057
183 -0.773069 0.0024126
184 -0.772064 0.00234035
185 -0.772001 0.00246877
186 -0.771795 0.00252144
187 -0.771633 0.00258593
188 -0.771467 0.00253489
189 -0.771262 0.00258781
190 -0.771525 0.00249003
191 -0.771983 0.00246792
192 -0.771998 0.00242114
193 -0.772403 0.00245709
194 -0.772104 0.00245626
195 -0.771593 0.00256275
196 -0.771601 0.00256307
197 -0.771516 0.00260016
198 -0.771329 0.00261758
199 -0.771152 0.00258083
200 -0.771267 0.0026288
201 -0.771321 0.0026623
202 -0.770868 0.00265959
203 -0.770782 0.00273357
204 -0.77081 0.0027669
205 -0.770891 0.002804
206 -0.771544 0.00275721
207 -0.771131 0.0026522
208 -0.770807 0.00268448
209 -0.770632 0.00262136
210 -0.770647 0.00275244
211 -0.770937 0.00278496
212 -0.771075 0.00285941
213 -0.77101 0.00283496
214 -0.771006 0.00295564
215 -0.771408 0.00298767
216 -0.771456 0.00297141
217 -0.771434 0.00297311
218 -0.771679 0.00298146
219 -0.771684 0.00305118
220 -0.771899 0.00305627
221 -0.772254 0.00302276
222 -0.77207 0.00297116
223 -0.77175 0.00308472
224 -0.77183 0.00313752
225 -0.771701 0.00309661
226 -0.7719 0.00306666
227 -0.772269 0.00303802
228 -0.771954 0.00306364
229 -0.77196 0.00319738
230 -0.772226 0.00319368
231 -0.772517 0.00306478
232 -0.772555 0.0030277
233 -0.772691 0.00295373
234 -0.772456 0.00299034
235 -0.772993 0.00298635
236 -0.772776 0.00302745
237 -0.772733 0.0029851
238 -0.772748 0.00296143
239 -0.772821 0.00295584
240 -0.772278 0.00297135
241 -0.772263 0.00296351
242 -0.771844 0.00307231
243 -0.771826 0.00304987
244 -0.771598 0.00310451
245 -0.771379 0.00319277
246 -0.771401 0.00316209
247 -0.770792 0.00315577
248 -0.77101 0.00326696
249 -0.771395 0.00337457
250 -0.771466 0.00349224
251 -0.771057 0.00344626
252 -0.770944 0.00334626
253 -0.770762 0.00333884
254 -0.770824 0.00329003
255 -0.7709 0.00322014
256 -0.770598 0.00321276
257 -0.770774 0.00319955
258 -0.771085 0.00321197
259 -0.770651 0.00323886
260 -0.770691 0.0032398
261 -0.770964 0.00327741
262 -0.771142 0.00331204
263 -0.770844 0.00332663
264 -0.770763 0.00330741
265 -0.770826 0.00328271
266 -0.770693 0.00328193
267 -0.770622 0.00319819
268 -0.770868 0.00315162
269 -0.770237 0.00316162
270 -0.770241 0.00314596
271 -0.770081 0.00310087
272 -0.770192 0.00308752
273 -0.769825 0.00323571
274 -0.769923 0.00334868
275 -0.769665 0.00342713
276 -0.769448 0.00332707
277 -0.769334 0.0032351
278 -0.769221 0.00311931
279 -0.768968 0.00304743
280 -0.768634 0.00305121
281 -0.768437 0.00302512
282 -0.767992 0.00303892
283 -0.767844 0.00312635
284 -0.7675 0.00306669
285 -0.767271 0.00310828
286 -0.7676 0.00313352
287 -0.767815 0.00312647
288 -0.766979 0.00311212
289 -0.766969 0.00317068
290 -0.766721 0.00316283
291 -0.766531 0.00322396
292 -0.766903 0.00312639
293 -0.766842 0.00303307
294 -0.766946 0.00301896
295 -0.766774 0.00300598
296 -0.766916 0.00298377
297 -0.767463 0.00299353
298 -0.76684 0.00310247
299 -0.767005 0.00304979
