0 0 0
1 12.4954 6.69568
2 1.26457 7.09795
3 3.43974 8.02184
4 3.57827 5.08781
5 -4.76758 7.39515
6 -6.08228 5.9826
7 -13.2522 6.79492
8 -6.50936 8.11686
9 1.47185 5.37484
10 0.433352 9.35696
11 2.88544 6.97936
12 -3.54429 6.09966
13 2.37226 7.16721
14 -6.84695 7.88444
15 -1.74732 5.9661
16 -5.12021 5.72848
17 -16.1711 7.81448
18 -9.65291 8.60183
19 7.06112 6.48132
20 -0.932466 8.0808
21 0.0176838 6.52217
22 -6.14022 6.3217
23 5.32652 9.40109
24 -4.68427 5.45668
25 12.6326 6.17579
26 5.55819 7.67003
27 -0.455023 7.51016
28 -12.7197 7.64738
29 -8.72877 6.66526
30 3.90846 8.44589
31 -1.66485 8.39087
32 -9.51548 6.67916
33 -3.12005 8.41954
34 1.30474 7.76754
35 6.52354 6.01813
36 4.81095 7.37197
37 4.78211 4.71938
38 -0.442163 9.48255
39 -0.314507 8.70508
40 5.93791 6.33092
41 -3.60114 7.62372
42 0.103872 9.82232
43 8.41614 7.27335
44 -2.51263 6.43396
45 3.89443 6.60803
46 20.1154 7.61685
47 -7.40915 7.26165
48 19.5269 6.92166
49 3.79129 6.6948
50 9.69346 7.41654
51 7.48066 7.03124
52 8.18449 7.56123
53 -0.494937 8.1897
54 7.065 7.1582
55 -3.74915 7.55927
56 -4.31777 6.0998
57 -7.0818 6.79038
58 5.05971 7.44392
59 -1.35545 6.58674
60 6.22632 7.08894
61 4.92471 7.49476
62 -14.5253 7.16013
63 10.8153 7.51226
64 0.968734 7.23156
65 -6.66983 6.04696
66 5.18728 6.38118
67 -7.65684 6.09809
68 11.4428 8.88313
69 -11.1765 5.66469
70 -0.351685 6.69988
71 -13.7112 9.13026
72 -5.1431 5.40835
73 0.983511 6.2005
74 0.90154 8.418
75 0.239609 6.95276
76 0.00847508 8.03468
77 6.80693 7.41857
78 14.8038 6.12869
79 11.9788 6.95256
80 -5.2817 8.59943
81 0.896484 4.22216
82 3.40408 6.66765
83 2.96399 5.54619
84 1.75792 7.19456
85 6.04225 7.36689
86 6.16287 9.42207
87 18.0585 4.81214
88 17.2846 9.95761
89 -3.15642 6.97313
90 -10.6241 6.99793
91 -2.55146 6.68326
92 0.854043 8.63855
93 2.83038 6.10911
94 7.0561 7.24858
95 10.219 6.64353
96 -4.94899 7.31323
97 -2.9054 7.27639
98 11.4889 7.29166
99 8.44861 8.02162
100 -6.41888 7.15681
101 4.7922 8.02476
102 11.5044 9.25854
103 3.87982 7.23809
104 -0.309869 8.16882
105 -5.45065 5.86688
106 -8.3679 9.474
107 -5.6256 9.32076
108 -10.91 6.64743
109 0.425825 6.9779
110 12.3482 5.40811
111 -0.232181 8.3506
112 -0.0530783 7.34836
113 2.87209 9.3074
114 -3.23117 7.93143
115 13.6454 7.44043
116 6.70483 5.77762
117 9.29434 9.77247
118 1.79169 5.95783
119 6.18809 7.14802
120 -10.4073 8.19895
121 4.70755 8.05712
122 -5.21688 7.96138
123 1.29966 7.77052
124 5.33285 4.98788
125 -1.3009 7.04904
126 10.9651 6.05798
127 0.457668 6.31948
128 -8.04804 8.67283
129 3.23827 7.38592
130 4.98321 6.31758
131 -5.95246 7.26383
132 18.5137 5.92228
133 8.35256 9.03422
134 -1.76354 7.80111
135 -7.09616 6.58659
136 1.40958 6.1483
137 0.39986 6.50331
138 5.46431 5.2299
139 -4.0624 9.09074
140 5.82812 8.41881
141 5.73788 5.86497
142 -16.3665 7.98587
143 -12.3431 7.23674
144 -3.74958 6.9372
145 0.465226 7.63843
146 5.26551 6.2437
147 4.38738 9.05208
148 -3.40162 8.95772
149 10.9967 8.46378
150 9.54414 6.53061
151 0.850664 7.31092
152 -7.1229 8.07421
153 8.37457 6.85716
154 -10.1746 7.74971
155 2.59888 8.81345
156 4.95157 7.58468
157 -1.96396 7.09407
158 9.69588 5.10186
159 1.64882 6.6992
160 -3.1053 7.35191
161 2.72148 8.01289
162 0.785703 5.59022
163 4.08839 3.80324
164 -1.37186 8.77068
165 -8.73482 6.03465
166 -6.03627 8.07682
167 -7.15443 6.92602
168 5.95891 6.50136
169 -12.7404 6.20572
170 -11.6851 7.36528
171 -0.0189769 5.61847
172 3.19431 7.30086
173 -13.5848 6.87014
174 7.40533 5.86316
175 24.3372 8.48186
176 -5.88169 6.13662
177 12.0189 6.25001
178 -3.26014 7.40186
179 2.98524 9.51762
180 5.41741 8.71957
181 0.00645084 6.26797
182 1.18295 6.83981
183 3.3661 7.58051
184 1.66948 8.29836
185 -0.39361 10.5803
186 -2.25603 5.16922
187 -13.8592 8.18723
188 -4.17398 8.64628
189 -4.11717 8.93713
190 11.1028 6.58624
191 9.23693 7.69834
192 -1.01238 8.0362
193 -10.0601 7.16499
194 -5.62724 8.03879
195 -4.95969 7.95072
196 -3.28033 6.45676
197 8.55793 5.82036
198 5.14096 4.7261
199 3.89197 7.61884
200 12.4544 5.14843
201 -9.61237 7.25081
202 -6.83847 7.60836
203 -9.53763 6.86531
204 -5.12269 8.64349
205 3.48492 6.88555
206 7.20507 9.35307
207 5.33108 8.53863
208 9.58078 5.80976
209 0.907101 5.62705
210 7.01711 9.62894
211 7.13913 8.18487
212 -7.18875 9.79407
213 9.18205 8.06955
214 2.71365 9.11304
215 13.0199 9.11896
216 13.8324 8.26601
217 2.02179 7.73308
218 -3.38709 7.23371
219 -11.3322 8.95335
220 14.2663 9.51007
221 -6.66464 7.101
222 -8.37891 9.88291
223 -23.7557 7.22536
224 0.433658 8.03084
225 -0.112779 8.1309
226 7.36591 5.38513
227 -3.44919 5.34835
228 -0.479757 5.94688
229 2.96209 7.99182
230 4.97819 8.07681
231 2.62853 7.05207
232 -6.75255 8.1969
233 14.0853 7.04564
234 -3.97057 9.16386
235 3.49682 7.48595
236 -0.0220572 8.32625
237 -7.62613 6.97136
238 3.56174 7.6336
239 -15.4456 7.02487
240 -1.52152 6.16548
241 2.43477 7.31914
242 -4.22064 8.3325
243 9.43659 7.20784
244 4.46562 7.7609
245 5.21654 5.31374
246 -8.89038 8.14446
247 -4.85554 5.87341
248 2.23944 6.39119
249 5.52365 8.4068
250 0.213401 6.66951
251 2.25521 8.15295
252 17.9506 7.5871
253 3.48196 6.72526
254 -8.91362 6.16361
255 2.58352 8.58045
256 -3.10955 8.02442
257 -8.74267 7.67847
258 -1.5435 7.47383
259 -10.4579 6.3215
260 -15.5083 6.34597
261 -3.42458 7.44329
262 1.86421 5.0276
263 1.11863 5.87192
264 4.80452 6.87515
265 5.05752 8.25424
266 13.2111 5.03355
267 -2.05167 7.02475
268 -0.765837 6.3087
269 7.65297 4.81905
270 -4.3808 7.69344
271 0.880001 6.28202
272 -15.4427 5.20607
273 -5.83407 5.36691
274 2.1905 5.81051
275 2.50471 6.63408
276 -1.70356 7.80686
277 0.482026 6.92828
278 0.371524 7.81497
279 0.340234 7.34602
280 11.519 6.13949
281 -2.01256 8.05146
282 -8.43085 7.03206
283 4.30503 7.17011
284 -5.75498 9.6782
285 5.63762 7.10369
286 1.96504 6.61946
287 29.9857 8.16563
288 -1.50062 5.80445
289 -9.15519 6.45055
290 2.88263 5.91874
291 -4.94301 7.8192
292 1.103 8.09208
293 2.7996 7.74158
294 4.7706 7.46623
295 -17.7177 7.48442
296 -13.3594 8.06031
297 5.39512 7.23934
298 -7.34385 7.82795
299 0 0
