0	135.702	164.473
1	122.284	148.345
2	113.683	131.291
3	106.588	119.221
4	102.618	112.193
5	96.1926	106.144
6	93.3603	100.941
7	89.0048	95.8139
8	81.5605	92.1834
9	73.7401	85.5602
10	73.7401	80.1288
11	72.3646	74.681
12	69.2903	73.3454
13	63.2694	71.5472
14	63.2694	67.7208
15	61.7468	64.2038
16	61.1679	62.7458
17	61.1679	61.585
18	59.9549	61.1761
19	59.7346	60.7994
20	59.7346	60.2252
21	59.7346	60.0365
22	59.7346	59.7346
23	58.2581	59.7309
24	56.5113	59.3127
25	56.5113	57.7778
26	56.3481	56.5109
27	56.3481	56.4579
28	56.3481	56.3481
29	56.3481	56.3481
30	55.2102	56.3452
31	55.2102	55.9185
32	54.4367	55.2082
33	54.4367	54.9665
34	53.2988	54.4338
35	53.2988	54.0469
36	53.2988	53.2988
37	53.2428	53.2986
38	53.2428	53.2803
39	53.2428	53.2428
40	53.2428	53.2428
41	53.2428	53.2428
42	53.2428	53.2428
43	53.2428	53.2428
44	53.2428	53.2428
45	53.2428	53.2428
46	53.2428	53.2428
47	50.2199	53.2277
48	49.9577	51.8573
49	49.9577	50.0829
50	49.9577	49.9577
51	49.9577	49.9577
52	49.9577	49.9577
53	49.9577	49.9577
54	49.9577	49.9577
55	49.9577	49.9577
56	49.9577	49.9577
57	49.9577	49.9577
58	49.9577	49.9577
59	49.9577	49.9577
60	49.4141	49.9563
61	49.4141	49.7694
62	49.4141	49.4141
63	49.4141	49.4141
64	49.4141	49.4141
65	49.4141	49.4141
66	49.4141	49.4141
67	49.4141	49.4141
68	49.4141	49.4141
69	49.4141	49.4141
70	49.4141	49.4141
71	49.4141	49.4141
72	49.1186	49.4134
73	49.1186	49.3092
74	49.1186	49.1186
75	49.1186	49.1186
76	49.1186	49.1186
77	49.1186	49.1186
78	49.0469	49.1185
79	49.0469	49.0982
80	48.9995	49.0468
81	48.9995	49.0345
82	48.9995	49.0005
83	48.9995	48.9995
84	48.9995	48.9995
85	48.9995	48.9995
86	48.9995	48.9995
87	47.2154	48.9951
88	47.2154	48.3499
89	47.2154	47.2154
90	47.2154	47.2154
91	47.2154	47.2154
92	47.2154	47.2154
93	47.2154	47.2154
94	47.2154	47.2154
95	47.2154	47.2154
96	47.2154	47.2154
97	47.2154	47.2154
98	47.2154	47.2154
99	47.2154	47.2154
100	47.2154	47.2154
101	47.2154	47.2154
102	47.2154	47.2154
103	47.2154	47.2154
104	47.2154	47.2154
105	47.2154	47.2154
106	47.2154	47.2154
107	47.2154	47.2154
108	47.2154	47.2154
109	47.2154	47.2154
110	47.2154	47.2154
111	47.2154	47.2154
112	47.2154	47.2154
113	47.2154	47.2154
114	47.2154	47.2154
115	47.2154	47.2154
116	47.2154	47.2154
117	47.2154	47.2154
118	47.2154	47.2154
119	47.2154	47.2154
120	47.2154	47.2154
121	47.2154	47.2154
122	47.2154	47.2154
123	47.2154	47.2154
124	47.2154	47.2154
125	47.2154	47.2154
126	47.2154	47.2154
127	47.2154	47.2154
128	47.2154	47.2154
129	47.2154	47.2154
130	47.2154	47.2154
131	47.2154	47.2154
132	47.2154	47.2154
133	47.2154	47.2154
134	47.2154	47.2154
135	47.2154	47.2154
136	47.2154	47.2154
137	47.2154	47.2154
138	47.2154	47.2154
139	47.2154	47.2154
140	47.2154	47.2154
141	47.2154	47.2154
142	47.2154	47.2154
143	47.2154	47.2154
144	47.2154	47.2154
145	47.2154	47.2154
146	47.2154	47.2154
147	47.2154	47.2154
148	47.2154	47.2154
149	47.2154	47.2154
150	47.2154	47.2154
151	47.2154	47.2154
152	47.2154	47.2154
153	47.2154	47.2154
154	47.2154	47.2154
155	47.2154	47.2154
156	47.2154	47.2154
157	47.2154	47.2154
158	47.2154	47.2154
159	47.2154	47.2154
160	47.2154	47.2154
161	47.2154	47.2154
162	47.2154	47.2154
163	47.2154	47.2154
164	47.2154	47.2154
165	47.2154	47.2154
166	47.2154	47.2154
167	47.2154	47.2154
168	47.2154	47.2154
169	47.2154	47.2154
170	47.2154	47.2154
171	47.2154	47.2154
172	47.2154	47.2154
173	47.2154	47.2154
174	47.2154	47.2154
175	47.2154	47.2154
176	47.2154	47.2154
177	47.2154	47.2154
178	47.2154	47.2154
179	47.2154	47.2154
180	47.2154	47.2154
181	47.2154	47.2154
182	47.2154	47.2154
183	47.2154	47.2154
184	47.2154	47.2154
185	47.2154	47.2154
186	47.2154	47.2154
187	47.2154	47.2154
188	47.2154	47.2154
189	47.2154	47.2154
190	47.2154	47.2154
191	47.2154	47.2154
192	47.2154	47.2154
193	47.2154	47.2154
194	47.2154	47.2154
195	47.2154	47.2154
196	47.2154	47.2154
197	47.2154	47.2154
198	47.2154	47.2154
199	47.2154	47.2154
200	47.2154	47.2154
201	47.2154	47.2154
202	47.2154	47.2154
203	47.2154	47.2154
204	47.2154	47.2154
205	47.2154	47.2154
206	47.2154	47.2154
207	47.2154	47.2154
208	47.2154	47.2154
209	47.2154	47.2154
210	47.2154	47.2154
211	47.2154	47.2154
212	47.2154	47.2154
213	47.2154	47.2154
214	47.2154	47.2154
215	47.2154	47.2154
216	47.2154	47.2154
217	47.2154	47.2154
218	47.2154	47.2154
219	47.2154	47.2154
220	47.2154	47.2154
221	47.2154	47.2154
222	47.2154	47.2154
223	47.2154	47.2154
224	47.2154	47.2154
225	47.2154	47.2154
226	47.2154	47.2154
227	47.2154	47.2154
228	47.2154	47.2154
229	47.2154	47.2154
230	47.2154	47.2154
231	47.2154	47.2154
232	47.2154	47.2154
233	47.2154	47.2154
234	47.2154	47.2154
235	47.2154	47.2154
236	47.2154	47.2154
237	47.2154	47.2154
238	47.2154	47.2154
239	47.2154	47.2154
240	47.2154	47.2154
241	47.2154	47.2154
242	47.2154	47.2154
243	47.2154	47.2154
244	47.2154	47.2154
245	47.2154	47.2154
246	47.2154	47.2154
247	47.2154	47.2154
248	47.2154	47.2154
249	47.2154	47.2154
250	47.2154	47.2154
251	47.2154	47.2154
252	47.2154	47.2154
253	47.2154	47.2154
254	47.2154	47.2154
255	47.2154	47.2154
256	47.2154	47.2154
257	47.2154	47.2154
258	47.2154	47.2154
259	47.2154	47.2154
260	47.2154	47.2154
261	47.2154	47.2154
262	47.2154	47.2154
263	47.2154	47.2154
264	47.2154	47.2154
265	47.2154	47.2154
266	47.2154	47.2154
267	47.2154	47.2154
268	47.2154	47.2154
269	47.2154	47.2154
270	47.2154	47.2154
271	47.2154	47.2154
272	47.2154	47.2154
273	47.2154	47.2154
274	47.2154	47.2154
275	47.2154	47.2154
276	47.2154	47.2154
277	47.2154	47.2154
278	47.2154	47.2154
279	47.2154	47.2154
280	47.2154	47.2154
281	47.2154	47.2154
282	47.2154	47.2154
283	47.2154	47.2154
284	47.2154	47.2154
285	47.2154	47.2154
286	47.2154	47.2154
287	47.2154	47.2154
288	47.2154	47.2154
289	47.2154	47.2154
290	47.2154	47.2154
291	47.2154	47.2154
292	47.2154	47.2154
293	47.2154	47.2154
294	47.2154	47.2154
295	47.2154	47.2154
296	47.2154	47.2154
297	47.2154	47.2154
298	47.2154	47.2154
299	47.2154	47.2154
300	47.2154	47.2154
301	47.2154	47.2154
302	47.2154	47.2154
303	47.2154	47.2154
304	47.2154	47.2154
305	47.2154	47.2154
306	47.2154	47.2154
307	47.2154	47.2154
308	47.2154	47.2154
309	47.2154	47.2154
310	47.2154	47.2154
311	47.2154	47.2154
312	47.2154	47.2154
313	47.2154	47.2154
314	47.2154	47.2154
315	47.2154	47.2154
316	47.2154	47.2154
317	47.2154	47.2154
318	47.2154	47.2154
319	47.2154	47.2154
320	47.2154	47.2154
321	47.2154	47.2154
322	47.2154	47.2154
323	47.2154	47.2154
324	47.2154	47.2154
325	47.2154	47.2154
326	47.2154	47.2154
327	47.2154	47.2154
328	47.2154	47.2154
329	47.2154	47.2154
330	47.2154	47.2154
331	47.2154	47.2154
332	47.2154	47.2154
333	47.2154	47.2154
334	47.2154	47.2154
335	47.2154	47.2154
336	47.2154	47.2154
337	47.2154	47.2154
338	47.2154	47.2154
339	47.2154	47.2154
340	47.2154	47.2154
341	47.2154	47.2154
342	47.2154	47.2154
343	47.2154	47.2154
344	47.2154	47.2154
345	47.2154	47.2154
346	47.2154	47.2154
347	47.2154	47.2154
348	47.2154	47.2154
349	47.2154	47.2154
350	47.2154	47.2154
351	47.2154	47.2154
352	47.2154	47.2154
353	47.2154	47.2154
354	47.2154	47.2154
355	47.2154	47.2154
356	47.2154	47.2154
357	47.2154	47.2154
358	47.2154	47.2154
359	47.2154	47.2154
360	47.2154	47.2154
361	47.2154	47.2154
362	47.2154	47.2154
363	47.2154	47.2154
364	47.2154	47.2154
365	47.2154	47.2154
366	47.2154	47.2154
367	47.2154	47.2154
368	47.2154	47.2154
369	47.2154	47.2154
370	47.2154	47.2154
371	47.2154	47.2154
372	47.2154	47.2154
373	47.2154	47.2154
374	47.2154	47.2154
375	47.2154	47.2154
376	47.2154	47.2154
377	47.2154	47.2154
378	47.2154	47.2154
379	47.2154	47.2154
380	47.2154	47.2154
381	47.2154	47.2154
382	47.2154	47.2154
383	47.2154	47.2154
384	47.2154	47.2154
385	47.2154	47.2154
386	47.2154	47.2154
387	47.2154	47.2154
388	47.2154	47.2154
389	47.2154	47.2154
390	47.2154	47.2154
391	47.2154	47.2154
392	47.2154	47.2154
393	47.2154	47.2154
394	47.2154	47.2154
395	47.2154	47.2154
396	47.2154	47.2154
397	47.2154	47.2154
398	47.2154	47.2154
399	47.2154	47.2154
400	47.2154	47.2154
401	47.2154	47.2154
402	47.2154	47.2154
403	47.2154	47.2154
404	47.2154	47.2154
405	47.2154	47.2154
406	47.2154	47.2154
407	47.2154	47.2154
408	47.2154	47.2154
409	47.2154	47.2154
410	47.2154	47.2154
411	47.2154	47.2154
412	47.2154	47.2154
413	47.2154	47.2154
414	47.2154	47.2154
415	47.2154	47.2154
416	47.2154	47.2154
417	47.2154	47.2154
418	47.2154	47.2154
419	47.2154	47.2154
420	47.2154	47.2154
421	47.2154	47.2154
422	47.2154	47.2154
423	47.2154	47.2154
424	47.2154	47.2154
425	47.2154	47.2154
426	47.2154	47.2154
427	47.2154	47.2154
428	47.2154	47.2154
429	47.2154	47.2154
430	47.2154	47.2154
431	47.2154	47.2154
432	47.2154	47.2154
433	47.2154	47.2154
434	47.2154	47.2154
435	47.2154	47.2154
436	47.2154	47.2154
437	47.2154	47.2154
438	47.2154	47.2154
439	47.2154	47.2154
440	47.2154	47.2154
441	47.2154	47.2154
442	47.2154	47.2154
443	47.2154	47.2154
444	47.2154	47.2154
445	47.2154	47.2154
446	47.2154	47.2154
447	47.2154	47.2154
448	47.2154	47.2154
449	47.2154	47.2154
450	47.2154	47.2154
451	47.2154	47.2154
452	47.2154	47.2154
453	47.2154	47.2154
454	47.2154	47.2154
455	47.2154	47.2154
456	47.2154	47.2154
457	47.2154	47.2154
458	47.2154	47.2154
459	47.2154	47.2154
460	47.2154	47.2154
461	47.2154	47.2154
462	47.2154	47.2154
463	47.2154	47.2154
464	47.2154	47.2154
465	47.2154	47.2154
466	47.2154	47.2154
467	47.2154	47.2154
468	47.2154	47.2154
469	47.2154	47.2154
470	47.2154	47.2154
471	47.2154	47.2154
472	47.2154	47.2154
473	47.2154	47.2154
474	47.2154	47.2154
475	47.2154	47.2154
476	47.2154	47.2154
477	47.2154	47.2154
478	47.2154	47.2154
479	47.2154	47.2154
480	47.2154	47.2154
481	47.2154	47.2154
482	47.2154	47.2154
483	47.2154	47.2154
484	47.2154	47.2154
485	47.2154	47.2154
486	47.2154	47.2154
487	47.2154	47.2154
488	47.2154	47.2154
489	47.2154	47.2154
490	47.2154	47.2154
491	47.2154	47.2154
492	47.2154	47.2154
493	47.2154	47.2154
494	47.2154	47.2154
495	47.2154	47.2154
496	47.2154	47.2154
497	47.2154	47.2154
498	47.2154	47.2154
499	47.2154	47.2154
500	47.2154	47.2154
501	47.2154	47.2154
502	47.2154	47.2154
503	47.2154	47.2154
504	47.2154	47.2154
505	47.2154	47.2154
506	47.2154	47.2154
507	47.2154	47.2154
508	47.2154	47.2154
509	47.2154	47.2154
510	47.2154	47.2154
511	47.2154	47.2154
512	47.2154	47.2154
513	47.2154	47.2154
514	47.2154	47.2154
515	47.2154	47.2154
516	47.2154	47.2154
517	47.2154	47.2154
518	47.2154	47.2154
519	47.2154	47.2154
520	47.2154	47.2154
521	47.2154	47.2154
522	47.2154	47.2154
523	47.2154	47.2154
524	47.2154	47.2154
525	47.2154	47.2154
526	47.2154	47.2154
527	47.2154	47.2154
528	47.2154	47.2154
529	47.2154	47.2154
530	47.2154	47.2154
531	47.2154	47.2154
532	47.2154	47.2154
533	47.2154	47.2154
534	47.2154	47.2154
535	47.2154	47.2154
536	47.2154	47.2154
537	47.2154	47.2154
538	47.2154	47.2154
539	47.2154	47.2154
540	47.2154	47.2154
541	47.2154	47.2154
542	47.2154	47.2154
543	47.2154	47.2154
544	47.2154	47.2154
545	47.2154	47.2154
546	47.2154	47.2154
547	47.2154	47.2154
548	47.2154	47.2154
549	47.2154	47.2154
550	47.2154	47.2154
551	47.2154	47.2154
552	47.2154	47.2154
553	47.2154	47.2154
554	47.2154	47.2154
555	47.2154	47.2154
556	47.2154	47.2154
557	47.2154	47.2154
558	47.2154	47.2154
559	47.2154	47.2154
560	47.2154	47.2154
561	47.2154	47.2154
562	47.2154	47.2154
563	47.2154	47.2154
564	47.2154	47.2154
565	47.2154	47.2154
566	47.2154	47.2154
567	47.2154	47.2154
568	47.2154	47.2154
569	47.2154	47.2154
570	47.2154	47.2154
571	47.2154	47.2154
572	47.2154	47.2154
573	47.2154	47.2154
574	47.2154	47.2154
575	47.2154	47.2154
576	47.2154	47.2154
577	47.2154	47.2154
578	47.2154	47.2154
579	47.2154	47.2154
580	47.2154	47.2154
581	47.2154	47.2154
582	47.2154	47.2154
583	47.2154	47.2154
584	47.2154	47.2154
585	47.2154	47.2154
586	47.2154	47.2154
587	47.2154	47.2154
588	47.2154	47.2154
589	47.2154	47.2154
590	47.2154	47.2154
591	47.2154	47.2154
592	47.2154	47.2154
593	47.2154	47.2154
594	47.2154	47.2154
595	47.2154	47.2154
596	47.2154	47.2154
597	47.2154	47.2154
598	47.2154	47.2154
599	47.2154	47.2154
600	47.2154	47.2154
601	47.2154	47.2154
602	47.2154	47.2154
603	47.2154	47.2154
604	47.2154	47.2154
605	47.2154	47.2154
606	47.2154	47.2154
607	47.2154	47.2154
608	47.2154	47.2154
609	47.2154	47.2154
610	47.2154	47.2154
611	47.2154	47.2154
612	47.2154	47.2154
613	47.2154	47.2154
614	47.2154	47.2154
615	47.2154	47.2154
616	47.2154	47.2154
617	47.2154	47.2154
618	47.2154	47.2154
619	47.2154	47.2154
620	47.2154	47.2154
621	47.2154	47.2154
622	47.2154	47.2154
623	47.2154	47.2154
624	47.2154	47.2154
625	47.2154	47.2154
626	47.2154	47.2154
627	47.2154	47.2154
628	47.2154	47.2154
629	47.2154	47.2154
630	47.2154	47.2154
631	47.2154	47.2154
632	47.2154	47.2154
633	47.2154	47.2154
634	47.2154	47.2154
635	47.2154	47.2154
636	47.2154	47.2154
637	47.2154	47.2154
638	47.2154	47.2154
639	47.2154	47.2154
640	47.2154	47.2154
641	47.2154	47.2154
642	47.2154	47.2154
643	47.2154	47.2154
644	47.2154	47.2154
645	47.2154	47.2154
646	47.2154	47.2154
647	47.2154	47.2154
648	47.2154	47.2154
649	47.2154	47.2154
650	47.2154	47.2154
651	47.2154	47.2154
652	47.2154	47.2154
653	47.2154	47.2154
654	47.2154	47.2154
655	47.2154	47.2154
656	47.2154	47.2154
657	47.2154	47.2154
658	47.2154	47.2154
659	47.2154	47.2154
660	47.2154	47.2154
661	47.2154	47.2154
662	47.2154	47.2154
663	47.2154	47.2154
664	47.2154	47.2154
665	47.2154	47.2154
666	47.2154	47.2154
667	47.2154	47.2154
668	47.2154	47.2154
669	47.2154	47.2154
670	47.2154	47.2154
671	47.2154	47.2154
672	47.2154	47.2154
673	47.2154	47.2154
674	47.2154	47.2154
675	47.2154	47.2154
676	47.2154	47.2154
677	47.2154	47.2154
678	47.2154	47.2154
679	47.2154	47.2154
680	47.2154	47.2154
681	47.2154	47.2154
682	47.2154	47.2154
683	47.2154	47.2154
684	47.2154	47.2154
685	47.2154	47.2154
686	47.2154	47.2154
687	47.2154	47.2154
688	47.2154	47.2154
689	47.2154	47.2154
690	47.2154	47.2154
691	47.2154	47.2154
692	47.2154	47.2154
693	47.2154	47.2154
694	47.2154	47.2154
695	47.2154	47.2154
696	47.2154	47.2154
697	47.2154	47.2154
698	47.2154	47.2154
699	47.2154	47.2154
700	47.2154	47.2154
701	47.2154	47.2154
702	47.2154	47.2154
703	47.2154	47.2154
704	47.2154	47.2154
705	47.2154	47.2154
706	47.2154	47.2154
707	47.2154	47.2154
708	47.2154	47.2154
709	47.2154	47.2154
710	47.2154	47.2154
711	47.2154	47.2154
712	47.2154	47.2154
713	47.2154	47.2154
714	47.2154	47.2154
715	47.2154	47.2154
716	47.2154	47.2154
717	47.2154	47.2154
718	47.2154	47.2154
719	47.2154	47.2154
720	47.2154	47.2154
721	47.2154	47.2154
722	47.2154	47.2154
723	47.2154	47.2154
724	47.2154	47.2154
725	47.2154	47.2154
726	47.2154	47.2154
727	47.2154	47.2154
728	47.2154	47.2154
729	47.2154	47.2154
730	47.2154	47.2154
731	47.2154	47.2154
732	47.2154	47.2154
733	47.2154	47.2154
734	47.2154	47.2154
735	47.2154	47.2154
736	47.2154	47.2154
737	47.2154	47.2154
738	47.2154	47.2154
739	47.2154	47.2154
740	47.2154	47.2154
741	47.2154	47.2154
742	47.2154	47.2154
743	47.2154	47.2154
744	47.2154	47.2154
745	47.2154	47.2154
746	47.2154	47.2154
747	47.2154	47.2154
748	47.2154	47.2154
749	47.2154	47.2154
750	47.2154	47.2154
751	47.2154	47.2154
752	47.2154	47.2154
753	47.2154	47.2154
754	47.2154	47.2154
755	47.2154	47.2154
756	47.2154	47.2154
757	47.2154	47.2154
758	47.2154	47.2154
759	47.2154	47.2154
760	47.2154	47.2154
761	47.2154	47.2154
762	47.2154	47.2154
763	47.2154	47.2154
764	47.2154	47.2154
765	47.2154	47.2154
766	47.2154	47.2154
767	47.2154	47.2154
768	47.2154	47.2154
769	47.2154	47.2154
770	47.2154	47.2154
771	47.2154	47.2154
772	47.2154	47.2154
773	47.2154	47.2154
774	47.2154	47.2154
775	47.2154	47.2154
776	47.2154	47.2154
777	47.2154	47.2154
778	47.2154	47.2154
779	47.2154	47.2154
780	47.2154	47.2154
781	47.2154	47.2154
782	47.2154	47.2154
783	47.2154	47.2154
784	47.2154	47.2154
785	47.2154	47.2154
786	47.2154	47.2154
787	47.2154	47.2154
788	47.2154	47.2154
789	47.2154	47.2154
790	47.2154	47.2154
791	47.2154	47.2154
792	47.2154	47.2154
793	47.2154	47.2154
794	47.2154	47.2154
795	47.2154	47.2154
796	47.2154	47.2154
797	47.2154	47.2154
798	47.2154	47.2154
799	47.2154	47.2154
800	47.2154	47.2154
801	47.2154	47.2154
802	47.2154	47.2154
803	47.2154	47.2154
804	47.2154	47.2154
805	47.2154	47.2154
806	47.2154	47.2154
807	47.2154	47.2154
808	47.2154	47.2154
809	47.2154	47.2154
810	47.2154	47.2154
811	47.2154	47.2154
812	47.2154	47.2154
813	47.2154	47.2154
814	47.2154	47.2154
815	47.2154	47.2154
816	47.2154	47.2154
817	47.2154	47.2154
818	47.2154	47.2154
819	47.2154	47.2154
820	47.2154	47.2154
821	47.2154	47.2154
822	47.2154	47.2154
823	47.2154	47.2154
824	47.2154	47.2154
825	47.2154	47.2154
826	47.2154	47.2154
827	47.2154	47.2154
828	47.2154	47.2154
829	47.2154	47.2154
830	47.2154	47.2154
831	47.2154	47.2154
832	47.2154	47.2154
833	47.2154	47.2154
834	47.2154	47.2154
835	47.2154	47.2154
836	47.2154	47.2154
837	47.2154	47.2154
838	47.2154	47.2154
839	47.2154	47.2154
840	47.2154	47.2154
841	47.2154	47.2154
842	47.2154	47.2154
843	47.2154	47.2154
844	47.2154	47.2154
845	47.2154	47.2154
846	47.2154	47.2154
847	47.2154	47.2154
848	47.2154	47.2154
849	47.2154	47.2154
850	47.2154	47.2154
851	47.2154	47.2154
852	47.2154	47.2154
853	47.2154	47.2154
854	47.2154	47.2154
855	47.2154	47.2154
856	47.2154	47.2154
857	47.2154	47.2154
858	47.2154	47.2154
859	47.2154	47.2154
860	47.2154	47.2154
861	47.2154	47.2154
862	47.2154	47.2154
863	47.2154	47.2154
864	47.2154	47.2154
865	47.2154	47.2154
866	47.2154	47.2154
867	47.2154	47.2154
868	47.2154	47.2154
869	47.2154	47.2154
870	47.2154	47.2154
871	47.2154	47.2154
872	47.2154	47.2154
873	47.2154	47.2154
874	47.2154	47.2154
875	47.2154	47.2154
876	47.2154	47.2154
877	47.2154	47.2154
878	47.2154	47.2154
879	47.2154	47.2154
880	47.2154	47.2154
881	47.2154	47.2154
882	47.2154	47.2154
883	47.2154	47.2154
884	47.2154	47.2154
885	47.2154	47.2154
886	47.2154	47.2154
887	47.2154	47.2154
888	47.2154	47.2154
889	47.2154	47.2154
890	47.2154	47.2154
891	47.2154	47.2154
892	47.2154	47.2154
893	47.2154	47.2154
894	47.2154	47.2154
895	47.2154	47.2154
896	47.2154	47.2154
897	47.2154	47.2154
898	47.2154	47.2154
899	47.2154	47.2154
900	47.2154	47.2154
901	47.2154	47.2154
902	47.2154	47.2154
903	47.2154	47.2154
904	47.2154	47.2154
905	47.2154	47.2154
906	47.2154	47.2154
907	47.2154	47.2154
908	47.2154	47.2154
909	47.2154	47.2154
910	47.2154	47.2154
911	47.2154	47.2154
912	47.2154	47.2154
913	47.2154	47.2154
914	47.2154	47.2154
915	47.2154	47.2154
916	47.2154	47.2154
917	47.2154	47.2154
918	47.2154	47.2154
919	47.2154	47.2154
920	47.2154	47.2154
921	47.2154	47.2154
922	47.2154	47.2154
923	47.2154	47.2154
924	47.2154	47.2154
925	47.2154	47.2154
926	47.2154	47.2154
927	47.2154	47.2154
928	47.2154	47.2154
929	47.2154	47.2154
930	47.2154	47.2154
931	47.2154	47.2154
932	47.2154	47.2154
933	47.2154	47.2154
934	47.2154	47.2154
935	47.2154	47.2154
936	47.2154	47.2154
937	47.2154	47.2154
938	47.2154	47.2154
939	47.2154	47.2154
940	47.2154	47.2154
941	47.2154	47.2154
942	47.2154	47.2154
943	47.2154	47.2154
944	47.2154	47.2154
945	47.2154	47.2154
946	47.2154	47.2154
947	47.2154	47.2154
948	47.2154	47.2154
949	47.2154	47.2154
950	47.2154	47.2154
951	47.2154	47.2154
952	47.2154	47.2154
953	47.2154	47.2154
954	47.2154	47.2154
955	47.2154	47.2154
956	47.2154	47.2154
957	47.2154	47.2154
958	47.2154	47.2154
959	47.2154	47.2154
960	47.2154	47.2154
961	47.2154	47.2154
962	47.2154	47.2154
963	47.2154	47.2154
964	47.2154	47.2154
965	47.2154	47.2154
966	47.2154	47.2154
967	47.2154	47.2154
968	47.2154	47.2154
969	47.2154	47.2154
970	47.2154	47.2154
971	47.2154	47.2154
972	47.2154	47.2154
973	47.2154	47.2154
974	47.2154	47.2154
975	47.2154	47.2154
976	47.2154	47.2154
977	47.2154	47.2154
978	47.2154	47.2154
979	47.2154	47.2154
980	47.2154	47.2154
981	47.2154	47.2154
982	47.2154	47.2154
983	47.2154	47.2154
984	47.2154	47.2154
985	47.2154	47.2154
986	47.2154	47.2154
987	47.2154	47.2154
988	47.2154	47.2154
989	47.2154	47.2154
990	47.2154	47.2154
991	47.2154	47.2154
992	47.2154	47.2154
993	47.2154	47.2154
994	47.2154	47.2154
995	47.2154	47.2154
996	47.2154	47.2154
997	47.2154	47.2154
998	47.2154	47.2154
999	47.2154	47.2154
1000	47.2154	47.2154
1001	47.2154	47.2154
1002	47.2154	47.2154
1003	47.2154	47.2154
1004	47.2154	47.2154
1005	47.2154	47.2154
1006	47.2154	47.2154
1007	47.2154	47.2154
1008	47.2154	47.2154
1009	47.2154	47.2154
1010	47.2154	47.2154
1011	47.2154	47.2154
1012	47.2154	47.2154
1013	47.2154	47.2154
1014	47.2154	47.2154
1015	47.2154	47.2154
1016	47.2154	47.2154
1017	47.2154	47.2154
1018	47.2154	47.2154
1019	47.2154	47.2154
1020	47.2154	47.2154
1021	47.2154	47.2154
1022	47.2154	47.2154
1023	47.2154	47.2154
1024	47.2154	47.2154
1025	47.2154	47.2154
1026	47.2154	47.2154
1027	47.2154	47.2154
1028	47.2154	47.2154
1029	47.2154	47.2154
1030	47.2154	47.2154
1031	47.2154	47.2154
1032	47.2154	47.2154
1033	47.2154	47.2154
1034	47.2154	47.2154
1035	47.2154	47.2154
1036	47.2154	47.2154
1037	47.2154	47.2154
1038	47.2154	47.2154
1039	47.2154	47.2154
1040	47.2154	47.2154
1041	47.2154	47.2154
1042	47.2154	47.2154
1043	47.2154	47.2154
1044	47.2154	47.2154
1045	47.2154	47.2154
1046	47.2154	47.2154
1047	47.2154	47.2154
1048	47.2154	47.2154
1049	47.2154	47.2154
1050	47.2154	47.2154
1051	47.2154	47.2154
1052	47.2154	47.2154
1053	47.2154	47.2154
1054	47.2154	47.2154
1055	47.2154	47.2154
1056	47.2154	47.2154
1057	47.2154	47.2154
1058	47.2154	47.2154
1059	47.2154	47.2154
1060	47.2154	47.2154
1061	47.2154	47.2154
1062	47.2154	47.2154
1063	47.2154	47.2154
1064	47.2154	47.2154
1065	47.2154	47.2154
1066	47.2154	47.2154
1067	47.2154	47.2154
1068	47.2154	47.2154
1069	47.2154	47.2154
1070	47.2154	47.2154
1071	47.2154	47.2154
1072	47.2154	47.2154
1073	47.2154	47.2154
1074	47.2154	47.2154
1075	47.2154	47.2154
1076	47.2154	47.2154
1077	47.2154	47.2154
1078	47.2154	47.2154
1079	47.2154	47.2154
1080	47.2154	47.2154
1081	47.2154	47.2154
1082	47.2154	47.2154
1083	47.2154	47.2154
1084	47.2154	47.2154
1085	47.2154	47.2154
1086	47.2154	47.2154
1087	47.2154	47.2154
1088	47.2154	47.2154
1089	47.2154	47.2154
1090	47.2154	47.2154
1091	47.2154	47.2154
1092	47.2154	47.2154
1093	47.2154	47.2154
1094	47.2154	47.2154
1095	47.2154	47.2154
1096	47.2154	47.2154
1097	47.2154	47.2154
1098	47.2154	47.2154
1099	47.2154	47.2154
1100	47.2154	47.2154
1101	47.2154	47.2154
1102	47.2154	47.2154
1103	47.2154	47.2154
1104	47.2154	47.2154
1105	47.2154	47.2154
1106	47.2154	47.2154
1107	47.2154	47.2154
1108	47.2154	47.2154
1109	47.2154	47.2154
1110	47.2154	47.2154
1111	47.2154	47.2154
1112	47.2154	47.2154
1113	47.2154	47.2154
1114	47.2154	47.2154
1115	47.2154	47.2154
1116	47.2154	47.2154
1117	47.2154	47.2154
1118	47.2154	47.2154
1119	47.2154	47.2154
1120	47.2154	47.2154
1121	47.2154	47.2154
1122	47.2154	47.2154
1123	47.2154	47.2154
1124	47.2154	47.2154
1125	47.2154	47.2154
1126	47.2154	47.2154
1127	47.2154	47.2154
1128	47.2154	47.2154
1129	47.2154	47.2154
1130	47.2154	47.2154
1131	47.2154	47.2154
1132	47.2154	47.2154
1133	47.2154	47.2154
1134	47.2154	47.2154
1135	47.2154	47.2154
1136	47.2154	47.2154
1137	47.2154	47.2154
1138	47.2154	47.2154
1139	47.2154	47.2154
1140	47.2154	47.2154
1141	47.2154	47.2154
1142	47.2154	47.2154
1143	47.2154	47.2154
1144	47.2154	47.2154
1145	47.2154	47.2154
1146	47.2154	47.2154
1147	47.2154	47.2154
1148	47.2154	47.2154
1149	47.2154	47.2154
1150	47.2154	47.2154
1151	47.2154	47.2154
1152	47.2154	47.2154
1153	47.2154	47.2154
1154	47.2154	47.2154
1155	47.2154	47.2154
1156	47.2154	47.2154
1157	47.2154	47.2154
1158	47.2154	47.2154
1159	47.2154	47.2154
1160	47.2154	47.2154
1161	47.2154	47.2154
1162	47.2154	47.2154
1163	47.2154	47.2154
1164	47.2154	47.2154
1165	47.2154	47.2154
1166	47.2154	47.2154
1167	47.2154	47.2154
1168	47.2154	47.2154
1169	47.2154	47.2154
1170	47.2154	47.2154
1171	47.2154	47.2154
1172	47.2154	47.2154
1173	47.2154	47.2154
1174	47.2154	47.2154
1175	47.2154	47.2154
1176	47.2154	47.2154
1177	47.2154	47.2154
1178	47.2154	47.2154
1179	47.2154	47.2154
1180	47.2154	47.2154
1181	47.2154	47.2154
1182	47.2154	47.2154
1183	47.2154	47.2154
1184	47.2154	47.2154
1185	47.2154	47.2154
1186	47.2154	47.2154
1187	47.2154	47.2154
1188	47.2154	47.2154
1189	47.2154	47.2154
1190	47.2154	47.2154
1191	47.2154	47.2154
1192	47.2154	47.2154
1193	47.2154	47.2154
1194	47.2154	47.2154
1195	47.2154	47.2154
1196	47.2154	47.2154
1197	47.2154	47.2154
1198	47.2154	47.2154
1199	47.2154	47.2154
1200	47.2154	47.2154
1201	47.2154	47.2154
1202	47.2154	47.2154
1203	47.2154	47.2154
1204	47.2154	47.2154
1205	47.2154	47.2154
1206	47.2154	47.2154
1207	47.2154	47.2154
1208	47.2154	47.2154
1209	47.2154	47.2154
1210	47.2154	47.2154
1211	47.2154	47.2154
1212	47.2154	47.2154
1213	47.2154	47.2154
1214	47.2154	47.2154
1215	47.2154	47.2154
1216	47.2154	47.2154
1217	47.2154	47.2154
1218	47.2154	47.2154
1219	47.2154	47.2154
1220	47.2154	47.2154
1221	47.2154	47.2154
1222	47.2154	47.2154
1223	47.2154	47.2154
1224	47.2154	47.2154
1225	47.2154	47.2154
1226	47.2154	47.2154
1227	47.2154	47.2154
1228	47.2154	47.2154
1229	47.2154	47.2154
1230	47.2154	47.2154
1231	47.2154	47.2154
1232	47.2154	47.2154
1233	47.2154	47.2154
1234	47.2154	47.2154
1235	47.2154	47.2154
1236	47.2154	47.2154
1237	47.2154	47.2154
1238	47.2154	47.2154
1239	47.2154	47.2154
1240	47.2154	47.2154
1241	47.2154	47.2154
1242	47.2154	47.2154
1243	47.2154	47.2154
1244	47.2154	47.2154
1245	47.2154	47.2154
1246	47.2154	47.2154
1247	47.2154	47.2154
1248	47.2154	47.2154
1249	47.2154	47.2154
1250	47.2154	47.2154
1251	47.2154	47.2154
1252	47.2154	47.2154
1253	47.2154	47.2154
1254	47.2154	47.2154
1255	47.2154	47.2154
1256	47.2154	47.2154
1257	47.2154	47.2154
1258	47.2154	47.2154
1259	47.2154	47.2154
1260	47.2154	47.2154
1261	47.2154	47.2154
1262	47.2154	47.2154
1263	47.2154	47.2154
1264	47.2154	47.2154
1265	47.2154	47.2154
1266	47.2154	47.2154
1267	47.2154	47.2154
1268	47.2154	47.2154
1269	47.2154	47.2154
1270	47.2154	47.2154
1271	47.2154	47.2154
1272	47.2154	47.2154
1273	47.2154	47.2154
1274	47.2154	47.2154
1275	47.2154	47.2154
1276	47.2154	47.2154
1277	47.2154	47.2154
1278	47.2154	47.2154
1279	47.2154	47.2154
1280	47.2154	47.2154
1281	47.2154	47.2154
1282	47.2154	47.2154
1283	47.2154	47.2154
1284	47.2154	47.2154
1285	47.2154	47.2154
1286	47.2154	47.2154
1287	47.2154	47.2154
1288	47.2154	47.2154
1289	47.2154	47.2154
1290	47.2154	47.2154
1291	47.2154	47.2154
1292	47.2154	47.2154
1293	47.2154	47.2154
1294	47.2154	47.2154
1295	47.2154	47.2154
1296	47.2154	47.2154
1297	47.2154	47.2154
1298	47.2154	47.2154
1299	47.2154	47.2154
1300	47.2154	47.2154
1301	47.2154	47.2154
1302	47.2154	47.2154
1303	47.2154	47.2154
1304	47.2154	47.2154
1305	47.2154	47.2154
1306	47.2154	47.2154
1307	47.2154	47.2154
1308	47.2154	47.2154
1309	47.2154	47.2154
1310	47.2154	47.2154
1311	47.2154	47.2154
1312	47.2154	47.2154
1313	47.2154	47.2154
1314	47.2154	47.2154
1315	47.2154	47.2154
1316	47.2154	47.2154
1317	47.2154	47.2154
1318	47.2154	47.2154
1319	47.2154	47.2154
1320	47.2154	47.2154
1321	47.2154	47.2154
1322	47.2154	47.2154
1323	47.2154	47.2154
1324	47.2154	47.2154
1325	47.2154	47.2154
1326	47.2154	47.2154
1327	47.2154	47.2154
1328	47.2154	47.2154
1329	47.2154	47.2154
1330	47.2154	47.2154
1331	47.2154	47.2154
1332	47.2154	47.2154
1333	47.2154	47.2154
1334	47.2154	47.2154
1335	47.2154	47.2154
1336	47.2154	47.2154
1337	47.2154	47.2154
1338	47.2154	47.2154
1339	47.2154	47.2154
1340	47.2154	47.2154
1341	47.2154	47.2154
1342	47.2154	47.2154
1343	47.2154	47.2154
1344	47.2154	47.2154
1345	47.2154	47.2154
1346	47.2154	47.2154
1347	47.2154	47.2154
1348	47.2154	47.2154
1349	47.2154	47.2154
1350	47.2154	47.2154
1351	47.2154	47.2154
1352	47.2154	47.2154
1353	47.2154	47.2154
1354	47.2154	47.2154
1355	47.2154	47.2154
1356	47.2154	47.2154
1357	47.2154	47.2154
1358	47.2154	47.2154
1359	47.2154	47.2154
1360	47.2154	47.2154
1361	47.2154	47.2154
1362	47.2154	47.2154
1363	47.2154	47.2154
1364	47.2154	47.2154
1365	47.2154	47.2154
1366	47.2154	47.2154
1367	47.2154	47.2154
1368	47.2154	47.2154
1369	47.2154	47.2154
1370	47.2154	47.2154
1371	47.2154	47.2154
1372	47.2154	47.2154
1373	47.2154	47.2154
1374	47.2154	47.2154
1375	47.2154	47.2154
1376	47.2154	47.2154
1377	47.2154	47.2154
1378	47.2154	47.2154
1379	47.2154	47.2154
1380	47.2154	47.2154
1381	47.2154	47.2154
1382	47.2154	47.2154
1383	47.2154	47.2154
1384	47.2154	47.2154
1385	47.2154	47.2154
1386	47.2154	47.2154
1387	47.2154	47.2154
1388	47.2154	47.2154
1389	47.2154	47.2154
1390	47.2154	47.2154
1391	47.2154	47.2154
1392	47.2154	47.2154
1393	47.2154	47.2154
1394	47.2154	47.2154
1395	47.2154	47.2154
1396	47.2154	47.2154
1397	47.2154	47.2154
1398	47.2154	47.2154
1399	47.2154	47.2154
1400	47.2154	47.2154
1401	47.2154	47.2154
1402	47.2154	47.2154
1403	47.2154	47.2154
1404	47.2154	47.2154
1405	47.2154	47.2154
1406	47.2154	47.2154
1407	47.2154	47.2154
1408	47.2154	47.2154
1409	47.2154	47.2154
1410	47.2154	47.2154
1411	47.2154	47.2154
1412	47.2154	47.2154
1413	47.2154	47.2154
1414	47.2154	47.2154
1415	47.2154	47.2154
1416	47.2154	47.2154
1417	47.2154	47.2154
1418	47.2154	47.2154
1419	47.2154	47.2154
1420	47.2154	47.2154
1421	47.2154	47.2154
1422	47.2154	47.2154
1423	47.2154	47.2154
1424	47.2154	47.2154
1425	47.2154	47.2154
1426	47.2154	47.2154
1427	47.2154	47.2154
1428	47.2154	47.2154
1429	47.2154	47.2154
1430	47.2154	47.2154
1431	47.2154	47.2154
1432	47.2154	47.2154
1433	47.2154	47.2154
1434	47.2154	47.2154
1435	47.2154	47.2154
1436	47.2154	47.2154
1437	47.2154	47.2154
1438	47.2154	47.2154
1439	47.2154	47.2154
1440	47.2154	47.2154
1441	47.2154	47.2154
1442	47.2154	47.2154
1443	47.2154	47.2154
1444	47.2154	47.2154
1445	47.2154	47.2154
1446	47.2154	47.2154
1447	47.2154	47.2154
1448	47.2154	47.2154
1449	47.2154	47.2154
1450	47.2154	47.2154
1451	47.2154	47.2154
1452	47.2154	47.2154
1453	47.2154	47.2154
1454	47.2154	47.2154
1455	47.2154	47.2154
1456	47.2154	47.2154
1457	47.2154	47.2154
1458	47.2154	47.2154
1459	47.2154	47.2154
1460	47.2154	47.2154
1461	47.2154	47.2154
1462	47.2154	47.2154
1463	47.2154	47.2154
1464	47.2154	47.2154
1465	47.2154	47.2154
1466	47.2154	47.2154
1467	47.2154	47.2154
1468	47.2154	47.2154
1469	47.2154	47.2154
1470	47.2154	47.2154
1471	47.2154	47.2154
1472	47.2154	47.2154
1473	47.2154	47.2154
1474	47.2154	47.2154
1475	47.2154	47.2154
1476	47.2154	47.2154
1477	47.2154	47.2154
1478	47.2154	47.2154
1479	47.2154	47.2154
1480	47.2154	47.2154
1481	47.2154	47.2154
1482	47.2154	47.2154
1483	47.2154	47.2154
1484	47.2154	47.2154
1485	47.2154	47.2154
1486	47.2154	47.2154
1487	47.2154	47.2154
1488	47.2154	47.2154
1489	47.2154	47.2154
1490	47.2154	47.2154
1491	47.2154	47.2154
1492	47.2154	47.2154
1493	47.2154	47.2154
1494	47.2154	47.2154
1495	47.2154	47.2154
1496	47.2154	47.2154
1497	47.2154	47.2154
1498	47.2154	47.2154
1499	47.2154	47.2154
1500	47.2154	47.2154
