40	30	2
40	30	2
38.4847	29.318	1.35481
38.4847	29.318	1.35481
38.4847	29.318	1.35481
38.4847	29.318	1.35481
38.4847	29.318	1.35481
35.7175	25.415	-0.176752
34.0067	26.0444	0.341457
34.0067	26.0444	0.341457
34.5592	19.9292	0.503515
34.5592	19.9292	0.503515
36.2057	14.2648	1.91629
36.2057	14.2648	1.91629
36.2057	14.2648	1.91629
37.8238	11.8702	2.40913
37.8238	11.8702	2.40913
37.8238	11.8702	2.40913
39.3047	9.92973	2.95251
39.1853	7.60877	3.50616
38.0292	6.9319	6.26842
36.8315	7.6767	8.96463
36.8315	7.6767	8.96463
36.8315	7.6767	8.96463
36.1362	7.3239	8.86959
35.5856	6.31814	10.61
36.1945	7.63737	11.4523
36.5231	6.97936	7.36783
36.4754	6.22547	9.2821
36.4754	6.22547	9.2821
35.7376	4.96636	10.6757
34.1284	5.46136	13.2311
34.0325	5.68184	13.5439
35.021	2.7061	11.1851
35.021	2.7061	11.1851
35.021	2.7061	11.1851
33.1427	-0.0512549	11.3703
33.1427	-0.0512549	11.3703
33.5246	2.44168	10.2918
32.3417	4.37235	12.0228
30.5258	5.7705	12.1908
30.2358	5.32765	13.1247
30.475	4.53995	14.0914
30.475	4.53995	14.0914
30.475	4.53995	14.0914
30.475	4.53995	14.0914
29.2634	4.89505	17.735
26.9252	5.99501	17.6773
23.8956	5.39358	17.7823
23.8956	5.39358	17.7823
23.3663	4.38066	18.1266
23.3663	4.38066	18.1266
22.0958	2.55633	20.9008
22.7766	-0.297926	22.5902
20.4051	-0.784627	23.0686
21.1478	-1.45851	21.9946
21.1478	-1.45851	21.9946
18.8726	-4.46792	20.8816
17.8835	-7.64891	23.3527
16.3593	-4.31507	19.492
13.8724	-4.14093	18.2874
13.0374	0.13044	19.1727
12.5044	0.52152	16.9995
11.7426	-0.883644	17.6683
11.7426	-0.883644	17.6683
10.0847	-1.11671	19.6483
9.53408	-2.26305	18.5651
8.66899	-5.32565	19.154
7.99597	-5.02987	20.4413
7.19006	-2.52	22.5575
5.73049	-1.08092	21.7713
5.73049	-1.08092	21.7713
5.73049	-1.08092	21.7713
6.79735	-1.86391	22.7788
6.79735	-1.86391	22.7788
7.00814	-1.40983	18.4503
7.89241	-2.01453	16.797
7.89241	-2.01453	16.797
7.89241	-2.01453	16.797
7.89241	-2.01453	16.797
7.89241	-2.01453	16.797
7.89241	-2.01453	16.797
8.35267	-4.79781	13.6964
9.40345	-5.93758	9.47261
9.40345	-5.93758	9.47261
7.629	-5.71859	8.39885
1.79726	-6.64148	6.00868
1.79726	-6.64148	6.00868
2.09046	-9.07948	6.08814
2.09046	-9.07948	6.08814
-0.548357	-9.00935	3.24545
-0.548357	-9.00935	3.24545
-0.548357	-9.00935	3.24545
-0.548357	-9.00935	3.24545
-0.585835	-7.95157	6.007
-0.585835	-7.95157	6.007
-0.357975	-7.80925	4.08375
2.11279	-7.32815	4.77163
1.66537	-7.17776	2.92066
1.60013	-6.63321	5.66388
1.60013	-6.63321	5.66388
-2.00325	-4.27809	5.62368
-2.93521	-3.95334	5.29249
-2.93521	-3.95334	5.29249
-0.780675	-2.80962	5.79012
-0.780675	-2.80962	5.79012
-1.0973	-4.96075	2.81813
-2.88599	-2.64813	3.67663
-1.99507	-3.29542	6.53674
-4.32837	-2.25947	5.63726
-5.3531	-2.34401	6.78588
-4.76244	-2.88224	5.11326
-5.15441	-4.13351	6.5041
-2.52936	-3.40237	1.73307
-2.52936	-3.40237	1.73307
-2.52936	-3.40237	1.73307
-2.7471	-1.79388	-0.437415
-1.65165	-1.61112	-4.2076
-1.65165	-1.61112	-4.2076
-1.15103	-2.88558	-6.43998
-1.20267	-0.414301	-4.3475
-1.33521	-1.38245	-2.74897
0.338713	0.318153	-4.915
1.0312	-0.309919	-5.51793
1.0312	-0.309919	-5.51793
1.0312	-0.309919	-5.51793
5.00731	-0.498272	-6.76817
0.833414	1.70195	-6.70957
0.833414	1.70195	-6.70957
0.833414	1.70195	-6.70957
0.833414	1.70195	-6.70957
0.606223	-0.244787	-4.05137
0.606223	-0.244787	-4.05137
-0.655411	-1.81972	-3.41353
2.54159	-2.20672	-2.50214
0.395325	-2.30553	-4.24863
0.395325	-2.30553	-4.24863
0.395325	-2.30553	-4.24863
0.395325	-2.30553	-4.24863
0.395325	-2.30553	-4.24863
-0.883537	1.27753	-1.96251
-0.883537	1.27753	-1.96251
0.758639	0.880093	-2.30506
1.85303	-0.0546106	-3.86189
1.85303	-0.0546106	-3.86189
0.910198	-0.0819937	-2.49432
0.910198	-0.0819937	-2.49432
0.910198	-0.0819937	-2.49432
0.910198	-0.0819937	-2.49432
0.910198	-0.0819937	-2.49432
0.910198	-0.0819937	-2.49432
0.910198	-0.0819937	-2.49432
-1.68759	-1.39725	-5.05135
-0.971639	-6.64883	-3.41297
-0.971639	-6.64883	-3.41297
0.0986416	-6.17084	-3.99763
0.0986416	-6.17084	-3.99763
1.71147	-5.99782	-4.58712
1.71147	-5.99782	-4.58712
1.71147	-5.99782	-4.58712
-0.185375	-3.06901	-5.38994
-2.04451	-0.612739	-6.03918
-1.20156	-0.048584	-4.32447
-0.488935	0.682295	-1.57284
-0.488935	0.682295	-1.57284
-0.299788	0.362298	1.97346
-0.299788	0.362298	1.97346
-0.299788	0.362298	1.97346
-0.36294	-1.14578	4.5749
2.13077	2.63826	2.57393
5.01174	3.66754	3.48847
4.35805	4.41428	4.35327
4.35805	4.41428	4.35327
4.80728	4.03054	5.23639
1.70244	0.777889	2.55312
1.70244	0.777889	2.55312
1.70244	0.777889	2.55312
2.32758	-0.0822122	2.80291
2.23281	0.267747	3.05031
2.23281	0.267747	3.05031
-0.443065	1.99384	4.05263
-0.523922	0.692027	3.54642
-0.523922	0.692027	3.54642
-0.650303	-0.519923	3.38635
0.0170743	0.249814	3.18155
0.0170743	0.249814	3.18155
0.0170743	0.249814	3.18155
0.0170743	0.249814	3.18155
0.0170743	0.249814	3.18155
0.0170743	0.249814	3.18155
0.0170743	0.249814	3.18155
0.0170743	0.249814	3.18155
0.0170743	0.249814	3.18155
0.0170743	0.249814	3.18155
0.0170743	0.249814	3.18155
-0.977243	-0.0554358	3.22817
-0.977243	-0.0554358	3.22817
-0.977243	-0.0554358	3.22817
-3.03022	0.474198	3.59841
-1.95434	0.9252	3.35248
-1.95434	0.9252	3.35248
1.64953	-0.338717	5.67456
1.64953	-0.338717	5.67456
2.39612	-1.25316	4.6487
1.4807	-2.26556	2.86554
3.80196	-0.996983	4.36907
3.23142	-3.77286	5.06875
3.23142	-3.77286	5.06875
3.23142	-3.77286	5.06875
3.23142	-3.77286	5.06875
0.0112346	-1.93122	2.28234
0.0112346	-1.93122	2.28234
0.0112346	-1.93122	2.28234
1.26866	-2.79544	1.79379
1.17325	-5.64278	3.22995
1.17325	-5.64278	3.22995
0.862513	-3.32193	2.29304
0.862513	-3.32193	2.29304
1.06697	-1.04831	2.58152
1.06697	-1.04831	2.58152
1.06697	-1.04831	2.58152
1.06697	-1.04831	2.58152
1.45052	-0.608666	0.930674
1.45052	-0.608666	0.930674
0.700078	-0.632827	1.06061
0.700078	-0.632827	1.06061
-2.05338	-2.03267	-1.06272
-1.91189	-2.95603	-1.68798
-0.821308	-2.94127	-1.23278
1.69777	-2.71665	-3.06078
1.69777	-2.71665	-3.06078
1.69777	-2.71665	-3.06078
2.22124	-2.29822	-4.3892
2.22124	-2.29822	-4.3892
2.22124	-2.29822	-4.3892
2.6642	-2.26789	-6.70534
2.95999	-1.4318	-4.73569
0.710237	1.62274	-6.24704
0.710237	1.62274	-6.24704
0.710237	1.62274	-6.24704
-1.881	2.66152	-5.66939
-1.881	2.66152	-5.66939
-1.445	-1.9419	-6.12153
-1.445	-1.9419	-6.12153
-1.445	-1.9419	-6.12153
-1.445	-1.9419	-6.12153
-1.445	-1.9419	-6.12153
-1.445	-1.9419	-6.12153
-1.445	-1.9419	-6.12153
-1.01516	-2.63516	-5.76589
-2.43473	-0.638325	-7.63068
-2.43473	-0.638325	-7.63068
-0.283863	1.17029	-9.97929
-1.23729	4.41942	-8.29679
-1.51027	5.28334	-8.34974
-1.38417	1.45942	-6.59371
-1.38417	1.45942	-6.59371
-1.38417	1.45942	-6.59371
-4.63011	2.24675	-4.16506
-1.68938	1.46339	-2.17354
-2.24318	-0.863728	-2.84447
-2.24318	-0.863728	-2.84447
-2.24318	-0.863728	-2.84447
-2.24318	-0.863728	-2.84447
0.27745	2.85294	-4.09049
-0.772072	2.79813	-4.32299
-0.772072	2.79813	-4.32299
0.80438	0.540042	-3.82142
-1.48347	-0.0705714	-4.25898
-1.38311	-0.0498945	-1.11206
-0.100574	-0.238941	2.53224
-0.100574	-0.238941	2.53224
-0.100574	-0.238941	2.53224
-0.77369	-1.04016	4.0225
0.720124	2.0603	2.31841
0.720124	2.0603	2.31841
0.720124	2.0603	2.31841
1.09235	2.39495	5.38227
1.09235	2.39495	5.38227
1.09235	2.39495	5.38227
0.0654374	0.784282	4.18775
-0.122015	0.525141	2.13617
-0.122015	0.525141	2.13617
-0.122015	0.525141	2.13617
-0.957378	-0.525639	2.37568
-0.957378	-0.525639	2.37568
-0.957378	-0.525639	2.37568
-2.85532	-0.515245	0.965221
-2.36341	-1.29866	1.65153
-1.12088	0.432765	4.88203
-1.12088	0.432765	4.88203
1.78637	3.12337	3.91389
-1.41983	2.03683	7.43929
-1.41983	2.03683	7.43929
-1.41983	2.03683	7.43929
-1.38047	2.31208	6.18974
-3.26723	1.42146	3.71493
-3.26723	1.42146	3.71493
-2.93219	1.80618	3.82575
-2.93219	1.80618	3.82575
-1.83558	2.65509	3.21495
-1.98096	3.4431	3.86296
-1.98096	3.4431	3.86296
-1.98096	3.4431	3.86296
-0.404189	3.92663	2.79769
-0.404189	3.92663	2.79769
-2.90705	2.62497	3.49628
-4.68777	2.70759	2.66104
-4.47648	3.54947	3.59179
-3.76946	2.78081	3.42971
-3.78251	2.6543	2.94789
-3.78251	2.6543	2.94789
-3.78251	2.6543	2.94789
-1.61338	1.79506	2.29745
-1.61338	1.79506	2.29745
-1.61338	1.79506	2.29745
-1.61338	1.79506	2.29745
1.07809	1.3611	2.94002
0.435536	-0.643333	3.12191
-1.70652	-0.0203151	2.14514
-1.70652	-0.0203151	2.14514
-1.56588	-1.25115	-0.998248
-1.56588	-1.25115	-0.998248
-1.56588	-1.25115	-0.998248
-1.56588	-1.25115	-0.998248
-1.56588	-1.25115	-0.998248
-0.702243	0.542838	1.03851
0.514201	0.224731	-1.45138
0.514201	0.224731	-1.45138
-1.05312	-0.893961	1.35805
1.12135	0.114271	2.25025
1.12135	0.114271	2.25025
1.12135	0.114271	2.25025
1.12135	0.114271	2.25025
1.12135	0.114271	2.25025
1.12135	0.114271	2.25025
1.12135	0.114271	2.25025
1.12135	0.114271	2.25025
1.18109	-0.287755	4.34282
1.18109	-0.287755	4.34282
1.18109	-0.287755	4.34282
1.18109	-0.287755	4.34282
1.18109	-0.287755	4.34282
1.30252	-2.07411	3.00373
0.167766	0.905803	3.7817
0.827133	0.102912	3.79833
0.827133	0.102912	3.79833
0.790194	0.675406	4.67189
0.790194	0.675406	4.67189
1.94105	-0.0766688	5.46413
1.94105	-0.0766688	5.46413
1.94105	-0.0766688	5.46413
1.94105	-0.0766688	5.46413
1.57823	-3.72167	5.26479
1.7112	-2.51367	4.64872
1.91053	-3.48244	1.63686
2.53414	-2.31006	1.8805
2.53414	-2.31006	1.8805
0.684606	-1.16597	3.0507
0.684606	-1.16597	3.0507
1.49616	1.17843	3.91225
1.49616	1.17843	3.91225
0.869733	-0.926416	3.43033
-0.385268	-1.3758	1.52783
-0.385268	-1.3758	1.52783
-0.385268	-1.3758	1.52783
-0.385268	-1.3758	1.52783
-0.385268	-1.3758	1.52783
-0.385268	-1.3758	1.52783
-0.385268	-1.3758	1.52783
-0.385268	-1.3758	1.52783
-0.385268	-1.3758	1.52783
-0.385268	-1.3758	1.52783
-0.385268	-1.3758	1.52783
-0.385268	-1.3758	1.52783
-0.385268	-1.3758	1.52783
-0.385268	-1.3758	1.52783
-0.385268	-1.3758	1.52783
-1.17221	-0.893931	2.55677
-1.19395	1.28903	3.12052
-2.79753	-1.83573	2.99045
-2.79753	-1.83573	2.99045
-2.79753	-1.83573	2.99045
-1.87302	-4.407	4.11043
-2.66143	-2.21671	4.57985
-2.89861	-1.18049	4.72835
-2.89861	-1.18049	4.72835
-2.22782	-1.23708	2.36771
-2.22782	-1.23708	2.36771
-2.22782	-1.23708	2.36771
-1.33015	-0.425741	1.74649
-1.33015	-0.425741	1.74649
-1.33015	-0.425741	1.74649
-1.33015	-0.425741	1.74649
-1.33015	-0.425741	1.74649
-1.33015	-0.425741	1.74649
0.513	-0.93906	5.01567
2.2504	0.234163	3.49882
0.797286	-1.21751	5.72455
0.797286	-1.21751	5.72455
-3.15671	-1.02244	3.2594
-3.15671	-1.02244	3.2594
-3.15671	-1.02244	3.2594
-1.52019	-3.86906	3.17684
-1.52019	-3.86906	3.17684
-1.25993	-2.82358	2.09136
-1.25993	-2.82358	2.09136
-1.25993	-2.82358	2.09136
0.146365	-2.90877	1.07073
0.275786	-2.92212	1.08761
0.275786	-2.92212	1.08761
1.13283	-1.4462	0.790577
2.19773	-2.37266	1.77889
2.19773	-2.37266	1.77889
2.19773	-2.37266	1.77889
2.4139	-3.46433	-1.57493
1.82497	-3.03857	1.69909
1.13124	-3.42193	2.61315
1.13124	-3.42193	2.61315
1.13124	-3.42193	2.61315
4.2624	-1.8201	3.77792
4.14949	-0.740536	5.27648
4.68322	-1.889	3.86774
4.68322	-1.889	3.86774
4.68322	-1.889	3.86774
5.32701	0.192199	3.76417
5.34087	-0.626943	1.56008
5.34087	-0.626943	1.56008
4.44821	0.909126	1.72536
3.90584	1.83181	0.920961
4.5819	2.88493	4.11484
2.77735	3.57242	4.48152
2.77735	3.57242	4.48152
1.03317	0.564708	5.7674
1.23514	4.22614	3.798
1.23514	4.22614	3.798
-2.74449	4.04338	4.3512
-3.87597	2.28209	4.59137
-3.81804	2.52773	8.13559
-2.15856	3.36506	9.30716
-3.42562	2.12196	10.1035
-3.42562	2.12196	10.1035
-2.91156	1.49761	9.5172
-2.18855	-2.66161	7.48514
-0.712502	-0.572767	8.53015
-0.712502	-0.572767	8.53015
-1.42774	-0.694879	9.15921
-2.66137	2.70441	9.05436
-2.66137	2.70441	9.05436
-2.66137	2.70441	9.05436
-2.80763	2.64647	8.21255
-3.21778	3.27257	8.53024
-2.1438	3.43621	9.12941
0.434928	1.99632	8.55091
-1.7824	-1.99267	8.03969
0.595298	-0.33329	3.80533
-1.07621	0.128178	2.34135
-1.07621	0.128178	2.34135
-1.07621	0.128178	2.34135
-1.07621	0.128178	2.34135
-0.569333	-2.3393	6.59378
-0.569333	-2.3393	6.59378
-1.09653	-2.27145	6.10132
-1.09653	-2.27145	6.10132
-1.09653	-2.27145	6.10132
0.912187	-0.563033	6.88165
0.912187	-0.563033	6.88165
-0.379056	2.61992	3.63358
-0.379056	2.61992	3.63358
1.15411	1.05422	4.1272
1.15411	1.05422	4.1272
0.719547	-1.62628	2.11126
1.83228	1.37904	2.35651
0.565178	1.78635	2.68873
0.33651	2.06038	4.08888
0.33651	2.06038	4.08888
0.33651	2.06038	4.08888
-1.76838	2.45773	3.16517
-1.06165	1.1794	1.87647
1.9856	3.07437	2.97527
1.9856	3.07437	2.97527
-0.62319	2.7268	5.18928
1.6875	2.33288	5.37541
1.6875	2.33288	5.37541
1.4298	3.11382	2.90379
1.4298	3.11382	2.90379
0.876333	1.20048	4.26525
1.44068	0.0961879	5.16333
1.44068	0.0961879	5.16333
1.27625	-0.488568	5.97777
3.27948	-0.956426	5.52447
0.212634	-1.96812	5.30046
-1.30915	-2.01031	3.36363
-1.30915	-2.01031	3.36363
2.4284	-2.39201	6.14949
2.59701	-2.61741	4.25561
2.59701	-2.61741	4.25561
2.44924	0.0232745	3.89703
1.02376	-0.0451298	3.11605
1.53298	0.582649	2.61285
1.53298	0.582649	2.61285
1.53298	0.582649	2.61285
1.53298	0.582649	2.61285
1.49752	2.22282	3.2367
1.49752	2.22282	3.2367
1.49752	2.22282	3.2367
-1.69876	2.43275	5.68631
-1.69876	2.43275	5.68631
-2.64199	2.80567	5.26438
-2.66591	3.22308	6.1431
-2.66591	3.22308	6.1431
-3.57534	1.75465	6.51065
-3.57534	1.75465	6.51065
-4.45279	1.25152	4.19653
-4.45279	1.25152	4.19653
-4.45279	1.25152	4.19653
-4.45279	1.25152	4.19653
-5.51364	2.88992	4.33665
-5.51364	2.88992	4.33665
-3.41262	1.01006	2.25301
-3.41262	1.01006	2.25301
-2.74771	2.17798	3.85759
-4.56517	1.58116	1.53335
-4.56517	1.58116	1.53335
-4.56517	1.58116	1.53335
-4.97046	-0.385817	2.84277
-1.69247	-5.77297	3.69965
-3.17645	-2.1168	1.86301
-3.17645	-2.1168	1.86301
-2.6367	-0.431431	-1.26323
-1.96135	1.09968	2.18925
-0.239335	-0.760811	3.09575
0.64423	-0.341309	2.31822
0.64423	-0.341309	2.31822
0.791178	-0.536284	2.68991
1.51444	1.52873	2.89666
-0.364797	-0.30909	4.11093
-0.364797	-0.30909	4.11093
0.193539	-0.989878	6.36936
0.866272	-0.252965	4.50258
3.40564	-2.79283	1.03512
3.12416	-0.525398	2.62104
3.12416	-0.525398	2.62104
3.12416	-0.525398	2.62104
3.12416	-0.525398	2.62104
3.03262	0.698564	1.07327
3.03262	0.698564	1.07327
3.03262	0.698564	1.07327
5.57445	-0.6347	2.01028
3.23568	1.31306	3.78175
3.23568	1.31306	3.78175
3.23568	1.31306	3.78175
1.61331	1.23399	4.19257
1.61331	1.23399	4.19257
1.61331	1.23399	4.19257
-0.765329	-1.04186	4.69728
-0.765329	-1.04186	4.69728
-0.765329	-1.04186	4.69728
-2.04333	-1.51052	2.98618
-2.04333	-1.51052	2.98618
-2.04333	-1.51052	2.98618
-2.04333	-1.51052	2.98618
-0.321979	-0.815767	3.44754
-1.1855	-0.921271	2.85729
-1.1855	-0.921271	2.85729
0.184389	1.08159	3.85884
0.184389	1.08159	3.85884
0.184389	1.08159	3.85884
1.54162	0.993617	4.91111
1.54162	0.993617	4.91111
1.67132	0.606578	4.13772
1.67132	0.606578	4.13772
1.67132	0.606578	4.13772
2.95902	-0.392548	3.4228
0.63774	2.59106	3.36754
0.63774	2.59106	3.36754
0.419408	2.70146	3.11583
3.34707	2.79914	2.89443
1.4024	3.36257	1.65828
0.211194	2.31271	-1.85401
1.60336	4.12458	-1.93763
1.60336	4.12458	-1.93763
1.60336	4.12458	-1.93763
1.60336	4.12458	-1.93763
1.60336	4.12458	-1.93763
1.60336	4.12458	-1.93763
1.79786	1.50396	-0.719927
0.711669	2.29422	-3.12064
0.711669	2.29422	-3.12064
0.711669	2.29422	-3.12064
0.711669	2.29422	-3.12064
0.711669	2.29422	-3.12064
1.23918	-0.0387465	-4.43426
1.23918	-0.0387465	-4.43426
1.23918	-0.0387465	-4.43426
1.23918	-0.0387465	-4.43426
1.59053	-1.53696	-1.87435
1.59053	-1.53696	-1.87435
1.59053	-1.53696	-1.87435
-1.39075	0.59329	-2.03552
-0.563837	-1.29664	-2.92931
-0.563837	-1.29664	-2.92931
1.35289	1.04255	-1.26603
1.35289	1.04255	-1.26603
-0.658786	0.658216	-4.07781
-0.658786	0.658216	-4.07781
-0.658786	0.658216	-4.07781
0.191482	-1.82001	-3.00645
3.75571	0.742755	-1.58796
2.79674	2.40531	-3.38686
2.79674	2.40531	-3.38686
3.5259	-2.04474	-2.32815
3.5259	-2.04474	-2.32815
3.5259	-2.04474	-2.32815
3.5259	-2.04474	-2.32815
3.5259	-2.04474	-2.32815
3.5259	-2.04474	-2.32815
1.4585	-4.32025	-1.39394
4.44249	-1.50159	-0.855738
2.64309	-0.309774	0.877254
2.64309	-0.309774	0.877254
3.66297	-0.943496	3.27726
2.73628	-0.291762	4.11151
1.9421	-2.29757	3.32295
1.9421	-2.29757	3.32295
1.9421	-2.29757	3.32295
1.9421	-2.29757	3.32295
1.9421	-2.29757	3.32295
3.14535	-2.12953	2.55167
3.14535	-2.12953	2.55167
3.14535	-2.12953	2.55167
3.50485	-2.32537	2.42694
3.50485	-2.32537	2.42694
2.16133	-1.75277	4.56171
-0.00920213	0.291748	4.22857
-0.00920213	0.291748	4.22857
-2.71284	0.611021	5.19058
0.287029	-1.01472	3.41381
0.287029	-1.01472	3.41381
0.287029	-1.01472	3.41381
0.287029	-1.01472	3.41381
0.777984	0.130161	1.86476
0.777984	0.130161	1.86476
-0.494231	0.136643	1.24353
-1.52928	2.43677	3.16711
-1.52928	2.43677	3.16711
-1.47025	2.24179	5.69048
-1.47025	2.24179	5.69048
-1.47025	2.24179	5.69048
-1.47025	2.24179	5.69048
0.0712256	-2.72982	2.9718
-0.668084	-3.13532	4.54672
1.26983	-1.2469	3.30851
3.37199	0.756543	4.41223
5.95934	0.471108	5.83703
5.95934	0.471108	5.83703
5.95934	0.471108	5.83703
5.50218	-1.05778	2.29763
5.76821	1.5041	3.84374
4.26959	1.86249	2.00994
5.8749	2.18841	3.11292
5.8749	2.18841	3.11292
5.8749	2.18841	3.11292
5.8749	2.18841	3.11292
6.15864	-0.604485	5.2752
6.15864	-0.604485	5.2752
7.2306	-2.10043	5.25351
6.12167	-1.15565	5.3379
6.12167	-1.15565	5.3379
6.12167	-1.15565	5.3379
6.12167	-1.15565	5.3379
6.7787	-2.07568	5.84328
6.7787	-2.07568	5.84328
7.98243	-0.256182	4.07288
5.823	-2.36665	3.94693
3.85239	-3.53142	5.70312
3.85239	-3.53142	5.70312
1.53954	-6.05019	4.4287
-1.67547	-4.59829	5.78435
-2.29487	-5.56884	5.94578
-2.0503	-5.19743	4.51439
-2.0503	-5.19743	4.51439
-2.0503	-5.19743	4.51439
-2.0503	-5.19743	4.51439
-2.0503	-5.19743	4.51439
-2.0503	-5.19743	4.51439
-0.161922	-5.35231	3.64211
-0.161922	-5.35231	3.64211
-1.59251	-2.85138	5.57916
-1.59251	-2.85138	5.57916
-1.59251	-2.85138	5.57916
-2.96647	-1.79236	4.83904
-2.96647	-1.79236	4.83904
-2.74791	-1.69266	4.33663
-1.26681	0.592869	3.18087
-1.26681	0.592869	3.18087
-1.26681	0.592869	3.18087
-1.26681	0.592869	3.18087
-1.05176	1.37212	2.84258
-1.05176	1.37212	2.84258
-1.05176	1.37212	2.84258
0.737327	-0.715032	3.33012
0.737327	-0.715032	3.33012
0.737327	-0.715032	3.33012
0.737327	-0.715032	3.33012
0.737327	-0.715032	3.33012
2.25806	-1.42845	3.10822
2.25806	-1.42845	3.10822
1.71704	-1.62386	2.3099
1.71704	-1.62386	2.3099
1.71704	-1.62386	2.3099
1.02439	0.914188	1.81825
1.02439	0.914188	1.81825
1.02439	0.914188	1.81825
1.02439	0.914188	1.81825
1.02439	0.914188	1.81825
1.02439	0.914188	1.81825
1.7272	-1.295	0.624406
1.78972	-0.992476	2.13275
1.78972	-0.992476	2.13275
1.78972	-0.992476	2.13275
1.78972	-0.992476	2.13275
1.78972	-0.992476	2.13275
2.84283	2.35084	3.39064
2.84283	2.35084	3.39064
1.94042	0.558596	4.91613
1.94042	0.558596	4.91613
1.94042	0.558596	4.91613
3.82061	2.05385	3.41527
3.82061	2.05385	3.41527
2.67531	-0.832113	4.49225
-3.71218	1.07993	3.4089
-0.978159	1.19104	5.35505
-3.0258	-1.08471	5.90809
-0.914607	-3.7264	4.12488
-0.00488688	-0.118643	1.87259
-0.00488688	-0.118643	1.87259
2.02241	0.363967	-2.9448
2.02241	0.363967	-2.9448
2.02241	0.363967	-2.9448
0.557263	-1.93889	-3.18546
-1.69821	0.462669	-2.25588
-1.69821	0.462669	-2.25588
-1.69821	0.462669	-2.25588
-0.256217	-0.655352	0.707158
-0.256217	-0.655352	0.707158
2.0198	-0.247528	-2.7599
2.0198	-0.247528	-2.7599
2.0198	-0.247528	-2.7599
2.0198	-0.247528	-2.7599
0.382578	0.96769	-1.49188
0.382578	0.96769	-1.49188
0.382578	0.96769	-1.49188
0.382578	0.96769	-1.49188
0.382578	0.96769	-1.49188
0.382578	0.96769	-1.49188
0.382578	0.96769	-1.49188
0.382578	0.96769	-1.49188
0.382578	0.96769	-1.49188
0.382578	0.96769	-1.49188
-2.845	1.44149	-2.02747
-2.845	1.44149	-2.02747
-0.374565	2.27356	-3.51922
-0.374565	2.27356	-3.51922
-0.374565	2.27356	-3.51922
-0.374565	2.27356	-3.51922
-0.374565	2.27356	-3.51922
-0.374565	2.27356	-3.51922
-0.374565	2.27356	-3.51922
-0.374565	2.27356	-3.51922
-4.27339	2.36245	-3.27868
-4.91009	-0.292809	-4.83283
-4.91009	-0.292809	-4.83283
-4.91009	-0.292809	-4.83283
-4.91009	-0.292809	-4.83283
-7.72419	-0.989796	-4.73866
-5.63552	0.9577	-3.47653
-5.63552	0.9577	-3.47653
-6.87267	-1.43682	-2.18366
-5.25437	-2.24061	-0.950258
-3.54198	-2.49153	-2.14107
-3.54198	-2.49153	-2.14107
-3.062	-2.81106	-1.29629
-3.65529	0.020464	-3.40438
-3.65529	0.020464	-3.40438
-2.90601	1.29623	-3.42145
-2.90601	1.29623	-3.42145
-2.9608	1.54875	-5.29322
-4.17858	1.47191	-8.09884
-0.558223	2.11228	-6.40207
1.31601	0.494478	-3.47136
1.31601	0.494478	-3.47136
1.31601	0.494478	-3.47136
2.52403	-0.583679	-6.09146
2.52403	-0.583679	-6.09146
1.23318	-0.446181	-6.84208
0.563073	-2.04999	-5.41384
2.24021	2.21745	-4.84213
1.8898	0.0268242	-1.38006
1.8898	0.0268242	-1.38006
3.12143	-1.65741	-0.592045
3.12143	-1.65741	-0.592045
3.5959	-1.20223	1.61426
0.271163	1.97354	2.1831
0.204015	0.736107	2.64431
-0.29704	-0.206521	0.609424
-0.29704	-0.206521	0.609424
-0.29704	-0.206521	0.609424
-0.942167	0.164601	3.34713
-0.686044	0.629	1.69186
-0.686044	0.629	1.69186
-0.686044	0.629	1.69186
-0.686044	0.629	1.69186
-0.686044	0.629	1.69186
-0.686044	0.629	1.69186
-0.686044	0.629	1.69186
-0.686044	0.629	1.69186
-2.58727	0.489731	2.84648
-1.95704	-0.830304	3.91232
-1.64997	1.94471	5.88561
-2.34642	0.935853	6.02349
-2.34642	0.935853	6.02349
-2.70313	0.189458	7.37276
-2.08864	3.43074	6.84787
0.475028	3.52304	8.98548
1.7991	1.75343	9.3883
1.7991	1.75343	9.3883
1.7991	1.75343	9.3883
1.56331	4.70294	7.74534
1.56331	4.70294	7.74534
1.56331	4.70294	7.74534
0.849837	5.491	6.74868
-1.95318	4.05229	4.18027
-1.02042	5.52133	3.43357
-1.02042	5.52133	3.43357
-1.02042	5.52133	3.43357
0.516973	5.18941	4.0842
1.17261	6.0396	6.27626
1.98196	5.59205	4.32525
2.69208	4.07726	5.78149
-1.00084	0.885676	6.61829
-1.00084	0.885676	6.61829
-0.882879	3.50539	5.09704
-1.60666	0.0261738	3.26288
-1.60666	0.0261738	3.26288
-1.69029	0.628987	1.55269
-1.69029	0.628987	1.55269
-1.69029	0.628987	1.55269
-1.69029	0.628987	1.55269
-2.43286	2.15912	-1.67776
-0.927046	0.0769621	-2.55571
-0.927046	0.0769621	-2.55571
0.902546	-1.20944	0.886762
0.902546	-1.20944	0.886762
-4.88762	-1.82895	1.06586
-4.88762	-1.82895	1.06586
-4.09011	-3.55614	2.11023
-3.72628	0.536341	2.38481
-3.72628	0.536341	2.38481
-2.78498	-1.79391	1.80343
-1.80827	-3.83579	0.74714
-1.80827	-3.83579	0.74714
0.529876	-4.76438	-1.28312
0.529876	-4.76438	-1.28312
0.529876	-4.76438	-1.28312
-3.21212	-3.65026	-0.812721
-3.54722	-4.52856	-1.56396
-9.31634	-1.53504	-4.10325
-9.13809	-3.44852	-4.38451
-9.13809	-3.44852	-4.38451
-7.7729	-4.64343	-5.55153
-7.7729	-4.64343	-5.55153
-8.91919	-6.23529	-3.20411
-6.69392	-8.17141	-1.5295
-4.74838	-9.96198	2.62912
-4.74838	-9.96198	2.62912
-4.74838	-9.96198	2.62912
-5.25474	-8.26283	7.93231
-4.28483	-6.58196	6.69649
-0.971606	-8.65027	6.30483
-0.971606	-8.65027	6.30483
-0.971606	-8.65027	6.30483
1.72562	-6.88006	4.96258
1.72562	-6.88006	4.96258
3.24585	-6.46027	6.74905
3.83892	-3.88732	3.64882
3.83892	-3.88732	3.64882
5.93982	-7.667	2.72011
5.93982	-7.667	2.72011
5.93982	-7.667	2.72011
3.90028	-7.71457	1.67762
3.90028	-7.71457	1.67762
2.40345	-7.61236	4.52506
2.78082	-7.35783	2.8651
2.79566	-8.08478	3.3336
1.98134	-6.80984	4.09096
1.98134	-6.80984	4.09096
5.45738	-4.52441	3.64014
5.31197	-2.59307	3.64009
5.31197	-2.59307	3.64009
4.50074	-3.58879	3.01508
4.50074	-3.58879	3.01508
4.50074	-3.58879	3.01508
3.71448	-1.93107	5.44129
4.35181	-4.07543	3.47421
1.69133	-3.97285	1.65009
1.69133	-3.97285	1.65009
1.69133	-3.97285	1.65009
3.98965	-3.17969	-2.05534
1.72323	-1.04573	-4.76824
1.72323	-1.04573	-4.76824
1.38852	-2.36106	-5.85651
2.255	-2.51728	-5.88361
2.255	-2.51728	-5.88361
-1.01368	-2.18718	-6.67158
-2.56795	-2.97279	-8.94815
-2.56795	-2.97279	-8.94815
-2.70025	-3.74549	-9.48331
-2.70025	-3.74549	-9.48331
-3.77531	-3.3006	-9.2638
-3.77531	-3.3006	-9.2638
-1.23609	-2.30978	-6.61102
-1.23609	-2.30978	-6.61102
-1.23609	-2.30978	-6.61102
-1.23609	-2.30978	-6.61102
-1.23609	-2.30978	-6.61102
-1.23609	-2.30978	-6.61102
-1.75639	-2.43412	-5.29361
-1.75639	-2.43412	-5.29361
-1.75639	-2.43412	-5.29361
-1.75639	-2.43412	-5.29361
-2.4165	-2.79622	-4.28697
-1.19785	-3.78306	-3.50373
-1.19785	-3.78306	-3.50373
-1.19785	-3.78306	-3.50373
-4.08974	-3.4446	-5.51782
-2.01498	-1.65905	-6.28523
-2.22593	-4.47496	-5.48382
-5.41977	-2.81056	-3.46714
-5.41977	-2.81056	-3.46714
-4.83245	-4.15853	-5.12323
-2.67093	-3.81122	-4.87757
-2.67093	-3.81122	-4.87757
-2.67093	-3.81122	-4.87757
-2.67093	-3.81122	-4.87757
-2.67093	-3.81122	-4.87757
-4.98057	-4.33905	-5.7672
-4.98057	-4.33905	-5.7672
-2.9218	-4.83816	-5.30428
-2.9218	-4.83816	-5.30428
-2.23617	-1.62401	-5.60346
-2.70188	-0.964804	-4.15287
-2.70188	-0.964804	-4.15287
-2.70188	-0.964804	-4.15287
-2.70188	-0.964804	-4.15287
-1.87437	-0.168838	-2.48314
-1.87437	-0.168838	-2.48314
-1.87437	-0.168838	-2.48314
-1.87437	-0.168838	-2.48314
-1.87437	-0.168838	-2.48314
-1.87437	-0.168838	-2.48314
2.22254	2.00651	-5.37871
1.13464	1.70568	-5.89583
1.13464	1.70568	-5.89583
1.0042	4.05084	-4.7896
1.0042	4.05084	-4.7896
1.0042	4.05084	-4.7896
2.24944	2.73518	-2.94094
2.24944	2.73518	-2.94094
1.01803	1.9181	-3.70454
1.01803	1.9181	-3.70454
1.01803	1.9181	-3.70454
1.01803	1.9181	-3.70454
2.20039	-0.434386	-2.62059
1.09661	-0.552013	-4.30396
1.09661	-0.552013	-4.30396
-1.43142	1.62865	-4.29379
1.00751	1.72621	-3.68966
1.00751	1.72621	-3.68966
1.00751	1.72621	-3.68966
0.895616	0.354723	-4.57942
0.895616	0.354723	-4.57942
1.86147	0.0392345	-5.69733
4.19978	0.0476958	-5.60446
4.00432	-1.57738	-4.5245
4.00432	-1.57738	-4.5245
1.96902	-2.3436	-3.79467
2.44168	0.192084	-3.9656
2.44168	0.192084	-3.9656
2.44168	0.192084	-3.9656
-0.764268	1.77379	-2.07669
0.396766	2.36269	-4.018
0.708563	0.769188	-4.54014
0.708563	0.769188	-4.54014
0.708563	0.769188	-4.54014
0.708563	0.769188	-4.54014
0.119921	-0.716638	-3.70918
0.119921	-0.716638	-3.70918
0.119921	-0.716638	-3.70918
0.119921	-0.716638	-3.70918
2.28169	-0.166319	-4.10967
2.28169	-0.166319	-4.10967
1.56248	1.49235	-4.16409
1.56248	1.49235	-4.16409
2.20685	2.73876	-3.56512
2.20685	2.73876	-3.56512
1.15333	2.374	-2.89577
1.55171	1.06341	-4.69132
1.55171	1.06341	-4.69132
2.69465	-0.509867	-4.54524
3.06849	-2.83196	-2.84072
4.53469	-2.48523	-3.03006
6.3304	-0.666356	-2.93979
6.6659	-1.68445	-3.08728
6.6659	-1.68445	-3.08728
6.6659	-1.68445	-3.08728
6.6659	-1.68445	-3.08728
6.6659	-1.68445	-3.08728
6.02259	-1.70152	-1.80786
6.02259	-1.70152	-1.80786
6.02259	-1.70152	-1.80786
6.35818	-4.38795	-4.92991
6.47134	-1.91617	-3.55749
6.59369	-2.05178	-4.49809
4.06687	1.09467	-4.07967
4.06687	1.09467	-4.07967
4.06687	1.09467	-4.07967
4.06687	1.09467	-4.07967
4.06687	1.09467	-4.07967
4.20298	0.351378	-3.64509
4.20298	0.351378	-3.64509
3.66726	1.33039	-4.91885
3.66726	1.33039	-4.91885
3.66726	1.33039	-4.91885
3.66726	1.33039	-4.91885
3.66726	1.33039	-4.91885
4.13605	0.428062	-1.85764
-0.475234	2.45501	-2.5439
-0.93459	3.24149	-3.15781
-1.01032	2.11036	-1.62696
-1.01032	2.11036	-1.62696
-1.01032	2.11036	-1.62696
-1.01032	2.11036	-1.62696
-1.01032	2.11036	-1.62696
-1.01032	2.11036	-1.62696
-1.01032	2.11036	-1.62696
-1.01032	2.11036	-1.62696
-0.202293	2.33019	-2.63662
-0.887435	1.55226	1.49651
-0.887435	1.55226	1.49651
-0.887435	1.55226	1.49651
-0.852691	0.222629	2.6086
0.176964	0.474172	-1.80361
0.176964	0.474172	-1.80361
0.73408	-0.903741	-2.40474
0.73408	-0.903741	-2.40474
-0.335019	-0.682977	-2.65671
-0.318367	-2.30553	1.07903
2.14707	-2.03046	3.15944
2.14707	-2.03046	3.15944
2.14707	-2.03046	3.15944
2.14707	-2.03046	3.15944
2.14707	-2.03046	3.15944
2.14707	-2.03046	3.15944
1.17292	-2.67523	3.80154
1.17292	-2.67523	3.80154
1.17292	-2.67523	3.80154
1.17292	-2.67523	3.80154
-0.604882	-1.22302	6.6676
-1.21092	-1.27045	6.33396
-1.21092	-1.27045	6.33396
-1.21092	-1.27045	6.33396
-1.21092	-1.27045	6.33396
-1.21092	-1.27045	6.33396
-1.21092	-1.27045	6.33396
-1.21092	-1.27045	6.33396
1.58861	0.539789	4.36044
-0.56482	0.990977	3.51018
-1.60909	1.60089	2.42032
-1.60909	1.60089	2.42032
-1.20226	1.56291	-0.799813
-1.20226	1.56291	-0.799813
0.101106	-2.27432	1.21507
1.54364	-1.41455	-1.35136
1.06933	-0.175096	-4.13665
1.06933	-0.175096	-4.13665
1.61912	2.16853	-2.1969
1.61912	2.16853	-2.1969
1.61912	2.16853	-2.1969
2.32364	-0.0548748	-6.21461
2.32364	-0.0548748	-6.21461
4.78027	0.146479	-4.70153
4.78027	0.146479	-4.70153
4.78027	0.146479	-4.70153
4.78027	0.146479	-4.70153
4.78027	0.146479	-4.70153
2.31582	0.136977	-5.11211
0.715711	2.77038	-2.95891
0.715711	2.77038	-2.95891
0.715711	2.77038	-2.95891
0.715711	2.77038	-2.95891
-1.53605	-0.767881	-1.41293
-1.53605	-0.767881	-1.41293
-0.538584	2.79225	-1.90472
3.16884	2.19131	-5.29521
3.16884	2.19131	-5.29521
1.00088	0.395481	-5.45319
3.07238	1.559	-3.78211
3.07238	1.559	-3.78211
3.01846	0.396608	-4.79454
3.01846	0.396608	-4.79454
3.01846	0.396608	-4.79454
2.76009	2.61491	-5.72729
2.76009	2.61491	-5.72729
2.76009	2.61491	-5.72729
2.61161	3.82976	-3.28612
3.87	4.10404	-3.04795
4.16504	0.580282	-3.34358
0.580331	1.74752	-2.49137
0.580331	1.74752	-2.49137
-0.185227	-0.651715	-2.19602
-0.185227	-0.651715	-2.19602
-0.928697	1.7365	2.2291
-4.63499	3.34988	2.06802
-4.63499	3.34988	2.06802
-4.63499	3.34988	2.06802
-0.554426	4.92051	4.70749
-0.554426	4.92051	4.70749
-0.554426	4.92051	4.70749
-0.520691	2.40292	3.136
-2.52337	0.3733	2.85968
-2.52337	0.3733	2.85968
-2.85675	0.781111	2.11828
-0.398886	1.59897	1.51698
-0.398886	1.59897	1.51698
-0.398886	1.59897	1.51698
1.58284	-0.373829	5.28171
1.58284	-0.373829	5.28171
-2.71743	-1.7723	5.11513
-3.63143	-2.67163	2.6849
-5.04906	-2.07024	2.41821
-3.07	-2.603	3.77639
-1.86715	-2.11149	2.43546
-1.86715	-2.11149	2.43546
-1.86715	-2.11149	2.43546
3.68162	-3.96472	2.77515
1.43475	-2.43474	4.01295
-0.516337	-2.51046	-1.19041
-0.516337	-2.51046	-1.19041
1.99654	-2.06636	-3.31769
1.99654	-2.06636	-3.31769
2.97388	-0.0415732	-2.18825
1.67201	1.32361	-1.52357
1.67201	1.32361	-1.52357
1.67201	1.32361	-1.52357
1.67201	1.32361	-1.52357
1.67201	1.32361	-1.52357
1.14868	1.45204	-2.58699
3.06295	3.82752	-3.75456
3.60801	5.50387	-4.81007
4.75048	3.42294	-4.74082
4.75048	3.42294	-4.74082
4.75048	3.42294	-4.74082
1.35693	1.02523	-2.88574
0.323234	0.106482	-3.32017
0.323234	0.106482	-3.32017
0.323234	0.106482	-3.32017
1.85895	-0.764536	-4.90676
2.50201	-1.32508	-4.98657
2.50201	-1.32508	-4.98657
2.50201	-1.32508	-4.98657
2.50201	-1.32508	-4.98657
2.50201	-1.32508	-4.98657
2.50201	-1.32508	-4.98657
2.50201	-1.32508	-4.98657
2.50201	-1.32508	-4.98657
2.50201	-1.32508	-4.98657
1.50885	0.67755	-5.43561
1.50885	0.67755	-5.43561
0.180016	2.86135	-1.34439
-1.4974	-0.414784	-3.13182
-1.4974	-0.414784	-3.13182
-1.4974	-0.414784	-3.13182
0.581997	-3.32223	-1.33148
0.581997	-3.32223	-1.33148
0.581997	-3.32223	-1.33148
2.34127	-2.88354	-2.42287
3.41365	-1.10939	-4.42626
1.16477	1.40631	-4.46014
3.5745	1.30817	-4.3125
0.112247	0.214885	-5.56672
-0.232361	2.57141	-3.54907
-0.232361	2.57141	-3.54907
-0.232361	2.57141	-3.54907
-0.553411	-1.0528	-3.5378
-0.553411	-1.0528	-3.5378
-0.553411	-1.0528	-3.5378
-0.553411	-1.0528	-3.5378
-0.553411	-1.0528	-3.5378
-1.74177	-1.51613	-4.05892
-1.48114	0.414443	-4.04687
-0.447931	2.26727	-3.30182
-0.447931	2.26727	-3.30182
-0.447931	2.26727	-3.30182
0.24491	3.11694	-4.50949
0.24491	3.11694	-4.50949
-0.714646	2.55203	-3.53522
-0.595338	3.27496	-3.28218
-2.01597	-0.759559	-5.00372
-2.01597	-0.759559	-5.00372
-2.01597	-0.759559	-5.00372
-1.09022	-0.305572	-4.59054
0.767419	1.15054	-4.08515
0.767419	1.15054	-4.08515
-0.290886	2.1243	-4.08462
1.70212	0.245923	-2.475
1.70212	0.245923	-2.475
1.70212	0.245923	-2.475
1.70212	0.245923	-2.475
1.70212	0.245923	-2.475
1.70212	0.245923	-2.475
1.70212	0.245923	-2.475
1.53547	1.97413	-2.87182
1.53547	1.97413	-2.87182
2.09452	0.851076	-2.12491
2.08173	0.89861	-2.74922
2.08173	0.89861	-2.74922
4.13844	1.68394	-1.41778
4.13844	1.68394	-1.41778
5.10354	2.62512	-5.6275
5.10354	2.62512	-5.6275
5.10354	2.62512	-5.6275
3.34702	2.4956	-5.07187
3.34702	2.4956	-5.07187
3.34702	2.4956	-5.07187
3.34702	2.4956	-5.07187
0.379077	1.45096	-5.45497
-0.559652	3.09836	-3.53678
-0.559652	3.09836	-3.53678
-0.273243	1.70716	-1.96354
0.918605	2.60305	-2.22581
1.21903	2.68227	-2.57642
1.21903	2.68227	-2.57642
1.21903	2.68227	-2.57642
-2.94997	0.408707	-1.88426
-2.94997	0.408707	-1.88426
-2.94997	0.408707	-1.88426
-6.50714	2.27478	-3.8794
-5.02401	1.15316	-5.47065
-5.02401	1.15316	-5.47065
-3.40042	-1.54932	-4.83063
-3.40042	-1.54932	-4.83063
-3.40042	-1.54932	-4.83063
-2.99276	-3.28352	-3.86895
-0.689745	-4.76866	-1.67344
-0.689745	-4.76866	-1.67344
-0.437047	-2.88987	-2.41371
-0.437047	-2.88987	-2.41371
-2.45481	-1.37791	-2.73449
-1.54326	-1.78052	-3.11057
0.27597	-0.807809	-0.703224
0.658151	1.4426	-3.75833
0.658151	1.4426	-3.75833
0.658151	1.4426	-3.75833
2.24145	0.897577	-1.66154
0.456819	-1.92723	-2.27665
-0.596559	-1.95376	-3.22278
-0.596559	-1.95376	-3.22278
-0.596559	-1.95376	-3.22278
-0.596559	-1.95376	-3.22278
-0.0667782	-0.443735	-5.82702
-0.0667782	-0.443735	-5.82702
1.96114	-0.636148	-4.91179
3.04809	-0.247841	-2.54242
-0.43379	1.91576	-1.73663
-0.458373	1.40125	-1.09448
-0.458373	1.40125	-1.09448
0.952803	1.86588	-4.02609
1.0373	2.26246	-3.73801
1.1833	0.810675	-5.44784
1.1833	0.810675	-5.44784
-0.490234	1.10678	-4.40489
-1.49391	1.49299	-1.03785
-2.3919	-1.30031	2.32742
-1.94011	-0.694827	5.07336
-2.45145	0.115831	5.32018
-2.45145	0.115831	5.32018
-2.45145	0.115831	5.32018
-0.0649071	-0.241696	9.15362
-0.53203	0.925083	7.55224
-1.8731	-0.1019	3.90113
-1.8731	-0.1019	3.90113
-3.27278	-0.156808	3.11941
-3.27278	-0.156808	3.11941
-3.27278	-0.156808	3.11941
-3.27278	-0.156808	3.11941
-0.0715233	2.39409	1.40989
-0.86047	2.1611	2.03386
1.21581	1.74996	1.12484
0.71619	2.11114	3.84648
3.48874	-2.03756	3.34638
3.48874	-2.03756	3.34638
2.69399	-2.18543	3.57822
1.37411	1.24548	4.73717
1.37411	1.24548	4.73717
1.17217	1.43961	4.8397
1.17217	1.43961	4.8397
1.17217	1.43961	4.8397
1.83002	2.27433	4.86499
1.83002	2.27433	4.86499
-1.48681	1.84694	3.77034
-1.48681	1.84694	3.77034
-1.48681	1.84694	3.77034
-1.48681	1.84694	3.77034
-2.18164	2.65026	4.8912
-2.18164	2.65026	4.8912
-2.18164	2.65026	4.8912
0.30273	2.60136	4.61262
0.30273	2.60136	4.61262
0.0104656	0.81904	5.09439
0.286186	2.3785	3.83661
0.286186	2.3785	3.83661
0.286186	2.3785	3.83661
0.286186	2.3785	3.83661
-0.902123	1.4679	2.16043
-1.18441	0.516644	4.9361
-1.18441	0.516644	4.9361
-1.18441	0.516644	4.9361
-1.41785	1.52884	2.74699
1.2676	3.14275	1.51211
-0.603738	2.71383	1.49002
-2.247	0.494225	3.43511
-0.199084	-0.532287	3.01538
-0.199084	-0.532287	3.01538
-0.199084	-0.532287	3.01538
2.47799	-1.81548	2.95431
2.47799	-1.81548	2.95431
2.47799	-1.81548	2.95431
0.873281	-3.14615	2.21391
0.873281	-3.14615	2.21391
2.2816	-1.15875	3.76735
2.2816	-1.15875	3.76735
2.2816	-1.15875	3.76735
2.4975	-1.27774	3.67625
2.4975	-1.27774	3.67625
2.4975	-1.27774	3.67625
3.30677	-0.804443	5.88501
3.23165	2.87973	3.35237
1.57137	2.91726	1.68099
1.57137	2.91726	1.68099
1.57137	2.91726	1.68099
1.57137	2.91726	1.68099
1.57137	2.91726	1.68099
3.46025	1.63223	-1.3574
4.94854	0.32209	-1.64077
4.64599	-0.356445	-3.00151
2.76286	0.726416	-2.66278
2.76286	0.726416	-2.66278
2.76286	0.726416	-2.66278
2.76286	0.726416	-2.66278
2.41183	-2.06913	-3.78645
2.41183	-2.06913	-3.78645
2.41183	-2.06913	-3.78645
2.41183	-2.06913	-3.78645
2.41183	-2.06913	-3.78645
2.41183	-2.06913	-3.78645
1.93466	-4.80397	-3.41883
1.93466	-4.80397	-3.41883
3.97767	-4.52665	-5.67393
3.97767	-4.52665	-5.67393
3.97767	-4.52665	-5.67393
5.4353	-3.967	-5.76646
5.4353	-3.967	-5.76646
5.63499	-3.40005	-6.33915
4.3583	-5.14583	-2.89967
4.56983	-6.00396	-2.89056
4.56983	-6.00396	-2.89056
2.99165	-5.18274	-2.0516
2.99165	-5.18274	-2.0516
-0.455632	-4.05242	1.61593
-3.51694	-1.65507	6.35466
-3.51694	-1.65507	6.35466
-1.55072	-2.19815	7.18485
-1.91702	-3.96187	4.34685
-1.91702	-3.96187	4.34685
-1.91702	-3.96187	4.34685
-1.91702	-3.96187	4.34685
-3.73067	-3.04795	2.67084
-2.63153	-0.667886	2.56583
-0.699481	0.286149	2.03666
-0.0132752	-0.325512	3.80134
-0.0132752	-0.325512	3.80134
-0.0132752	-0.325512	3.80134
0.306604	-1.25904	1.96767
0.306604	-1.25904	1.96767
0.306604	-1.25904	1.96767
0.911144	1.57148	4.21281
-0.523026	-1.8809	1.54603
-0.153283	-0.0594925	1.08177
-0.153283	-0.0594925	1.08177
-0.153283	-0.0594925	1.08177
-1.14986	-1.35968	3.09463
-1.14986	-1.35968	3.09463
-1.14986	-1.35968	3.09463
-3.16113	-0.57772	4.22126
-1.64811	-0.996217	4.6277
0.203796	-0.756441	6.81145
-0.215812	-1.32529	6.52557
-0.473759	-1.94718	8.65082
-0.473759	-1.94718	8.65082
-0.473759	-1.94718	8.65082
0.836844	-2.74586	8.55679
0.836844	-2.74586	8.55679
0.836844	-2.74586	8.55679
1.41068	-4.39376	7.1932
1.41068	-4.39376	7.1932
3.07093	-3.42436	4.98056
3.07093	-3.42436	4.98056
3.96544	-3.38473	1.7047
-0.347514	-2.45406	1.82744
-0.347514	-2.45406	1.82744
-0.347514	-2.45406	1.82744
-2.50935	-1.80781	2.03512
-2.9884	-2.76835	3.91469
-2.9884	-2.76835	3.91469
-2.9884	-2.76835	3.91469
-2.9884	-2.76835	3.91469
-2.29305	-2.49037	7.50636
-2.29305	-2.49037	7.50636
-2.83177	-2.84887	7.70089
-2.83177	-2.84887	7.70089
-2.83177	-2.84887	7.70089
-5.29416	-1.85886	7.2736
-5.29416	-1.85886	7.2736
-5.29416	-1.85886	7.2736
-3.50098	0.177373	5.47866
-3.2723	-0.839844	7.02111
-4.21424	-1.78206	5.15268
-4.92943	-1.46227	3.14032
-4.92943	-1.46227	3.14032
-3.11953	-0.701069	5.49898
-1.61954	-2.71967	2.51806
-2.47758	-1.68886	4.24696
-3.25251	-2.01341	3.67738
-3.25251	-2.01341	3.67738
-1.12464	-0.424746	1.5688
-1.12464	-0.424746	1.5688
0.272591	-2.2659	2.60961
0.272591	-2.2659	2.60961
0.272591	-2.2659	2.60961
0.272591	-2.2659	2.60961
1.23349	-3.09505	4.79577
1.4161	-1.32157	-1.34602
1.4161	-1.32157	-1.34602
1.4161	-1.32157	-1.34602
1.4161	-1.32157	-1.34602
1.4161	-1.32157	-1.34602
0.756465	0.657409	-1.99535
0.0295883	3.52929	-3.9523
0.517857	2.54128	-5.61233
0.517857	2.54128	-5.61233
-2.87192	1.80959	-5.15168
-2.6658	2.6022	-4.75633
-0.587286	0.664913	-5.40794
-0.0739329	-2.18435	-4.32569
-0.0739329	-2.18435	-4.32569
-2.84086	1.44321	-3.76426
-2.84086	1.44321	-3.76426
-2.83813	0.216358	-2.9147
-2.83813	0.216358	-2.9147
-1.70271	-1.10089	-5.77594
-1.70271	-1.10089	-5.77594
-2.31322	-0.0763839	-3.79383
-0.851278	-0.528185	-5.70803
-1.26106	1.13285	-5.45036
-1.26106	1.13285	-5.45036
-1.26106	1.13285	-5.45036
-1.26106	1.13285	-5.45036
-2.52477	-1.20511	-6.59338
-4.19166	-1.34592	-3.73803
1.46553	-1.64027	-6.40763
1.46553	-1.64027	-6.40763
1.26779	0.761514	-4.637
1.26779	0.761514	-4.637
-0.257174	1.58141	-3.54904
-0.257174	1.58141	-3.54904
2.23785	3.69949	-2.75741
0.872078	3.61337	-3.46203
0.872078	3.61337	-3.46203
1.43344	2.00612	-6.40424
2.8633	3.95952	-5.15603
2.8633	3.95952	-5.15603
3.64618	6.28382	-3.64602
1.53208	5.90879	-4.60865
1.53208	5.90879	-4.60865
1.53208	5.90879	-4.60865
0.0420565	4.37009	-5.74301
0.0420565	4.37009	-5.74301
2.50205	5.05098	-4.1409
2.50205	5.05098	-4.1409
2.95589	4.88515	-4.31362
1.26875	4.08346	-5.715
1.26875	4.08346	-5.715
2.29141	-1.04459	-6.6345
3.50288	0.647493	-4.77976
3.50288	0.647493	-4.77976
3.50288	0.647493	-4.77976
4.05698	-1.15291	-3.25796
4.05698	-1.15291	-3.25796
2.61829	-0.534202	-1.08106
