40.1872	29.4007	1.22223
40.008	28.2609	1.45761
39.5941	27.672	1.33474
39.7285	27.175	0.0707418
39.768	26.4366	-0.849004
40.1747	25.1655	-0.914866
40.1747	25.1655	-0.914866
40.1747	25.1655	-0.914866
40.1747	25.1655	-0.914866
40.5427	25.0564	-1.4759
40.5427	25.0564	-1.4759
40.5427	25.0564	-1.4759
40.5427	25.0564	-1.4759
39.9008	25.16	-2.30007
39.9008	25.16	-2.30007
40.026	25.2149	-2.4079
40.026	25.2149	-2.4079
39.0302	26.4582	-2.16786
39.0302	26.4582	-2.16786
38.8228	25.1504	-0.626768
38.7854	24.4244	-1.48632
38.7854	24.4244	-1.48632
38.7854	24.4244	-1.48632
38.8153	23.5955	-2.48992
38.5472	22.3281	-3.43331
38.5472	22.3281	-3.43331
38.5472	22.3281	-3.43331
38.5472	22.3281	-3.43331
38.5472	22.3281	-3.43331
38.7339	22.2391	-3.38033
38.9182	21.3458	-4.11333
39.728	21.2927	-3.96434
39.9503	21.1711	-4.17279
40.4193	21.0186	-4.16497
40.4193	21.0186	-4.16497
40.7851	19.6642	-4.49145
40.1233	19.4589	-5.1827
39.2784	19.2133	-4.73534
38.4257	18.7871	-4.92793
38.7882	18.8886	-5.47406
39.4358	17.9368	-6.17626
39.0269	17.251	-6.19073
37.7288	17.1942	-6.28737
37.7288	17.1942	-6.28737
37.1391	17.4339	-6.85398
37.1391	17.4339	-6.85398
37.6224	18.173	-7.63396
37.817	19.3329	-7.23037
37.8109	17.9568	-7.2921
37.8109	17.9568	-7.2921
37.8109	17.9568	-7.2921
37.8109	17.9568	-7.2921
37.1062	17.7112	-6.80727
37.1062	17.7112	-6.80727
37.1062	17.7112	-6.80727
35.8707	17.6462	-7.59316
35.8707	17.6462	-7.59316
36.0045	18.7542	-7.41977
34.7637	17.4196	-7.49604
34.3802	16.7529	-7.20076
34.3802	16.7529	-7.20076
34.6163	16.9552	-8.00198
34.389	17.183	-7.9715
34.0887	16.141	-7.44524
33.2033	16.3849	-6.86142
32.6406	15.6305	-6.21898
31.896	15.9752	-6.38845
32.5181	14.2838	-6.99092
32.4234	13.4326	-8.06115
32.6226	12.6226	-9.12127
32.2709	12.3427	-9.75723
32.4175	12.1409	-9.58593
32.7434	11.005	-10.3662
32.7434	11.005	-10.3662
32.7434	11.005	-10.3662
32.7434	11.005	-10.3662
33.1369	10.638	-9.19751
33.4561	10.7405	-8.72411
33.3014	11.2141	-7.76611
33.3014	11.2141	-7.76611
32.7	10.7969	-6.81351
31.9065	11.1143	-6.9251
32.0193	12.4079	-5.10184
31.5505	12.0592	-4.99072
30.5706	11.907	-5.89522
30.111	11.0388	-5.74023
29.8523	10.5909	-5.90217
29.0617	11.1156	-4.7059
29.3914	10.1161	-4.7363
29.064	10.0156	-4.47152
28.3756	11.2081	-5.14509
28.3756	11.2081	-5.14509
27.4202	11.7711	-4.63581
26.3267	11.0713	-5.50648
26.3267	11.0713	-5.50648
25.6738	10.3666	-3.78014
25.6738	10.3666	-3.78014
25.6738	10.3666	-3.78014
25.94	9.76453	-3.81732
26.2577	8.80356	-3.96672
26.2577	8.80356	-3.96672
25.9529	8.98768	-3.413
26.0017	10.2117	-3.47598
26.2888	9.6953	-3.37514
26.2192	10.6719	-2.39306
24.4487	11.2775	-3.60042
24.4741	11.0582	-4.66506
24.9595	10.7994	-4.79036
24.2395	10.0305	-3.97528
24.5207	10.2995	-4.93169
24.5207	10.2995	-4.93169
22.1644	11.4839	-5.77436
22.3732	11.0651	-6.10827
22.1206	10.798	-6.60143
22.4179	9.67867	-6.0372
21.2587	9.87831	-7.25446
22.4193	9.04691	-6.50224
22.208	8.65619	-7.0885
22.208	8.65619	-7.0885
22.208	8.65619	-7.0885
21.5323	10.1695	-6.99489
21.5323	10.1695	-6.99489
20.8596	8.45519	-7.18395
20.1008	7.48191	-7.75487
20.1008	7.48191	-7.75487
19.7692	7.87252	-7.18766
18.5273	7.56921	-7.76836
18.733	7.41167	-6.01887
19.0271	6.05427	-5.33916
19.1344	6.48326	-4.9192
18.7867	5.77699	-4.75607
18.7867	5.77699	-4.75607
18.7867	5.77699	-4.75607
17.4632	5.87528	-6.12266
17.6092	4.98723	-6.8036
18.0261	5.31052	-5.72912
18.0369	4.11089	-4.53524
18.0369	4.11089	-4.53524
18.0369	4.11089	-4.53524
18.6016	3.34426	-6.04805
18.5208	2.78463	-6.65628
17.8918	2.73747	-4.22218
17.8918	2.73747	-4.22218
16.7278	1.96037	-4.02912
17.2347	2.5863	-3.75123
17.5087	2.2009	-3.66517
17.5087	2.2009	-3.66517
17.8225	2.91703	-3.70448
17.5033	4.28326	-3.49498
17.5033	4.28326	-3.49498
17.1318	2.93364	-2.78383
17.1318	2.93364	-2.78383
17.4286	3.17415	-2.79025
17.6749	3.37294	-3.77181
16.8724	2.54965	-3.49406
16.1396	1.87483	-1.98845
16.3594	3.14099	-1.69233
16.074	3.25838	-1.08471
15.6616	3.52522	-2.31998
15.6616	3.52522	-2.31998
15.6616	3.52522	-2.31998
15.6616	3.52522	-2.31998
15.9116	2.50239	-1.18913
15.2598	1.66496	-1.87081
14.3481	2.89829	-3.51817
14.3481	2.89829	-3.51817
13.5477	4.01987	-3.72557
14.2636	3.96517	-1.50062
15.4729	3.86949	-0.201248
15.4729	3.86949	-0.201248
15.4729	3.86949	-0.201248
15.4729	3.86949	-0.201248
13.8544	2.78849	-0.385467
13.3909	2.77936	-0.656758
13.3147	2.18313	-0.844287
13.3147	2.18313	-0.844287
13.317	3.64001	-2.00878
13.317	3.64001	-2.00878
13.317	3.64001	-2.00878
12.4117	4.31016	-2.91821
13.1579	3.54392	-1.59689
13.1579	3.54392	-1.59689
12.0868	2.13552	-2.17516
12.1583	2.55297	-1.73575
12.3432	2.39317	-1.22502
12.7716	0.317915	-0.470721
13.2528	0.195336	0.382013
13.1369	0.381465	0.640716
12.2614	0.317091	1.24431
10.9634	-1.45099	1.77114
10.9634	-1.45099	1.77114
9.67606	-0.946588	0.97819
8.56661	-0.345775	1.25207
7.62741	-0.825167	0.627953
7.25899	-1.26645	2.2851
7.25899	-1.26645	2.2851
7.4416	-2.4404	3.18874
6.31827	-2.91272	3.55707
5.56707	-2.01713	3.15331
5.56707	-2.01713	3.15331
4.37163	-2.61578	3.89485
4.73354	-3.63593	3.99664
3.43694	-3.28	3.87381
3.18248	-2.76329	4.71454
3.6655	-2.67604	3.54155
4.1715	-3.4034	2.78523
3.58241	-4.33711	2.60582
3.58241	-4.33711	2.60582
3.58241	-4.33711	2.60582
3.88739	-3.27939	3.00923
3.26993	-3.26993	2.2927
3.26993	-3.26993	2.2927
3.45894	-2.70405	3.5159
2.81802	-1.75013	2.4009
2.20742	-1.92386	1.95589
2.88326	-1.39601	1.61562
2.99595	-1.99369	2.98555
2.99595	-1.99369	2.98555
2.42417	-1.65917	3.38228
1.02004	-2.52447	3.83733
1.52513	-1.80421	2.90455
0.397165	-2.24287	3.61901
0.397165	-2.24287	3.61901
0.661986	-0.932254	2.97587
0.661986	-0.932254	2.97587
0.46776	-1.46971	3.0613
0.46776	-1.46971	3.0613
0.46776	-1.46971	3.0613
0.341689	-0.400964	3.31859
-0.445353	-0.862221	2.35842
-1.51971	-1.01921	1.88366
-0.792416	-0.989865	2.23821
-0.977997	-1.47463	2.14446
-0.977997	-1.47463	2.14446
-2.13595	-0.411295	1.2361
-2.13595	-0.411295	1.2361
-2.19645	-0.181185	1.15761
-2.19645	-0.181185	1.15761
-2.19645	-0.181185	1.15761
-2.2147	0.152643	-0.623335
-1.48301	-0.0971886	-1.84594
-1.82168	-0.25643	-1.93567
-0.847731	-0.0637685	-1.63245
-0.847731	-0.0637685	-1.63245
-0.915106	-0.33174	-1.20379
-0.123154	-0.763062	-0.861434
-0.535737	-0.985798	-0.813799
-0.535737	-0.985798	-0.813799
-0.535737	-0.985798	-0.813799
-0.72535	-1.98425	0.0953853
-0.72535	-1.98425	0.0953853
-0.72535	-1.98425	0.0953853
-0.72535	-1.98425	0.0953853
-0.230007	-2.48067	1.02942
-0.544279	-1.7546	0.176487
-0.544279	-1.7546	0.176487
-0.145352	-1.48575	0.231215
-0.145352	-1.48575	0.231215
-0.145352	-1.48575	0.231215
-0.145352	-1.48575	0.231215
-0.145352	-1.48575	0.231215
-0.145352	-1.48575	0.231215
-0.145352	-1.48575	0.231215
0.301934	-0.864238	-0.251857
0.301934	-0.864238	-0.251857
0.301934	-0.864238	-0.251857
0.920495	0.150872	0.456068
0.920495	0.150872	0.456068
-0.610358	-0.762338	-0.219781
-0.610358	-0.762338	-0.219781
-1.22065	-1.0966	-1.00118
-1.22065	-1.0966	-1.00118
-1.07161	0.0672522	-0.59286
-1.07161	0.0672522	-0.59286
-1.01272	-0.333079	0.451328
-1.01272	-0.333079	0.451328
-0.252578	-0.318911	-0.0983595
-0.252578	-0.318911	-0.0983595
-0.252578	-0.318911	-0.0983595
-0.252578	-0.318911	-0.0983595
-0.252578	-0.318911	-0.0983595
-0.0686142	0.496429	0.0127873
-0.0686142	0.496429	0.0127873
-0.0686142	0.496429	0.0127873
-0.0686142	0.496429	0.0127873
0.178289	0.74383	-0.303312
0.178289	0.74383	-0.303312
0.178289	0.74383	-0.303312
0.178289	0.74383	-0.303312
0.178289	0.74383	-0.303312
0.178289	0.74383	-0.303312
0.119332	1.06759	-0.39927
0.119332	1.06759	-0.39927
-0.276013	0.666959	-0.680799
0.464186	0.662002	0.475786
0.464186	0.662002	0.475786
0.621359	1.0633	-0.490062
0.621359	1.0633	-0.490062
0.124721	1.50474	-0.669605
0.124721	1.50474	-0.669605
0.124721	1.50474	-0.669605
0.243321	1.37419	-0.897842
1.01506	0.539138	-0.694099
1.03004	-0.340657	-0.320534
-0.070217	-0.608879	-0.134597
1.0032	-0.193243	1.25651
1.52609	0.379804	1.93701
0.977838	1.37488	0.405017
0.977838	1.37488	0.405017
0.977838	1.37488	0.405017
0.327504	1.18596	0.248408
0.327504	1.18596	0.248408
0.327504	1.18596	0.248408
-0.75731	1.44035	-0.595886
-0.75731	1.44035	-0.595886
-1.11817	0.870535	-0.822457
-1.18051	0.392348	0.0976048
-1.18051	0.392348	0.0976048
-1.18051	0.392348	0.0976048
-0.342816	0.317154	1.0619
-0.352626	0.286456	-0.379046
-0.380275	0.0393787	-1.01968
-0.380275	0.0393787	-1.01968
-0.380275	0.0393787	-1.01968
-0.0386872	-0.402761	-0.561296
-0.147814	0.0630375	-0.179815
-0.147814	0.0630375	-0.179815
0.560265	0.535681	-0.755973
0.560265	0.535681	-0.755973
0.427771	0.000749605	-0.0661074
0.427771	0.000749605	-0.0661074
0.427771	0.000749605	-0.0661074
-0.193073	-0.306883	0.566087
-0.193073	-0.306883	0.566087
-0.563926	0.290952	0.838487
-0.563926	0.290952	0.838487
-0.563926	0.290952	0.838487
-1.73397	0.908814	1.50683
-2.64899	-0.0328476	1.06723
-2.64899	-0.0328476	1.06723
-2.64899	-0.0328476	1.06723
-1.53821	-1.43781	-0.15808
0.120919	-1.54901	-0.993468
0.846745	-0.846633	-0.91588
0.846745	-0.846633	-0.91588
0.333668	-0.694872	-0.413998
0.149388	-0.170517	-1.28482
0.149388	-0.170517	-1.28482
-0.118711	0.395903	-0.47085
-0.118711	0.395903	-0.47085
0.145165	-0.153948	-0.560225
0.145165	-0.153948	-0.560225
0.145165	-0.153948	-0.560225
0.145165	-0.153948	-0.560225
0.145165	-0.153948	-0.560225
-0.592384	1.42572	-0.647114
-0.592384	1.42572	-0.647114
-0.592384	1.42572	-0.647114
-1.722	0.855926	-1.12948
-1.30448	-0.194978	-1.73728
-1.71523	-0.393441	-1.28624
-0.672991	-1.11854	-1.81856
0.146929	-1.09426	-1.4244
0.0225646	-0.709182	-0.920409
0.0225646	-0.709182	-0.920409
1.19984	-2.31673	-0.062225
0.804703	-2.97212	0.767897
0.804703	-2.97212	0.767897
-0.218642	-3.07636	-1.00351
-0.218642	-3.07636	-1.00351
0.0640742	-2.65351	-1.98274
-1.44008	-2.70755	-1.90309
-1.69288	-2.55203	-1.57155
-1.69288	-2.55203	-1.57155
-1.12602	-1.22195	-1.21301
-1.12602	-1.22195	-1.21301
-0.722105	-1.40219	-1.29275
0.847044	-1.41042	-0.656184
-0.140864	-1.99933	-0.709647
-0.140864	-1.99933	-0.709647
-0.140864	-1.99933	-0.709647
-0.140864	-1.99933	-0.709647
-0.403813	-0.670188	-1.4547
-0.403813	-0.670188	-1.4547
-0.629269	-0.848682	-0.586285
-0.629269	-0.848682	-0.586285
-0.629269	-0.848682	-0.586285
-0.629269	-0.848682	-0.586285
-1.08844	-0.589247	-0.840044
0.471773	-0.576372	-1.51732
0.471773	-0.576372	-1.51732
0.336813	-0.662099	-1.5676
0.364313	-0.433182	-0.978994
0.394619	0.343014	0.113255
0.394619	0.343014	0.113255
0.394619	0.343014	0.113255
0.394619	0.343014	0.113255
0.394619	0.343014	0.113255
-0.575495	-0.21975	0.356532
-0.408804	-1.31618	-0.463926
-0.408804	-1.31618	-0.463926
-0.247214	-1.07726	0.71276
0.957087	-0.218253	0.680447
0.468373	-0.363088	1.09406
0.468373	-0.363088	1.09406
0.468373	-0.363088	1.09406
0.468373	-0.363088	1.09406
0.816066	-0.333421	0.775434
0.31006	0.419719	0.41684
0.409534	0.110683	0.22748
0.409534	0.110683	0.22748
0.409534	0.110683	0.22748
-0.398175	-0.100628	-0.133386
0.466398	0.118699	-0.741112
-0.415784	0.620839	-0.69928
-0.415784	0.620839	-0.69928
-0.464441	0.58945	-0.542994
-0.956185	-0.364988	-0.313778
-0.956185	-0.364988	-0.313778
-0.878314	0.0253101	0.24011
-0.878314	0.0253101	0.24011
-0.894166	-0.32561	-0.206704
-0.894166	-0.32561	-0.206704
-0.894166	-0.32561	-0.206704
-0.894166	-0.32561	-0.206704
-0.894166	-0.32561	-0.206704
-0.894166	-0.32561	-0.206704
-0.979318	0.64708	-0.132367
0.424727	0.514	1.06289
0.424727	0.514	1.06289
0.424727	0.514	1.06289
0.424727	0.514	1.06289
0.424727	0.514	1.06289
1.16157	0.657744	-0.0244471
1.16157	0.657744	-0.0244471
0.39698	1.05139	-1.07487
-0.0672362	1.2445	-0.836017
1.42191	-0.0265976	-0.967207
1.42191	-0.0265976	-0.967207
0.403338	-0.364626	-2.46
0.635414	0.3666	-1.98603
-0.0627632	0.473576	-1.69728
0.375433	0.757648	-0.752772
-0.211948	0.983124	-0.145065
0.866193	0.137062	0.168917
0.866193	0.137062	0.168917
0.245114	0.558437	-1.02476
0.800581	0.228867	0.315602
0.800581	0.228867	0.315602
1.66398	-0.0469282	0.100718
1.66398	-0.0469282	0.100718
1.48309	-0.464008	-0.0222886
1.9331	0.912094	-0.663471
0.719341	-0.0712035	-0.914529
0.719341	-0.0712035	-0.914529
1.33543	-1.30494	-1.75085
1.43255	-2.27881	-0.318963
1.43255	-2.27881	-0.318963
1.29904	-2.72032	-0.549229
2.58382	-0.69852	-1.11669
2.58382	-0.69852	-1.11669
1.06871	-0.668957	-1.12376
1.79586	-0.15176	-0.317842
1.79586	-0.15176	-0.317842
0.459253	1.37037	-0.88096
0.459253	1.37037	-0.88096
0.459253	1.37037	-0.88096
1.52491	1.75689	-0.977713
1.62085	1.54246	-1.48817
1.62085	1.54246	-1.48817
1.62085	1.54246	-1.48817
1.62085	1.54246	-1.48817
0.473359	1.62165	-1.95831
0.0589241	1.02314	-2.17319
0.974707	2.1269	-1.63426
0.974707	2.1269	-1.63426
1.69972	2.59958	-1.35072
2.37261	1.91115	0.108061
2.37261	1.91115	0.108061
2.59202	1.85022	0.665201
1.46215	2.88314	-0.825964
1.46215	2.88314	-0.825964
1.02592	3.43771	0.000496773
1.04576	2.77729	0.640097
1.04576	2.77729	0.640097
1.04576	2.77729	0.640097
1.04576	2.77729	0.640097
1.04576	2.77729	0.640097
0.984281	2.80333	0.638402
1.10446	2.68489	0.463047
1.08821	1.81939	-0.225365
0.707034	2.10741	0.016768
-0.483651	2.79935	0.876861
-0.729008	1.7852	1.19532
-0.729008	1.7852	1.19532
-0.729008	1.7852	1.19532
-0.729008	1.7852	1.19532
-0.645094	1.55067	0.323613
-0.786188	0.742034	0.348731
-1.30016	0.690291	0.587173
-1.90116	-0.133955	0.565232
-1.38308	0.546504	-0.413904
-1.22434	1.35687	-0.721975
-1.22434	1.35687	-0.721975
-0.797187	2.41618	-0.900171
-0.680627	0.978271	-0.64863
-0.488347	1.57448	-0.114898
-0.466586	1.24626	-0.402761
-0.466586	1.24626	-0.402761
-0.693236	2.70215	-1.18115
-1.23825	1.53752	-1.96466
-1.61519	0.756322	-1.80103
-1.96378	0.922243	-0.767271
-1.36504	-0.0516788	-0.362083
-1.06641	1.23196	-0.517734
-0.555038	1.78212	0.706482
-0.485104	1.21879	0.470161
-0.0476854	0.76879	1.43375
0.650895	-0.688614	0.497952
0.650895	-0.688614	0.497952
0.650895	-0.688614	0.497952
-0.0130496	-0.364134	-0.218696
-0.0130496	-0.364134	-0.218696
-0.0130496	-0.364134	-0.218696
0.179182	-0.229283	0.168155
-0.58915	0.733183	-0.584499
-0.58915	0.733183	-0.584499
-0.708414	0.242935	0.0726864
0.278313	0.515023	0.469507
0.221499	0.465291	1.12469
-1.13342	0.398203	1.66898
-0.306767	0.208734	0.997844
-0.396117	0.549245	0.220482
-0.171454	0.547111	-0.328391
-0.171454	0.547111	-0.328391
-0.171454	0.547111	-0.328391
-0.690706	-0.514038	0.382067
-0.959986	1.15459	0.0835994
0.0394614	0.420752	0.875679
-0.322771	0.528813	1.23715
-0.29474	1.13905	-0.453117
-0.29474	1.13905	-0.453117
-0.238495	0.700108	-0.772632
-0.238495	0.700108	-0.772632
-0.238495	0.700108	-0.772632
1.67576	1.63815	0.641556
1.67576	1.63815	0.641556
0.900904	0.617432	0.579066
0.900904	0.617432	0.579066
0.900904	0.617432	0.579066
0.900904	0.617432	0.579066
0.900904	0.617432	0.579066
0.900904	0.617432	0.579066
0.900904	0.617432	0.579066
0.615144	0.425625	0.576905
0.0340263	1.20516	1.5289
-0.460588	0.614788	1.75739
-0.306941	0.506932	2.08536
-0.703257	0.614965	1.66264
-0.279443	0.7728	0.358737
0.323525	0.779848	-0.162791
0.323525	0.779848	-0.162791
0.0881181	0.850036	0.0890627
-0.160783	-0.415168	1.02515
1.19016	-0.564405	1.22578
1.19016	-0.564405	1.22578
0.667263	-0.273414	1.28487
0.667263	-0.273414	1.28487
0.804328	0.308957	1.05977
0.804328	0.308957	1.05977
0.804328	0.308957	1.05977
0.166705	0.359835	0.964352
0.166705	0.359835	0.964352
-0.20888	-0.401515	0.0538693
-0.562899	-0.301389	-0.48445
-0.562899	-0.301389	-0.48445
-0.187064	-0.844897	-0.221725
-0.187064	-0.844897	-0.221725
-0.187064	-0.844897	-0.221725
0.18272	-0.388397	-0.0565345
0.18272	-0.388397	-0.0565345
-0.35967	-0.64483	-0.556683
-0.35967	-0.64483	-0.556683
-0.882183	-0.0430495	-1.21784
0.0942945	0.140248	-1.1385
0.776596	-0.0653843	-0.594902
1.01256	0.125397	-0.391474
0.00178166	1.15652	0.331969
0.26104	0.682574	-1.02261
0.26104	0.682574	-1.02261
0.26104	0.682574	-1.02261
-0.428243	1.02927	-0.514231
-1.46464	0.471766	-0.139784
-1.7009	1.22875	1.23159
-1.17142	1.1108	1.70715
-1.17142	1.1108	1.70715
-0.445665	0.0948803	2.19516
-0.445665	0.0948803	2.19516
-0.445665	0.0948803	2.19516
0.672501	-0.258266	0.62598
0.672501	-0.258266	0.62598
0.672501	-0.258266	0.62598
0.713158	-0.81872	0.624075
0.673749	-0.958342	0.167456
0.269082	-0.595352	-0.104212
0.269082	-0.595352	-0.104212
0.269082	-0.595352	-0.104212
0.269082	-0.595352	-0.104212
0.269082	-0.595352	-0.104212
0.902677	-0.265459	0.672976
1.38563	0.803714	0.329794
0.63443	1.08785	-0.378767
0.63443	1.08785	-0.378767
0.63443	1.08785	-0.378767
0.63443	1.08785	-0.378767
0.533334	0.296947	-1.34134
0.457555	0.209071	-0.763154
1.06365	-0.599728	0.120283
1.06365	-0.599728	0.120283
1.06365	-0.599728	0.120283
-0.0908946	-1.01066	-0.656493
-0.665124	0.00305925	-0.0473165
-0.215733	0.44588	0.937397
-0.215733	0.44588	0.937397
-0.215733	0.44588	0.937397
-0.215733	0.44588	0.937397
-0.294161	1.67292	-0.59538
-0.146198	1.68741	-0.366875
0.179079	1.2362	0.203926
-0.211328	1.47406	0.330167
-0.211328	1.47406	0.330167
-0.211328	1.47406	0.330167
-1.05299	0.733512	0.319785
-1.05299	0.733512	0.319785
0.293861	0.519965	2.11219
0.245866	0.00515122	1.84704
0.00549789	-0.320984	2.15478
0.00549789	-0.320984	2.15478
-0.188041	-0.155657	1.52986
-0.188041	-0.155657	1.52986
-0.360256	-0.635867	1.38753
-0.360256	-0.635867	1.38753
-0.89439	0.0548052	1.06123
-0.89439	0.0548052	1.06123
-0.409635	-0.563128	1.4831
-0.211365	-1.4462	2.3003
-0.488861	-2.41761	1.39738
0.291519	-2.16338	-0.315031
1.22226	-1.72542	1.13203
1.22226	-1.72542	1.13203
1.22226	-1.72542	1.13203
1.22226	-1.72542	1.13203
1.22226	-1.72542	1.13203
1.22226	-1.72542	1.13203
1.8389	-2.44916	1.64652
1.40623	-1.61558	2.36143
1.43559	-0.864937	2.3176
1.68409	-1.80516	2.4935
0.997499	-2.12288	1.99953
0.997499	-2.12288	1.99953
0.997499	-2.12288	1.99953
0.942196	-2.2528	1.92913
2.79029	-1.49343	1.63268
3.86027	-0.244269	1.04012
3.86027	-0.244269	1.04012
2.15658	-0.584771	2.31057
2.15658	-0.584771	2.31057
2.68223	-0.177841	2.54534
2.68223	-0.177841	2.54534
1.87224	0.312205	2.12314
1.6627	-0.61106	1.76972
1.85262	-0.584772	2.23913
1.85262	-0.584772	2.23913
1.62267	-1.19562	1.80741
1.66838	-0.897379	1.90219
1.29909	-0.334119	1.43379
1.38583	-1.70944	0.724365
1.44138	-1.29617	-0.185674
1.34762	-2.19472	0.0712307
1.34762	-2.19472	0.0712307
1.34762	-2.19472	0.0712307
1.83482	-2.72706	0.967169
1.83482	-2.72706	0.967169
0.397489	-3.03785	1.37321
0.397489	-3.03785	1.37321
0.209278	-3.93322	2.85811
0.209278	-3.93322	2.85811
0.317004	-3.94667	3.01886
0.317004	-3.94667	3.01886
-0.0439038	-4.31626	2.60714
-0.0439038	-4.31626	2.60714
0.49112	-4.53302	2.2014
-0.691552	-3.71882	2.04294
-0.925835	-2.88754	2.11266
-1.60434	-3.34057	1.78747
-1.60434	-3.34057	1.78747
-1.29258	-4.3107	1.38972
-1.29258	-4.3107	1.38972
-0.401372	-3.314	2.72903
-0.401372	-3.314	2.72903
-0.401372	-3.314	2.72903
-0.116552	-2.43134	2.36316
-0.116552	-2.43134	2.36316
-0.334228	-1.85579	2.35138
-0.334228	-1.85579	2.35138
0.2539	-1.71014	2.43903
0.2539	-1.71014	2.43903
0.2539	-1.71014	2.43903
0.716114	-2.87414	2.48952
0.933077	-3.038	0.986128
2.32457	-2.36916	0.346019
2.32457	-2.36916	0.346019
1.05053	-1.70042	0.148122
1.05053	-1.70042	0.148122
1.26996	-0.910268	0.624546
1.26996	-0.910268	0.624546
1.26996	-0.910268	0.624546
1.26996	-0.910268	0.624546
1.36093	-0.590733	1.24962
1.36093	-0.590733	1.24962
1.36093	-0.590733	1.24962
0.479361	-1.02724	1.78789
0.409296	-1.47055	2.56215
-0.43585	-1.42563	2.2572
1.15221	-0.683178	1.50927
1.15221	-0.683178	1.50927
1.001	-0.284705	1.75098
0.494161	-0.573572	1.7034
0.494161	-0.573572	1.7034
-0.304888	-0.200304	1.41582
-0.147923	-0.472705	1.28452
0.548249	-0.585401	1.1834
0.988102	-0.299049	0.766867
0.988102	-0.299049	0.766867
0.988102	-0.299049	0.766867
1.46935	-0.117871	-0.0161667
1.57495	0.0970666	0.236057
1.57495	0.0970666	0.236057
1.41998	-1.39319	-0.105283
0.759057	-0.626618	-0.820104
-0.313937	-0.639159	-0.414836
0.19442	-1.15833	-0.0189481
0.19442	-1.15833	-0.0189481
0.19442	-1.15833	-0.0189481
0.208956	-0.671413	-0.0128371
0.208956	-0.671413	-0.0128371
0.208956	-0.671413	-0.0128371
0.208956	-0.671413	-0.0128371
0.208956	-0.671413	-0.0128371
0.208956	-0.671413	-0.0128371
0.208956	-0.671413	-0.0128371
0.208956	-0.671413	-0.0128371
0.208956	-0.671413	-0.0128371
0.208956	-0.671413	-0.0128371
0.208956	-0.671413	-0.0128371
-0.0850981	-0.639949	0.343428
-0.0850981	-0.639949	0.343428
0.106938	-0.237728	0.02475
0.106938	-0.237728	0.02475
0.106938	-0.237728	0.02475
0.106938	-0.237728	0.02475
0.106938	-0.237728	0.02475
0.106938	-0.237728	0.02475
0.106938	-0.237728	0.02475
0.703373	0.512236	-0.358564
-0.142544	1.41365	-0.405291
0.324465	0.903468	0.202632
0.324465	0.903468	0.202632
0.324465	0.903468	0.202632
0.48567	1.3971	-0.217718
0.48567	1.3971	-0.217718
0.979673	1.2262	-0.503274
0.979673	1.2262	-0.503274
0.419849	0.444333	0.608314
0.908914	0.110734	-0.197312
0.908914	0.110734	-0.197312
0.908914	0.110734	-0.197312
0.908914	0.110734	-0.197312
0.980902	-0.0113598	0.370255
0.77597	-0.933677	-0.149644
0.583556	-0.975512	-0.163539
0.878778	-0.675578	-0.342226
0.288702	-1.03431	-0.240157
0.288702	-1.03431	-0.240157
0.353094	-1.74738	-0.275775
-0.738968	-0.442729	0.105263
-1.17883	-1.04902	0.525941
0.353945	-1.03678	0.489497
-1.1575	0.158164	0.181495
-1.1575	0.158164	0.181495
-0.228096	-0.360577	0.800171
-0.228096	-0.360577	0.800171
0.869637	-1.2313	0.504726
0.869637	-1.2313	0.504726
1.02578	-0.341498	0.853761
1.02578	-0.341498	0.853761
1.38332	-0.323729	0.900063
1.38332	-0.323729	0.900063
1.56523	0.639536	0.980096
1.40069	-0.478403	0.202866
1.40069	-0.478403	0.202866
1.57012	0.282069	0.456998
0.106922	-0.0524769	1.09922
0.106922	-0.0524769	1.09922
0.123751	-1.36946	0.443929
0.123751	-1.36946	0.443929
-0.824818	-1.23441	0.929184
-0.891671	-0.830489	0.00910114
-0.410347	-0.190017	0.197864
-0.260323	-0.112349	-0.165374
0.130801	0.231527	0.948131
0.130801	0.231527	0.948131
0.130801	0.231527	0.948131
0.130801	0.231527	0.948131
0.130801	0.231527	0.948131
-0.370335	0.947068	1.53704
0.696564	1.24551	1.71862
0.828484	1.19229	1.19145
0.528549	0.888809	-0.0251559
-0.412618	1.08771	-0.0510385
-0.412618	1.08771	-0.0510385
-0.988493	0.716029	-0.199289
-1.94297	0.443207	-0.343276
-1.43769	-0.831844	-1.18581
-1.59365	-1.35758	-0.271454
-2.01901	-0.958087	0.486144
-2.01901	-0.958087	0.486144
-2.01901	-0.958087	0.486144
-2.01901	-0.958087	0.486144
-2.17202	-0.782054	0.77343
-1.70008	-1.44654	0.346055
-1.70008	-1.44654	0.346055
-1.70008	-1.44654	0.346055
-1.51706	-1.64712	0.245646
-1.51706	-1.64712	0.245646
-1.63693	-1.49407	1.52015
-1.33893	-0.732543	1.07369
-1.63606	-1.00728	0.553993
-0.851838	-1.14699	1.02344
-0.851838	-1.14699	1.02344
-0.650611	-1.31145	0.544322
-0.298188	-0.176436	0.716355
-1.22754	-0.204442	-0.00617832
-1.22754	-0.204442	-0.00617832
-1.32568	0.294748	0.279661
-1.17885	1.50752	1.04848
-1.17885	1.50752	1.04848
-0.712471	0.655997	2.11349
-1.23045	0.76194	1.60267
-2.21834	-0.375546	-0.280556
-2.21834	-0.375546	-0.280556
-1.99938	-0.172075	1.13065
-1.99938	-0.172075	1.13065
-1.81643	-0.458228	0.79327
-1.81643	-0.458228	0.79327
-0.496403	-0.183785	0.155046
-0.361034	-0.192657	-1.38756
-0.596578	-0.495338	-1.88141
-1.92002	0.789758	-1.72464
-1.58465	1.49884	-1.00079
-1.18101	1.74397	-0.551623
-1.73509	1.52246	0.0732835
-1.58085	2.69695	0.283626
-0.996963	2.41195	0.138641
-0.996963	2.41195	0.138641
-2.10235	2.20321	-0.275449
-1.25988	2.44034	-0.732135
-1.79321	2.33175	-1.43167
-1.93596	1.41623	-1.80938
-1.91217	0.263902	-2.21601
-1.91217	0.263902	-2.21601
-1.91217	0.263902	-2.21601
-1.73399	-0.993856	-1.56874
-2.20912	-0.0210215	-0.926687
-2.32753	0.275609	-1.8343
-2.32753	0.275609	-1.8343
-2.32753	0.275609	-1.8343
-2.2938	-1.86428	-1.02592
-1.77658	-1.02004	-2.12803
-0.439474	-1.74057	-2.20338
-0.439474	-1.74057	-2.20338
-0.439474	-1.74057	-2.20338
-0.439474	-1.74057	-2.20338
-0.287514	-1.25708	-1.38704
-0.287514	-1.25708	-1.38704
-0.287514	-1.25708	-1.38704
-0.109143	-1.0677	-1.2484
-0.212805	-0.374518	-1.28186
-0.212805	-0.374518	-1.28186
0.159872	-0.394797	-0.393846
0.159872	-0.394797	-0.393846
0.997686	-0.536428	0.607878
0.226226	-0.213442	-0.223239
0.226226	-0.213442	-0.223239
0.226226	-0.213442	-0.223239
0.25458	-0.290423	-0.274927
0.700962	0.497752	-0.585843
-0.0367541	0.090017	0.301329
-0.0367541	0.090017	0.301329
-0.0367541	0.090017	0.301329
-0.456486	0.31838	-0.246844
-0.456486	0.31838	-0.246844
-0.456486	0.31838	-0.246844
-0.456486	0.31838	-0.246844
0.0133378	-0.0129636	-0.690955
0.0983904	0.957638	0.10762
0.0983904	0.957638	0.10762
1.15866	0.0191487	-0.0510929
1.15866	0.0191487	-0.0510929
0.482189	0.0358171	-0.193265
-0.725086	0.62073	-0.541353
-0.977179	0.403247	-0.73402
-0.977179	0.403247	-0.73402
-1.66271	-0.605601	-0.491613
-2.0373	0.600022	-0.305644
-0.752617	1.22149	-0.678563
-0.802445	0.786326	-0.701316
-0.802445	0.786326	-0.701316
-0.802445	0.786326	-0.701316
-1.39159	-0.0843168	-0.343236
-1.39159	-0.0843168	-0.343236
-1.09821	-0.537687	-0.649283
-1.09821	-0.537687	-0.649283
-1.09821	-0.537687	-0.649283
-1.09821	-0.537687	-0.649283
-1.22978	-0.180181	0.28741
-1.22978	-0.180181	0.28741
-1.31066	-1.12096	1.0083
-0.605372	0.352955	1.47959
0.158385	-0.0599035	-0.86432
0.158385	-0.0599035	-0.86432
1.1024	1.21275	-0.141626
1.51759	1.21318	0.680383
0.553658	1.27692	0.180486
0.70584	1.30797	0.988383
-0.0444597	1.40982	0.0640887
-0.0444597	1.40982	0.0640887
-0.0444597	1.40982	0.0640887
0.109221	0.461152	-0.271476
0.109221	0.461152	-0.271476
0.109221	0.461152	-0.271476
0.109221	0.461152	-0.271476
0.109221	0.461152	-0.271476
-1.68056	0.813928	0.10664
-1.68056	0.813928	0.10664
-1.80165	0.419883	-0.793158
-0.199418	-0.363812	0.803881
-0.199418	-0.363812	0.803881
-0.199418	-0.363812	0.803881
0.258155	-1.10833	0.925029
-0.424089	-1.04009	0.436112
-1.0393	-1.25385	-0.41062
-0.820343	-1.33887	-0.0819632
0.30072	-1.67787	0.0150962
0.30072	-1.67787	0.0150962
0.30072	-1.67787	0.0150962
0.30072	-1.67787	0.0150962
0.30072	-1.67787	0.0150962
-0.166553	-1.68517	-0.537386
-0.166553	-1.68517	-0.537386
0.939078	-2.313	-1.29018
0.566918	-1.94885	-1.45975
0.566918	-1.94885	-1.45975
0.566918	-1.94885	-1.45975
0.566918	-1.94885	-1.45975
0.566918	-1.94885	-1.45975
0.566918	-1.94885	-1.45975
1.10754	-2.73999	-1.39018
1.10754	-2.73999	-1.39018
1.10754	-2.73999	-1.39018
1.41488	-1.79819	-0.917079
1.41488	-1.79819	-0.917079
1.41488	-1.79819	-0.917079
1.35794	-1.43845	0.546947
1.35794	-1.43845	0.546947
1.19405	-2.54153	0.136561
1.19405	-2.54153	0.136561
1.19405	-2.54153	0.136561
1.19405	-2.54153	0.136561
1.19405	-2.54153	0.136561
1.00388	-2.9818	0.735302
0.522409	-3.80992	0.752657
0.522409	-3.80992	0.752657
0.522409	-3.80992	0.752657
1.85777	-3.6382	-0.219285
0.83583	-2.81167	-0.454602
0.83583	-2.81167	-0.454602
0.118869	-2.12263	-1.74372
-0.704434	-0.346047	-1.8467
-0.704434	-0.346047	-1.8467
-0.704434	-0.346047	-1.8467
-0.494149	0.976234	-1.85707
-0.494149	0.976234	-1.85707
-0.133504	0.731542	-0.568181
-1.32725	-0.592748	-0.607502
-0.878986	-1.70234	-0.575441
-0.878986	-1.70234	-0.575441
-0.878986	-1.70234	-0.575441
0.0947878	-1.61397	-0.564536
0.0947878	-1.61397	-0.564536
0.964633	-0.528414	-0.926301
0.685114	-0.386012	-0.722029
0.685114	-0.386012	-0.722029
1.44128	-0.338543	-2.27542
0.969167	0.122347	-1.64682
0.969167	0.122347	-1.64682
-0.027613	-0.836213	-1.05364
0.609067	-0.856154	-0.728047
0.609067	-0.856154	-0.728047
1.14056	-0.750637	-0.470041
1.14056	-0.750637	-0.470041
1.14056	-0.750637	-0.470041
0.279615	-0.711689	-1.22359
1.31373	-0.591925	-0.706999
1.1406	-0.853489	-1.20464
1.20768	-0.5354	-0.993497
1.21745	-1.02506	-0.682132
1.34578	-1.30948	-0.998054
0.528312	-1.83306	-1.0673
-0.675864	-0.672713	-0.992846
-0.675864	-0.672713	-0.992846
0.380755	-0.585141	-0.485429
-0.866211	-0.206779	0.234794
-0.866211	-0.206779	0.234794
-0.866211	-0.206779	0.234794
-0.866211	-0.206779	0.234794
-0.866211	-0.206779	0.234794
-0.664705	-0.157367	0.0286054
-0.664705	-0.157367	0.0286054
-0.664705	-0.157367	0.0286054
-0.614655	0.15344	1.02253
-0.954344	0.224929	0.0621782
-0.959832	0.184031	-0.129066
-0.959832	0.184031	-0.129066
-0.959832	0.184031	-0.129066
-0.959832	0.184031	-0.129066
-0.959832	0.184031	-0.129066
-0.959832	0.184031	-0.129066
-0.964682	0.450752	-0.297771
-0.964682	0.450752	-0.297771
-0.964682	0.450752	-0.297771
-0.964682	0.450752	-0.297771
-0.565253	0.585319	0.664679
0.195429	0.285799	0.120701
0.498327	-0.714671	0.278902
0.150056	-0.849659	0.184713
0.150056	-0.849659	0.184713
0.0997617	-0.24032	0.735071
0.246567	0.567811	0.696089
0.601421	0.807152	0.164026
-0.0728741	-0.316307	-0.661182
0.181895	0.462734	0.208334
1.23056	0.281208	0.66822
1.12956	-0.269129	0.651314
1.73818	-0.194139	0.728284
1.73818	-0.194139	0.728284
1.73818	-0.194139	0.728284
1.74254	0.0211362	1.2103
1.26793	0.063602	0.429265
-0.204169	0.123951	0.786788
-0.204169	0.123951	0.786788
-0.0599453	-0.152743	0.357103
-0.0599453	-0.152743	0.357103
-0.0599453	-0.152743	0.357103
-1.47854	-0.143125	-0.687009
-0.325428	-0.387956	-0.0838413
-0.325428	-0.387956	-0.0838413
-0.325428	-0.387956	-0.0838413
-0.596618	-0.100884	0.331023
-0.596618	-0.100884	0.331023
-0.337584	0.173113	-0.179088
-0.337584	0.173113	-0.179088
-0.337584	0.173113	-0.179088
0.32677	-1.0175	-0.727643
0.114951	-0.692695	-1.5904
-0.0436216	-0.0418993	-1.169
-0.0436216	-0.0418993	-1.169
-0.0436216	-0.0418993	-1.169
-0.334139	0.479885	0.00715629
0.228453	0.913507	-0.890384
0.228453	0.913507	-0.890384
0.228453	0.913507	-0.890384
0.228453	0.913507	-0.890384
0.228453	0.913507	-0.890384
1.07352	0.622098	-0.785937
1.07352	0.622098	-0.785937
0.298276	-0.141538	-0.416816
0.298276	-0.141538	-0.416816
0.249646	-0.0459218	-0.783853
0.249646	-0.0459218	-0.783853
0.606199	-0.242679	0.595537
0.553189	0.737503	0.658076
0.145416	1.00638	0.440244
-0.506588	0.278271	0.785645
-0.512776	-0.872905	0.712467
-0.512776	-0.872905	0.712467
-0.351938	-0.507263	0.613384
0.00189003	-1.00836	-0.2506
0.00189003	-1.00836	-0.2506
0.00189003	-1.00836	-0.2506
0.00189003	-1.00836	-0.2506
0.00189003	-1.00836	-0.2506
0.757513	-0.202403	-0.756501
0.757513	-0.202403	-0.756501
0.757513	-0.202403	-0.756501
0.757513	-0.202403	-0.756501
0.757513	-0.202403	-0.756501
1.2519	-0.109148	-0.0320704
1.2519	-0.109148	-0.0320704
0.864629	0.0542736	0.256612
0.379242	-0.474809	0.455893
1.05099	-0.616806	-0.0137766
1.05099	-0.616806	-0.0137766
1.05099	-0.616806	-0.0137766
1.05099	-0.616806	-0.0137766
1.05099	-0.616806	-0.0137766
1.05099	-0.616806	-0.0137766
0.488758	-1.26963	0.705796
0.488758	-1.26963	0.705796
1.03761	-1.23267	0.576006
1.03761	-1.23267	0.576006
1.03761	-1.23267	0.576006
1.03761	-1.23267	0.576006
1.03761	-1.23267	0.576006
1.03761	-1.23267	0.576006
1.13431	-0.530177	0.880941
1.13431	-0.530177	0.880941
1.13431	-0.530177	0.880941
1.13431	-0.530177	0.880941
0.689447	-0.776195	0.660199
-0.192924	-0.466514	-0.948293
-0.192924	-0.466514	-0.948293
0.965704	0.277258	-0.603924
0.710235	1.51863	-0.206449
0.710235	1.51863	-0.206449
1.38054	0.979693	0.649503
1.24138	0.324365	0.721561
1.24138	0.324365	0.721561
1.24138	0.324365	0.721561
1.24138	0.324365	0.721561
0.984184	0.617712	0.460247
-0.52066	-0.344952	0.790512
-0.288893	0.615411	-0.0986971
0.841122	0.54367	0.104349
1.69806	0.500424	0.866382
1.69806	0.500424	0.866382
1.69806	0.500424	0.866382
1.48431	1.03555	0.265818
1.48431	1.03555	0.265818
2.0358	0.261988	1.11273
1.55062	0.842074	0.66621
2.01915	0.799518	1.91497
1.36584	0.772863	2.38089
1.36584	0.772863	2.38089
1.36584	0.772863	2.38089
1.78033	0.277941	2.37
1.41528	0.152974	2.53651
1.23051	1.07952	2.95698
1.23051	1.07952	2.95698
1.23051	1.07952	2.95698
1.23051	1.07952	2.95698
1.23051	1.07952	2.95698
-0.372648	1.05805	2.27126
-0.372648	1.05805	2.27126
0.005941	1.36068	1.9224
0.005941	1.36068	1.9224
0.005941	1.36068	1.9224
0.199688	2.3085	1.82198
0.00859833	0.809897	1.96903
-0.440095	0.304509	1.9575
0.133784	-0.660905	0.713299
0.698681	1.21656	-0.0511449
0.543783	2.35047	0.280644
1.15299	1.95673	-0.412879
1.27658	1.60922	0.0650953
1.27658	1.60922	0.0650953
2.22644	0.909076	0.828943
1.1878	0.954676	1.17633
0.712013	1.74467	1.06198
1.80953	1.17177	0.701498
1.80953	1.17177	0.701498
1.80953	1.17177	0.701498
1.80953	1.17177	0.701498
1.80953	1.17177	0.701498
1.80953	1.17177	0.701498
1.91248	2.63589	1.49568
1.91248	2.63589	1.49568
1.51343	2.88668	0.586664
2.00723	3.53566	0.806294
2.64818	2.4483	1.14664
3.04694	3.075	0.212107
3.13196	2.47994	0.202467
3.5447	1.95967	-0.578416
3.32341	1.68669	-1.46594
2.47941	1.66748	-0.691154
2.47941	1.66748	-0.691154
2.13615	2.27401	-1.19009
1.43866	2.02068	-1.87884
1.98371	1.31201	-1.80305
1.98371	1.31201	-1.80305
1.98371	1.31201	-1.80305
1.87443	0.980027	-2.42938
1.25507	1.37879	-2.35963
0.986875	0.665065	-2.18245
0.986875	0.665065	-2.18245
0.730439	0.565303	-1.46976
0.730439	0.565303	-1.46976
0.730439	0.565303	-1.46976
0.730439	0.565303	-1.46976
0.0902902	-0.0433683	-1.53872
0.435868	-0.148595	-1.74932
1.18255	-0.260502	-1.87986
0.603263	0.404181	-2.34516
0.603263	0.404181	-2.34516
0.59371	1.37197	-2.35303
2.09395	1.97781	-3.03517
2.09395	1.97781	-3.03517
2.09395	1.97781	-3.03517
2.09395	1.97781	-3.03517
1.40851	2.08653	-3.26081
0.15135	1.37875	-4.54348
0.587499	1.00473	-4.42154
0.587499	1.00473	-4.42154
-0.333183	0.627042	-3.77101
0.582104	-0.143899	-3.74178
0.99829	1.19753	-3.33594
1.63508	0.350773	-4.15704
1.63508	0.350773	-4.15704
1.42398	0.0885367	-4.55705
0.908573	-0.0139501	-4.3586
1.43546	0.366526	-4.79639
1.43546	0.366526	-4.79639
1.17896	-0.951146	-5.4941
1.17896	-0.951146	-5.4941
0.12	-0.41412	-4.761
0.12	-0.41412	-4.761
-0.140063	0.313329	-3.6889
-0.140063	0.313329	-3.6889
-0.140063	0.313329	-3.6889
-0.140063	0.313329	-3.6889
-1.54463	0.484804	-2.41224
-1.54463	0.484804	-2.41224
-1.54463	0.484804	-2.41224
-1.92942	-0.521712	-2.19666
-0.92696	-0.506625	-2.83873
-1.03368	-0.843465	-2.40164
-1.08312	-0.863399	-1.15693
-1.08312	-0.863399	-1.15693
-1.12506	-1.06052	-0.733112
-0.764263	-1.35019	-1.0588
-0.764263	-1.35019	-1.0588
-0.894227	-1.61394	-1.10383
-0.296543	-1.76388	-1.3853
-0.227442	-0.483094	-1.25979
-0.315832	0.017159	-1.13193
-0.927336	-0.53749	-0.48798
-0.927336	-0.53749	-0.48798
-0.927336	-0.53749	-0.48798
-0.927336	-0.53749	-0.48798
-0.927336	-0.53749	-0.48798
0.0838768	0.134523	-0.487443
-0.406431	-0.155283	0.0864244
0.469525	0.535721	0.0393412
0.469525	0.535721	0.0393412
0.469525	0.535721	0.0393412
0.51441	0.13464	-0.216179
-0.186211	0.837854	0.0611973
-0.186211	0.837854	0.0611973
-0.352636	1.17975	-0.358613
-0.352636	1.17975	-0.358613
-0.352636	1.17975	-0.358613
-0.693045	0.697226	-0.133547
-0.693045	0.697226	-0.133547
-0.657447	-0.399164	0.359929
-0.585499	-1.31486	-0.271795
-0.431872	-0.2673	-0.230179
-0.431872	-0.2673	-0.230179
-0.431872	-0.2673	-0.230179
-0.431872	-0.2673	-0.230179
-0.431872	-0.2673	-0.230179
-0.431872	-0.2673	-0.230179
-0.431872	-0.2673	-0.230179
-0.431872	-0.2673	-0.230179
-1.64348	-0.523593	-0.325807
-0.598521	0.0303234	-0.974507
-1.45757	0.408365	-1.72131
-1.35189	-0.122114	-1.43347
-0.952829	-0.601379	-1.39643
-1.16915	0.569596	-1.47765
-1.06314	0.77124	-0.0076202
-1.06314	0.77124	-0.0076202
-1.06314	0.77124	-0.0076202
-0.233402	1.62578	0.670146
-0.155732	1.2399	0.106218
-0.155732	1.2399	0.106218
-0.273607	1.37886	0.208472
-0.866828	0.862857	-0.164397
-0.866828	0.862857	-0.164397
0.112155	0.788114	-0.481092
0.112155	0.788114	-0.481092
0.112155	0.788114	-0.481092
-0.729846	0.706014	-0.396713
-0.566982	-1.03355	-0.431908
-0.81482	0.237683	-0.34268
-0.773857	0.747869	-1.41898
-0.773857	0.747869	-1.41898
-0.369072	-0.0504117	-2.1226
-0.369072	-0.0504117	-2.1226
0.439589	1.2	0.0669966
-0.305331	0.0129019	-0.886088
-0.305331	0.0129019	-0.886088
-0.305331	0.0129019	-0.886088
-0.305331	0.0129019	-0.886088
-1.59629	-0.544853	-0.235544
-0.88925	-1.2054	0.445309
-0.88925	-1.2054	0.445309
-0.88925	-1.2054	0.445309
-1.16289	-1.68422	0.0782084
-1.16289	-1.68422	0.0782084
-0.593155	-0.775745	0.813169
-0.609039	-0.339988	2.33345
-0.251569	0.0329587	1.41889
-0.251569	0.0329587	1.41889
0.325666	-1.0483	0.926535
0.651332	-1.78609	0.981223
0.403199	-0.94749	0.141783
0.380777	-0.653143	-0.0843248
-0.218112	-0.799601	-0.18267
0.110879	-0.57096	-1.13476
0.110879	-0.57096	-1.13476
0.110879	-0.57096	-1.13476
-0.841075	-0.394054	-0.285443
-0.841075	-0.394054	-0.285443
-0.191808	-1.36134	-0.525747
-0.191808	-1.36134	-0.525747
-0.191808	-1.36134	-0.525747
-0.306524	-0.675039	-0.870683
-0.177518	-0.968326	-1.39787
0.572523	-1.36822	-0.221898
-0.129726	-1.6268	-0.185193
-0.129726	-1.6268	-0.185193
-0.129726	-1.6268	-0.185193
-1.10729	-0.603937	0.561561
-0.984957	0.347938	1.09132
0.059313	0.681107	1.17832
0.405267	0.750467	1.1614
0.405267	0.750467	1.1614
-0.242807	1.67538	0.520557
-0.98488	1.66007	-0.457332
-1.82379	0.50829	0.302629
-1.16784	-0.352022	1.1257
-1.16784	-0.352022	1.1257
-1.00932	0.338327	0.951427
-1.08134	-1.15199	0.649648
-0.536705	-1.25806	-0.377562
-0.536705	-1.25806	-0.377562
-0.347485	-1.33137	-0.827936
0.212889	-0.689782	0.250415
-0.311528	-0.213177	-0.125869
-0.311528	-0.213177	-0.125869
-0.311528	-0.213177	-0.125869
-0.350603	0.207253	-0.689381
-0.350603	0.207253	-0.689381
-0.350603	0.207253	-0.689381
-0.350603	0.207253	-0.689381
-0.350603	0.207253	-0.689381
-0.234793	0.542887	-1.60888
-0.234793	0.542887	-1.60888
-0.234793	0.542887	-1.60888
-0.120214	-0.68864	-1.27275
-0.120214	-0.68864	-1.27275
-0.120214	-0.68864	-1.27275
0.673458	-0.583098	-0.978711
0.673458	-0.583098	-0.978711
0.394346	-0.514055	-0.0325979
0.798409	-0.0414231	-0.0652248
0.798409	-0.0414231	-0.0652248
0.798409	-0.0414231	-0.0652248
0.798409	-0.0414231	-0.0652248
0.798409	-0.0414231	-0.0652248
0.327243	0.573954	-0.984365
0.327243	0.573954	-0.984365
0.327243	0.573954	-0.984365
0.327243	0.573954	-0.984365
-0.589524	0.670989	-0.696095
-0.589524	0.670989	-0.696095
-0.589524	0.670989	-0.696095
-0.583288	1.18957	-0.584366
-0.583288	1.18957	-0.584366
0.0191479	0.771282	0.448713
0.0191479	0.771282	0.448713
0.0191479	0.771282	0.448713
-0.479718	-0.0347355	0.704636
-0.479718	-0.0347355	0.704636
-0.479718	-0.0347355	0.704636
-0.479718	-0.0347355	0.704636
-0.479718	-0.0347355	0.704636
-0.479718	-0.0347355	0.704636
-0.479718	-0.0347355	0.704636
-0.217702	0.490956	0.768729
-0.112469	0.737311	-0.180654
-0.553403	0.601595	0.195435
-0.553403	0.601595	0.195435
-0.553403	0.601595	0.195435
-1.1457	-0.633401	-0.0609089
-0.985988	-0.419067	-0.0203345
-0.985988	-0.419067	-0.0203345
-0.985988	-0.419067	-0.0203345
0.0285658	0.128294	-1.00575
0.0285658	0.128294	-1.00575
0.0285658	0.128294	-1.00575
0.0285658	0.128294	-1.00575
0.0285658	0.128294	-1.00575
0.0285658	0.128294	-1.00575
-0.733815	0.0956735	-0.606496
-0.546156	0.492603	-0.192886
-0.546156	0.492603	-0.192886
-0.546156	0.492603	-0.192886
-0.546156	0.492603	-0.192886
-0.134371	1.16121	-0.228241
0.0102446	1.46517	-0.609649
0.0102446	1.46517	-0.609649
0.618449	1.25698	-0.537659
-0.464542	1.07755	-0.0801394
-0.464542	1.07755	-0.0801394
-0.464542	1.07755	-0.0801394
-0.528587	0.239409	0.554994
-0.528587	0.239409	0.554994
-0.528587	0.239409	0.554994
0.400138	-0.427506	0.400344
0.400138	-0.427506	0.400344
0.59511	0.00146978	-0.178159
0.59511	0.00146978	-0.178159
0.310345	0.787103	0.5319
0.310345	0.787103	0.5319
-0.670256	1.2193	0.491817
-0.670256	1.2193	0.491817
-0.745591	0.126558	0.863498
0.694442	-0.361431	-0.261551
0.694442	-0.361431	-0.261551
0.694442	-0.361431	-0.261551
0.694442	-0.361431	-0.261551
-0.395047	-0.55345	-0.105324
-0.00110292	0.242777	0.165136
-0.00110292	0.242777	0.165136
-0.00110292	0.242777	0.165136
-0.00110292	0.242777	0.165136
-0.177802	-0.455133	0.0516649
0.0284159	-0.199746	-0.228702
0.0410754	-0.0118508	0.180471
-0.0177139	-0.40444	0.269135
-0.0177139	-0.40444	0.269135
-0.311289	-0.764637	0.933758
-0.311289	-0.764637	0.933758
-0.311289	-0.764637	0.933758
-0.311289	-0.764637	0.933758
0.11347	-0.96525	1.47452
0.28266	-0.886225	1.51484
0.28266	-0.886225	1.51484
0.28266	-0.886225	1.51484
0.28266	-0.886225	1.51484
0.28266	-0.886225	1.51484
0.510972	-1.43642	0.915113
0.204449	-1.74214	1.1157
-0.887412	-0.732836	1.71873
-0.887412	-0.732836	1.71873
-0.881907	-0.571226	1.28963
-0.0898228	0.10797	1.08497
-0.0898228	0.10797	1.08497
-0.0898228	0.10797	1.08497
0.0054657	-0.594714	0.994534
0.0054657	-0.594714	0.994534
0.0054657	-0.594714	0.994534
-0.127213	-0.886382	1.03685
-0.554132	-0.85632	0.194092
-0.554132	-0.85632	0.194092
-0.554132	-0.85632	0.194092
-0.554132	-0.85632	0.194092
-0.379619	-1.66707	-0.266842
-0.426225	-1.6771	0.166817
0.184122	-1.32354	0.948422
0.184122	-1.32354	0.948422
0.517123	-0.960606	1.0241
0.517123	-0.960606	1.0241
0.517123	-0.960606	1.0241
0.517123	-0.960606	1.0241
1.09099	-0.558958	1.49952
1.09099	-0.558958	1.49952
0.917224	-1.0899	1.37784
1.09996	-1.49204	0.878103
1.09996	-1.49204	0.878103
0.579103	-1.72504	0.620465
0.037964	-1.49787	0.750454
0.857538	-1.93029	-0.491581
0.857538	-1.93029	-0.491581
0.78703	-0.982309	0.0417729
0.78703	-0.982309	0.0417729
1.18426	-1.39985	0.357806
1.18426	-1.39985	0.357806
1.51198	-2.09518	0.113547
1.00528	-1.74151	-0.269653
-0.202158	-1.94898	-1.32969
0.92565	-1.34702	-1.43481
0.92565	-1.34702	-1.43481
0.901239	-1.41037	-1.95658
0.901239	-1.41037	-1.95658
0.324048	-0.230396	-1.84612
0.344338	-0.949093	-1.36467
0.715575	-1.20306	-1.09695
1.27062	-1.58855	-2.04326
