49.8087
49.0045
48.3241
48.1336
47.761
47.4146
47.4146
47.4146
47.4146
47.6835
47.6835
47.6835
47.6835
47.227
47.227
47.3674
47.3674
47.2027
47.2027
46.2618
45.8592
45.8592
45.8592
45.4926
44.6791
44.6791
44.6791
44.6791
44.6791
44.7919
44.5779
45.2484
45.4054
45.7477
45.7477
45.5003
44.8931
43.9814
43.0555
43.4887
43.7614
43.1163
41.936
41.936
41.5961
41.5961
42.4733
43.0832
42.4886
42.4886
42.4886
42.4886
41.6761
41.6761
41.6761
40.6909
40.6909
41.2686
39.5999
38.9167
38.9167
39.3675
39.2607
38.4448
37.6564
36.7205
36.2405
36.1984
36.0096
36.1492
35.902
35.9191
36.0652
36.0652
36.0652
36.0652
35.9974
36.2047
35.9868
35.9868
35.1039
34.4892
34.7163
34.1433
33.3331
32.5804
32.2205
31.4688
31.4424
31.0648
30.9398
30.9398
30.198
29.0859
29.0859
27.9446
27.9446
27.9446
27.9786
27.9769
27.9769
27.6763
28.1505
28.2222
28.4089
27.1641
27.2585
27.6143
26.5323
27.0493
27.0493
25.6219
25.6965
25.4852
25.1533
24.5385
25.035
24.8671
24.8671
24.8671
24.8191
24.8191
23.6267
22.807
22.807
22.4602
21.4686
21.0258
20.6686
20.7932
20.2221
20.2221
20.2221
19.4157
19.5255
19.646
19.0473
19.0473
19.0473
19.8439
19.8766
18.586
18.586
17.3175
17.8268
18.0231
18.0231
18.4356
18.3556
18.3556
17.6026
17.6026
17.9336
18.3849
17.418
16.3693
16.7439
16.4367
16.2202
16.2202
16.2202
16.2202
16.151
15.4639
15.0547
15.0547
14.6144
14.8803
15.9507
15.9507
15.9507
15.9507
14.1375
13.6921
13.5189
13.5189
13.9509
13.9509
13.9509
13.459
13.72
13.72
12.4653
12.5441
12.6326
12.7842
13.2598
13.158
12.3284
11.1999
11.1999
9.77133
8.66453
7.69757
7.71482
7.71482
8.45583
7.81392
6.70853
6.70853
6.41275
7.18328
6.13004
6.32383
5.7567
6.06152
6.19956
6.19956
6.19956
5.90945
5.16153
5.16153
5.62474
4.09494
3.52128
3.5878
4.6759
4.6759
4.47988
4.70516
3.74401
4.27615
4.27615
3.18796
3.18796
3.42789
3.42789
3.42789
3.36015
2.55027
2.62611
2.57242
2.78023
2.78023
2.50188
2.50188
2.48944
2.48944
2.48944
2.3058
2.36987
2.67041
1.84055
1.84055
1.54809
1.15737
1.38603
1.38603
1.38603
2.11482
2.11482
2.11482
2.11482
2.69561
1.84553
1.84553
1.51064
1.51064
1.51064
1.51064
1.51064
1.51064
1.51064
0.949476
0.949476
0.949476
1.0383
1.0383
1.001
1.001
1.9222
1.9222
1.22652
1.22652
1.15769
1.15769
0.418538
0.418538
0.418538
0.418538
0.418538
0.501312
0.501312
0.501312
0.501312
0.822841
0.822841
0.822841
0.822841
0.822841
0.822841
1.14604
1.14604
0.992222
0.93813
0.93813
1.32546
1.32546
1.65171
1.65171
1.65171
1.65944
1.34268
1.13127
0.627519
1.61943
2.49503
1.73508
1.73508
1.73508
1.25518
1.25518
1.25518
1.73297
1.73297
1.63846
1.24783
1.24783
1.24783
1.16006
0.591674
1.089
1.089
1.089
0.691929
0.241156
0.241156
1.08275
1.08275
0.43285
0.43285
0.43285
0.672241
0.672241
1.05154
1.05154
1.05154
2.47045
2.85609
2.85609
2.85609
2.11148
1.84419
1.50751
1.50751
0.874972
1.30467
1.30467
0.626523
0.626523
0.598853
0.598853
0.598853
0.598853
0.598853
1.67402
1.67402
1.67402
2.23016
2.18125
2.17973
2.23857
1.8022
1.16215
1.16215
2.60973
3.17344
3.17344
3.24327
3.24327
3.31308
3.60921
3.44216
3.44216
2.0573
2.0573
2.03931
1.77126
2.12621
2.12621
2.12621
2.12621
1.65178
1.65178
1.20829
1.20829
1.20829
1.20829
1.49586
1.69028
1.69028
1.7347
1.13084
0.534985
0.534985
0.534985
0.534985
0.534985
0.711758
1.4542
1.4542
1.31515
1.19443
1.24426
1.24426
1.24426
1.24426
1.17407
0.667875
0.481369
0.481369
0.481369
0.431812
0.883664
1.02338
1.02338
0.926283
1.0705
1.0705
0.910895
0.910895
0.973797
0.973797
0.973797
0.973797
0.973797
0.973797
1.18123
1.25472
1.25472
1.25472
1.25472
1.25472
1.33509
1.33509
1.55511
1.50074
1.71989
1.71989
2.51937
2.11718
1.76323
1.1321
1.01612
0.89309
0.89309
1.19251
0.890458
0.890458
1.66769
1.66769
1.55414
2.23807
1.16571
1.16571
2.55963
2.71052
2.71052
3.0642
2.90019
2.90019
1.68893
1.83007
1.83007
1.69261
1.69261
1.69261
2.52348
2.68719
2.68719
2.68719
2.68719
2.58627
2.40272
2.85387
2.85387
3.38693
3.04852
3.04852
3.25336
3.33655
3.33655
3.58753
3.0359
3.0359
3.0359
3.0359
3.0359
3.03892
2.93988
2.13194
2.22292
2.97308
2.26874
2.26874
2.26874
2.26874
1.7104
1.13592
1.58483
1.98793
1.54366
1.96504
1.96504
2.69884
1.35683
1.65247
1.39036
1.39036
3.02941
2.78516
2.53467
2.30123
1.41319
1.70968
1.99578
1.39349
1.62756
1.07043
1.07043
1.07043
0.424961
0.424961
0.424961
0.336085
1.10738
1.10738
0.75243
0.750429
1.23712
2.05638
1.0646
0.712173
0.660733
0.660733
0.660733
0.941958
1.50388
0.972318
1.3836
1.2608
1.2608
1.06958
1.06958
1.06958
2.42967
2.42967
1.23619
1.23619
1.23619
1.23619
1.23619
1.23619
1.23619
0.944658
1.94707
1.91795
2.16793
1.90713
0.896661
0.859844
0.859844
0.85922
1.11765
1.79932
1.79932
1.4734
1.4734
1.36584
1.36584
1.36584
1.04271
1.04271
0.455793
0.801488
0.801488
0.893312
0.893312
0.893312
0.432937
0.432937
0.924696
0.924696
1.50441
1.15098
0.980452
1.09281
1.20322
1.25689
1.25689
1.25689
1.22769
1.54508
2.43304
2.34957
2.34957
2.24195
2.24195
2.24195
0.954364
0.954364
0.954364
1.25234
1.18338
0.661596
0.661596
0.661596
0.661596
0.661596
1.1568
1.63545
1.31506
1.31506
1.31506
1.31506
1.47371
0.914041
1.22699
1.22699
1.22699
1.20858
0.666811
1.06022
1.06022
1.06022
1.06022
1.79991
1.73301
1.26564
1.5253
1.5253
1.5253
1.32254
1.32254
2.19501
1.86334
2.17857
2.17857
1.54921
1.54921
1.56823
1.56823
1.38893
1.38893
1.63844
2.72535
2.83487
2.20554
2.39844
2.39844
2.39844
2.39844
2.39844
2.39844
3.47721
3.18809
2.86012
3.50889
3.08217
3.08217
3.08217
3.11198
3.56114
4.0054
4.0054
3.21427
3.21427
3.70199
3.70199
2.84789
2.50397
2.96444
2.96444
2.70727
2.68461
1.96342
2.31677
1.94734
2.57642
2.57642
2.57642
3.4262
3.4262
3.35741
3.35741
4.86649
4.86649
4.97898
4.97898
5.04274
5.04274
5.06316
4.29901
3.69573
4.11441
4.11441
4.71001
4.71001
4.31176
4.31176
4.31176
3.39257
3.39257
3.01407
3.01407
2.98964
2.98964
2.98964
3.86927
3.32754
3.33711
3.33711
2.00425
2.00425
1.68269
1.68269
1.68269
1.68269
1.93975
1.93975
1.93975
2.11697
2.98239
2.70506
2.01797
2.01797
2.03691
1.86406
1.86406
1.46206
1.37671
1.42958
1.28602
1.28602
1.28602
1.47415
1.5955
1.5955
1.99209
1.28117
0.824117
1.17469
1.17469
1.17469
0.703294
0.703294
0.703294
0.703294
0.703294
0.703294
0.703294
0.703294
0.703294
0.703294
0.703294
0.731245
0.731245
0.261845
0.261845
0.261845
0.261845
0.261845
0.261845
0.261845
0.94111
1.47749
0.981118
0.981118
0.981118
1.49505
1.49505
1.64821
1.64821
0.86241
0.936652
0.936652
0.936652
0.936652
1.04852
1.22322
1.14844
1.16008
1.10037
1.10037
1.8039
0.86785
1.66334
1.19992
1.18227
1.18227
0.906818
0.906818
1.58969
1.58969
1.37759
1.37759
1.68182
1.68182
1.95436
1.49397
1.49397
1.65943
1.10566
1.10566
1.44493
1.44493
1.75142
1.21855
0.493601
0.328236
0.984716
0.984716
0.984716
0.984716
0.984716
1.84298
2.23386
1.87816
1.0344
1.16446
1.16446
1.23674
2.02223
2.04085
2.11103
2.28707
2.28707
2.28707
2.28707
2.43464
2.25887
2.25887
2.25887
2.25273
2.25273
2.6875
1.86606
1.99955
1.75745
1.75745
1.56188
0.795745
1.24447
1.24447
1.38655
2.18211
2.18211
2.32482
2.15942
2.26733
2.26733
2.30337
2.30337
2.03437
2.03437
0.551572
1.44664
2.03493
2.69899
2.39984
2.17727
2.3095
3.13896
2.61355
2.61355
3.05776
2.84228
3.27144
3.00458
2.93883
2.93883
2.93883
2.54075
2.3957
2.97624
2.97624
2.97624
3.12883
2.95385
2.84211
2.84211
2.84211
2.84211
1.89388
1.89388
1.89388
1.64633
1.3523
1.3523
0.580119
0.580119
1.28555
0.382847
0.382847
0.382847
0.474069
1.04035
0.316628
0.316628
0.316628
0.608833
0.608833
0.608833
0.608833
0.691206
0.968676
0.968676
1.15995
1.15995
0.520712
1.09732
1.28696
1.28696
1.83659
2.14571
1.58711
1.32441
1.32441
1.32441
1.43577
1.43577
1.38447
1.38447
1.38447
1.38447
1.27571
1.27571
1.99776
1.63715
0.880751
0.880751
1.64503
2.05859
1.40343
1.78491
1.41197
1.41197
1.41197
0.546158
0.546158
0.546158
0.546158
0.546158
1.87033
1.87033
2.0128
0.904628
0.904628
0.904628
1.46653
1.20492
1.67955
1.57234
1.70467
1.70467
1.70467
1.70467
1.70467
1.7766
1.7766
2.81005
2.50006
2.50006
2.50006
2.50006
2.50006
2.50006
3.26601
3.26601
3.26601
2.46504
2.46504
2.46504
2.05239
2.05239
2.81137
2.81137
2.81137
2.81137
2.81137
3.23103
3.91853
3.91853
3.91853
4.09095
2.96829
2.96829
2.74959
2.00656
2.00656
2.00656
2.15544
2.15544
0.935845
1.57544
2.00043
2.00043
2.00043
1.71248
1.71248
1.43798
1.06757
1.06757
2.71467
1.91475
1.91475
1.34543
1.27829
1.27829
1.44405
1.44405
1.44405
1.44287
1.60503
1.86563
1.65293
1.73154
2.12649
2.18594
1.37662
1.37662
0.850298
0.920982
0.920982
0.920982
0.920982
0.920982
0.683678
0.683678
0.683678
1.20287
0.982462
0.985801
0.985801
0.985801
0.985801
0.985801
0.985801
1.10565
1.10565
1.10565
1.10565
1.05067
0.366663
0.914807
0.882359
0.882359
0.779766
0.931528
1.01986
0.736561
0.539084
1.42824
1.33137
1.89456
1.89456
1.89456
2.12173
1.34013
0.822243
0.822243
0.392997
0.392997
0.392997
1.63662
0.513266
0.513266
0.513266
0.689715
0.689715
0.419528
0.419528
0.419528
1.29288
1.7385
1.17056
1.17056
1.17056
0.584799
1.29594
1.29594
1.29594
1.29594
1.29594
1.46872
1.46872
0.531731
0.531731
0.823928
0.823928
0.883762
1.13269
1.10805
0.975349
1.23795
1.23795
0.870296
1.03903
1.03903
1.03903
1.03903
1.03903
1.08954
1.08954
1.08954
1.08954
1.08954
1.25706
1.25706
0.903537
0.759675
1.2187
1.2187
1.2187
1.2187
1.2187
1.2187
1.53264
1.53264
1.71111
1.71111
1.71111
1.71111
1.71111
1.71111
1.53095
1.53095
1.53095
1.53095
1.23032
1.0743
1.0743
1.17225
1.68917
1.68917
1.81316
1.47204
1.47204
1.47204
1.47204
1.24981
1.00747
0.686973
1.00695
1.97091
1.97091
1.97091
1.82926
1.82926
2.3348
1.8861
2.89539
2.85157
2.85157
2.85157
2.9772
2.90866
3.37983
3.37983
3.37983
3.37983
3.37983
2.53318
2.53318
2.35523
2.35523
2.35523
2.94766
2.12911
2.02934
0.981575
1.40385
2.42882
2.30838
2.05512
2.05512
2.54374
1.9251
2.16302
2.26706
2.26706
2.26706
2.26706
2.26706
2.26706
3.58365
3.58365
3.31173
4.14487
3.78441
4.3341
4.00003
4.09142
4.00487
3.06686
3.06686
3.33925
3.11174
2.98454
2.98454
2.98454
3.22115
3.00734
2.48583
2.48583
1.73588
1.73588
1.73588
1.73588
1.54198
1.80892
2.23611
2.45501
2.45501
2.78775
4.18433
4.18433
4.18433
4.18433
4.11951
4.75048
4.57216
4.57216
3.83728
3.78952
3.68227
4.48079
4.48079
4.77517
4.45231
5.01998
5.01998
5.6991
5.6991
4.78049
4.78049
3.70484
3.70484
3.70484
3.70484
2.90513
2.90513
2.90513
2.96987
3.02891
2.74733
1.80474
1.80474
1.71112
1.87834
1.87834
2.15009
2.26236
1.36827
1.17529
1.1777
1.1777
1.1777
1.1777
1.1777
0.512574
0.443586
0.713441
0.713441
0.713441
0.574002
0.860476
0.860476
1.28249
1.28249
1.28249
0.992104
0.992104
0.849186
1.46476
0.557624
0.557624
0.557624
0.557624
0.557624
0.557624
0.557624
0.557624
1.75537
1.14403
2.2922
1.97417
1.79432
1.96845
1.31344
1.31344
1.31344
1.7739
1.25415
1.25415
1.42112
1.23407
1.23407
0.930135
0.930135
0.930135
1.09019
1.25548
0.915344
1.78092
1.78092
2.15504
2.15504
1.27973
0.937307
0.937307
0.937307
0.937307
1.70308
1.56271
1.56271
1.56271
2.04818
2.04818
1.27077
2.43547
1.4414
1.4414
1.43648
2.13943
1.03943
0.760722
0.848706
1.27514
1.27514
1.27514
0.97168
0.97168
1.47189
1.47189
1.47189
1.14356
1.70974
1.49968
1.64243
1.64243
1.64243
1.38065
1.51069
1.3623
1.44093
1.44093
1.77111
1.98367
1.91733
1.65981
1.65981
1.42773
1.70834
1.41892
1.41892
1.60585
0.764087
0.397916
0.397916
0.397916
0.800702
0.800702
0.800702
0.800702
0.800702
1.71416
1.71416
1.71416
1.45209
1.45209
1.45209
1.32341
1.32341
0.648709
0.802139
0.802139
0.802139
0.802139
0.802139
1.18553
1.18553
1.18553
1.18553
1.13239
1.13239
1.13239
1.44803
1.44803
0.892517
0.892517
0.892517
0.85314
0.85314
0.85314
0.85314
0.85314
0.85314
0.85314
0.937751
0.767406
0.840455
0.840455
0.840455
1.31054
1.07154
1.07154
1.07154
1.0143
1.0143
1.0143
1.0143
1.0143
1.0143
0.956805
0.760361
0.760361
0.760361
0.760361
1.19103
1.58698
1.58698
1.50052
1.17615
1.17615
1.17615
0.802957
0.802957
0.802957
0.709328
0.709328
0.621208
0.621208
0.999382
0.999382
1.47575
1.47575
1.14785
0.825404
0.825404
0.825404
0.825404
0.688086
0.293618
0.293618
0.293618
0.293618
0.491354
0.304976
0.185466
0.486127
0.486127
1.24638
1.24638
1.24638
1.24638
1.76601
1.77765
1.77765
1.77765
1.77765
1.77765
1.77816
2.07885
2.06848
2.06848
1.66349
1.09402
1.09402
1.09402
1.1588
1.1588
1.1588
1.37
1.03828
1.03828
1.03828
1.03828
1.73045
1.73844
1.63865
1.63865
1.49632
1.49632
1.49632
1.49632
1.93682
1.93682
1.98182
2.05113
2.05113
1.92253
1.67578
2.16865
2.16865
1.2594
1.2594
1.86818
1.86818
2.58627
2.02883
2.36801
2.17485
2.17485
2.5748
2.5748
1.88845
1.69755
1.7784
2.88321
