50.04
50.04
48.3989
48.3989
48.3989
48.3989
48.3989
43.8371
42.8355
42.8355
39.897
39.897
38.9616
38.9616
38.9616
39.7158
39.7158
39.7158
40.647
40.0708
39.1608
38.6763
38.6763
38.6763
37.9227
37.6673
38.7238
37.9069
38.1493
38.1493
37.6273
37.0086
37.0666
36.8632
36.8632
36.8632
35.0389
35.0389
35.1537
34.7801
33.3727
33.3893
33.8807
33.8807
33.8807
33.8807
34.5665
32.7627
30.2705
30.2705
29.8956
29.8956
30.5222
32.0809
30.8082
30.547
30.547
28.4987
30.392
25.8106
23.3242
23.1859
21.1096
21.233
21.233
22.1135
20.9925
21.6885
22.5185
23.8094
22.5388
22.5388
22.5388
23.8444
23.8444
19.7868
18.6678
18.6678
18.6678
18.6678
18.6678
18.6678
16.7445
14.6086
14.6086
12.7061
9.13475
9.13475
11.1298
11.1298
9.59177
9.59177
9.59177
9.59177
9.98272
9.98272
8.81983
8.99634
7.92616
8.86789
8.86789
7.34444
7.22875
7.22875
6.48297
6.48297
5.8099
5.37207
7.58743
7.45779
8.95535
7.55868
9.27131
4.5801
4.5801
4.5801
3.30997
4.7987
4.7987
7.15016
4.52977
3.35422
4.93692
5.62201
5.62201
5.62201
8.43383
6.97205
6.97205
6.97205
6.97205
4.10378
4.10378
3.92341
4.19404
4.85001
4.85001
4.85001
4.85001
4.85001
2.50283
2.50283
2.58136
4.28379
4.28379
2.65647
2.65647
2.65647
2.65647
2.65647
2.65647
2.65647
5.50604
7.53654
7.53654
7.35323
7.35323
7.74239
7.74239
7.74239
6.20521
6.40525
4.48856
1.78281
1.78281
2.02871
2.02871
2.02871
4.73014
4.25743
7.12305
7.57822
7.57822
8.1716
3.16573
3.16573
3.16573
3.64427
3.78966
3.78966
4.53823
3.65109
3.65109
3.4872
3.19138
3.19138
3.19138
3.19138
3.19138
3.19138
3.19138
3.19138
3.19138
3.19138
3.19138
3.3733
3.3733
3.3733
4.72818
3.9893
3.9893
5.91915
5.91915
5.37793
3.94164
5.87688
7.09709
7.09709
7.09709
7.09709
2.98978
2.98978
2.98978
3.55551
6.60682
6.60682
4.12761
4.12761
2.98356
2.98356
2.98356
2.98356
1.82774
1.82774
1.41968
1.41968
3.07856
3.90419
3.29323
4.43069
4.43069
4.43069
5.42962
5.42962
5.42962
7.56326
5.76527
6.49332
6.49332
6.49332
6.53941
6.53941
6.58272
6.58272
6.58272
6.58272
6.58272
6.58272
6.58272
6.42029
8.03509
8.03509
10.0517
9.48151
9.99563
6.89368
6.89368
6.89368
6.62069
3.11766
3.72409
3.72409
3.72409
3.72409
4.99483
5.2071
5.2071
3.94233
4.5105
1.77543
2.54547
2.54547
2.54547
4.22623
3.18409
3.18409
3.18409
5.99148
5.99148
5.99148
4.26106
2.20316
2.20316
2.20316
2.61471
2.61471
2.61471
3.05778
3.16225
5.02771
5.02771
5.31649
7.84267
7.84267
7.84267
6.75013
5.14743
5.14743
5.14747
5.14747
4.55574
5.54091
5.54091
5.54091
4.83827
4.83827
5.25028
6.0322
6.74822
5.80557
5.48113
5.48113
5.48113
3.3322
3.3322
3.3322
3.3322
3.41446
3.21713
2.74121
2.74121
2.23916
2.23916
2.23916
2.23916
2.23916
1.36614
1.55608
1.55608
1.93714
2.51677
2.51677
2.51677
2.51677
2.51677
2.51677
2.51677
2.51677
4.50975
4.50975
4.50975
4.50975
4.50975
3.87568
3.89229
3.88871
3.88871
4.78614
4.78614
5.79916
5.79916
5.79916
5.79916
6.63775
5.55494
4.29614
3.91082
3.91082
3.3369
3.3369
4.35119
4.35119
3.65812
2.09178
2.09178
2.09178
2.09178
2.09178
2.09178
2.09178
2.09178
2.09178
2.09178
2.09178
2.09178
2.09178
2.09178
2.09178
2.95131
3.58117
4.48763
4.48763
4.48763
6.31075
5.74213
5.67034
5.67034
3.47845
3.47845
3.47845
2.23625
2.23625
2.23625
2.23625
2.23625
2.23625
5.12854
4.16663
5.90665
5.90665
4.65123
4.65123
4.65123
5.23192
5.23192
3.7328
3.7328
3.7328
3.10304
3.13013
3.13013
1.99996
3.69107
3.69107
3.69107
4.50654
3.93068
4.45173
4.45173
4.45173
5.97942
6.75336
6.36084
6.36084
6.36084
6.52556
5.59927
5.59927
4.85695
4.41127
6.80063
6.36866
6.36866
5.88636
5.81469
5.81469
6.54325
6.42742
9.33567
10.1295
10.8775
10.8775
10.0646
8.24022
8.57899
8.57899
9.29583
9.81724
9.81724
9.81724
9.07373
9.68653
9.98747
8.79162
8.47256
3.866
2.58004
2.58004
2.58004
2.58004
7.01958
7.01958
6.60212
6.60212
6.60212
6.96464
6.96464
4.49562
4.49562
4.41329
4.41329
2.76043
3.28819
3.27716
4.59101
4.59101
4.59101
4.38017
2.45749
4.71663
4.71663
5.89511
6.09795
6.09795
4.49135
4.49135
4.5168
5.36142
5.36142
6.13198
6.49534
5.65806
4.1315
4.1315
7.03101
5.63077
5.63077
4.60284
3.28022
3.08488
3.08488
3.08488
3.08488
4.20235
4.20235
4.20235
6.4139
6.4139
6.52424
7.43189
7.43189
7.6322
7.6322
6.24536
6.24536
6.24536
6.24536
7.58672
7.58672
4.21216
4.21216
5.21292
5.06873
5.06873
5.06873
5.73896
7.0625
4.24753
4.24753
2.95535
3.13831
3.19684
2.43016
2.43016
2.85468
3.60848
4.13865
4.13865
6.44873
4.59213
4.52435
4.11173
4.11173
4.11173
4.11173
3.29191
3.29191
3.29191
5.95975
5.14737
5.14737
5.14737
4.65866
4.65866
4.65866
4.87193
4.87193
4.87193
3.92099
3.92099
3.92099
3.92099
3.55734
3.22773
3.22773
4.01179
4.01179
4.01179
5.24241
5.24241
4.50355
4.50355
4.50355
4.54153
4.29658
4.29658
4.14514
5.23601
4.00293
2.97163
4.83087
4.83087
4.83087
4.83087
4.83087
4.83087
2.45204
3.93806
3.93806
3.93806
3.93806
3.93806
4.60432
4.60432
4.60432
4.60432
2.89918
2.89918
2.89918
2.53565
3.2527
3.2527
2.12604
2.12604
4.18279
4.18279
4.18279
3.51964
4.14471
5.00781
5.00781
4.69395
4.69395
4.69395
4.69395
4.69395
4.69395
4.7681
4.76685
2.80205
2.80205
5.00479
4.94741
4.48247
4.48247
4.48247
4.48247
4.48247
4.57593
4.57593
4.57593
4.85606
4.85606
5.34348
4.23863
4.23863
5.88854
3.57297
3.57297
3.57297
3.57297
2.02473
2.02473
1.3451
4.27868
4.27868
6.29038
6.29038
6.29038
6.29038
4.03591
5.56321
3.75679
5.60451
8.35504
8.35504
8.35504
6.05574
7.09287
5.07327
6.99956
6.99956
6.99956
6.99956
8.13154
8.13154
9.18111
8.20387
8.20387
8.20387
8.20387
9.18712
9.18712
8.9651
7.42204
7.73547
7.73547
7.65431
7.57695
8.46349
7.18309
7.18309
7.18309
7.18309
7.18309
7.18309
6.47599
6.47599
6.46479
6.46479
6.46479
5.95221
5.95221
5.40578
3.4748
3.4748
3.4748
3.4748
3.32703
3.32703
3.32703
3.48492
3.48492
3.48492
3.48492
3.48492
4.09882
4.09882
3.30466
3.30466
3.30466
2.27841
2.27841
2.27841
2.27841
2.27841
2.27841
2.24725
2.95579
2.95579
2.95579
2.95579
2.95579
5.01045
5.01045
5.31466
5.31466
5.31466
5.52082
5.52082
5.29434
5.15433
5.57243
6.72588
5.63357
1.87635
1.87635
3.59089
3.59089
3.59089
3.77054
2.86129
2.86129
2.86129
0.9976
0.9976
3.42898
3.42898
3.42898
3.42898
1.81893
1.81893
1.81893
1.81893
1.81893
1.81893
1.81893
1.81893
1.81893
1.81893
3.77923
3.77923
4.20646
4.20646
4.20646
4.20646
4.20646
4.20646
4.20646
4.20646
5.88156
6.89572
6.89572
6.89572
6.89572
9.11579
6.69049
6.69049
7.35299
5.79066
4.8309
4.8309
4.35411
4.99513
4.99513
4.67241
4.67241
6.25964
9.23137
6.76461
3.74523
3.74523
3.74523
6.61946
6.61946
6.96663
5.81628
5.77771
2.34022
2.34022
3.58341
3.58341
4.12089
2.95539
2.75243
0.708718
0.708718
0.708718
3.4811
1.93098
1.93098
1.93098
1.93098
1.93098
1.93098
1.93098
1.93098
3.87766
4.4526
6.41441
6.53176
6.53176
7.85496
7.93888
9.66314
9.71861
9.71861
9.71861
9.19521
9.19521
9.19521
8.74174
6.1409
6.58147
6.58147
6.58147
6.62404
8.78881
7.34214
7.56947
6.75188
6.75188
6.24876
3.63709
3.63709
2.37982
2.37982
2.37982
2.37982
3.65999
2.71975
2.71975
1.75034
1.75034
5.32634
5.32634
5.8162
4.45647
4.45647
3.77182
4.30597
4.30597
4.96251
4.96251
4.96251
4.92977
5.96126
10.295
10.7061
10.7061
10.6207
10.6207
11.3445
10.6733
11.3446
11.3446
11.3446
12.6019
10.3211
10.7481
10.7481
10.7481
8.6568
8.6568
9.89041
6.56981
6.56981
10.0729
10.0729
10.0729
8.80575
8.80575
9.17609
8.37134
9.18109
8.18753
8.18753
7.96893
6.942
6.942
6.49822
6.49822
6.49822
6.86542
6.90054
4.62244
4.62244
4.62244
5.5002
5.1768
5.1768
6.46539
6.78518
6.78518
7.09375
9.77247
9.77247
10.5477
10.5477
10.534
10.534
7.11116
7.11116
7.11116
7.11116
7.11116
7.11116
6.08541
6.08541
6.08541
6.08541
5.66007
5.29363
5.29363
5.29363
7.68359
6.80564
7.41973
7.02098
7.02098
8.17884
6.74166
6.74166
6.74166
6.74166
6.74166
8.76892
8.76892
7.75113
7.75113
6.24793
5.04751
5.04751
5.04751
5.04751
3.11572
3.11572
3.11572
3.11572
3.11572
3.11572
6.156
6.2416
6.2416
6.35279
6.35279
6.35279
4.6033
4.6033
4.29407
4.29407
4.29407
4.29407
3.44934
4.47564
4.47564
4.81021
4.19624
4.19624
4.19624
4.67964
4.67964
5.99384
7.0036
6.2445
6.2445
4.87535
4.66097
4.66097
4.66097
2.83603
4.67804
4.65903
4.65903
4.65903
4.65903
3.77968
3.77968
3.77968
3.77968
4.70352
4.70352
4.69127
4.69127
5.0081
5.0081
3.9181
5.05442
5.05442
5.30851
5.05028
5.99342
7.01145
7.53677
7.53677
7.53677
7.53677
7.53677
6.51423
6.51423
6.51423
9.16431
7.62926
8.24132
5.86357
5.86357
5.86357
5.86357
5.86357
5.57451
5.57451
6.27804
6.27804
6.27804
6.27804
6.27804
4.55423
3.56712
4.62087
2.8498
2.8498
2.8498
2.8498
2.8498
2.8498
2.8498
2.8498
3.52455
2.33165
2.33165
2.33165
2.75344
1.87328
1.87328
2.67177
2.67177
2.76348
2.56538
4.32606
4.32606
4.32606
4.32606
4.32606
4.32606
4.79419
4.79419
4.79419
4.79419
6.80577
6.57262
6.57262
6.57262
6.57262
6.57262
6.57262
6.57262
4.6721
3.69085
3.31813
3.31813
2.12786
2.12786
2.58053
2.49198
4.27622
4.27622
3.48575
3.48575
3.48575
6.63504
6.63504
6.70648
6.70648
6.70648
6.70648
6.70648
5.61386
4.11611
4.11611
4.11611
4.11611
2.22384
2.22384
3.42267
6.54849
6.54849
5.55837
5.11609
5.11609
5.67944
5.67944
5.67944
6.87443
6.87443
6.87443
5.68209
6.41171
5.37251
3.09799
3.09799
2.29816
2.29816
2.97436
6.08125
6.08125
6.08125
6.83222
6.83222
6.83222
3.98493
3.83204
3.83204
3.64119
2.23988
2.23988
2.23988
5.52645
5.52645
6.05723
5.24724
5.96881
5.51921
3.72506
3.72506
3.72506
6.0807
4.90818
2.82597
2.82597
4.38897
4.38897
3.69244
2.62084
2.62084
2.62084
2.62084
2.62084
3.18126
6.17481
8.15151
7.53386
7.53386
7.53386
3.34961
3.33757
3.33757
3.33757
5.3025
5.73426
5.73426
5.73426
5.73426
5.73426
5.73426
5.73426
5.73426
5.73426
5.68168
5.68168
3.16656
3.49608
3.49608
3.49608
3.62612
3.62612
3.62612
4.43471
5.69873
4.81947
5.75205
5.572
4.38885
4.38885
4.38885
3.73238
3.73238
3.73238
3.73238
3.73238
4.66983
4.32929
4.03028
4.03028
4.03028
5.48733
5.48733
4.4183
4.67466
5.44778
5.44778
5.44778
4.72811
4.3129
4.3129
4.61317
3.01386
3.01386
3.01386
3.01386
3.01386
3.01386
3.01386
3.80818
3.80818
3.10268
3.56361
3.56361
4.68748
4.68748
8.03779
8.03779
8.03779
6.5692
6.5692
6.5692
6.5692
5.65735
4.73517
4.73517
2.6162
3.54597
3.9139
3.9139
3.9139
3.52418
3.52418
3.52418
7.90995
7.51654
7.51654
6.10723
6.10723
6.10723
5.89126
5.10062
5.10062
3.79056
3.79056
3.92456
3.90225
1.106
4.07913
4.07913
4.07913
2.93095
3.01762
3.81568
3.81568
3.81568
3.81568
5.84427
5.84427
5.32695
3.97696
2.62186
1.83616
1.83616
4.53858
4.49081
5.6335
5.6335
4.56819
2.35328
3.58174
5.47592
5.85896
5.85896
5.85896
9.15704
7.62726
4.32871
4.32871
4.52398
4.52398
4.52398
4.52398
2.77931
3.08988
2.40952
4.44582
5.24607
5.24607
4.9837
5.08726
5.08726
5.18354
5.18354
5.18354
5.67359
5.67359
4.4539
4.4539
4.4539
4.4539
5.97556
5.97556
5.97556
5.30424
5.30424
5.15982
4.52313
4.52313
4.52313
4.52313
2.76333
5.10243
5.10243
5.10243
3.44871
3.71082
3.15429
4.1344
3.06847
3.06847
3.06847
4.26197
4.26197
4.26197
3.94491
3.94491
4.55426
4.55426
4.55426
4.62439
4.62439
4.62439
6.79818
5.47492
3.71556
3.71556
3.71556
3.71556
3.71556
4.05956
5.2234
5.54268
3.90531
3.90531
3.90531
3.90531
4.94322
4.94322
4.94322
4.94322
4.94322
4.94322
6.2056
6.2056
8.27682
8.27682
8.27682
8.86181
8.86181
9.13774
7.34046
8.07999
8.07999
6.32612
6.32612
4.38645
7.44915
7.44915
7.67194
6.18599
6.18599
6.18599
6.18599
5.50829
3.73557
2.17236
3.81527
3.81527
3.81527
2.35604
2.35604
2.35604
4.58776
2.49029
1.0942
1.0942
1.0942
3.57039
3.57039
3.57039
5.30524
5.01242
6.85635
6.66228
8.87991
8.87991
8.87991
9.02545
9.02545
9.02545
8.54619
8.54619
6.77959
6.77959
5.48518
3.07941
3.07941
3.07941
3.70226
5.6497
5.6497
5.6497
5.6497
8.23441
8.23441
8.68554
8.68554
8.68554
9.18634
9.18634
9.18634
6.50415
7.79162
6.89099
6.02487
6.02487
6.36096
4.04477
5.19878
5.3062
5.3062
1.97645
1.97645
3.4668
3.4668
3.4668
3.4668
5.83954
2.35874
2.35874
2.35874
2.35874
2.35874
2.2329
5.29881
6.1826
6.1826
6.16947
6.04158
5.48022
4.84649
4.84649
4.93183
4.93183
4.07397
4.07397
6.1215
6.1215
4.4441
5.79528
5.70789
5.70789
5.70789
5.70789
7.16236
5.77533
6.77466
6.77466
4.86713
4.86713
3.89393
3.89393
5.12811
5.07963
5.07963
6.86248
7.10358
7.10358
8.12862
7.64857
7.64857
7.64857
7.21676
7.21676
6.99426
6.99426
7.15607
7.13762
7.13762
7.09636
5.96117
5.96117
5.96117
5.32941
5.32941
2.88262
