3.1746
3.09837
3.17376
3.11607
3.19489
3.07771
3.18049
3.1072
3.21113
3.15126
3.16874
3.125
3.14383
3.17544
3.16122
3.21285
3.1554
3.11769
3.07535
3.11446
3.17292
3.17965
3.10961
3.13972
3.17544
3.10078
3.16539
3.12989
3.19149
3.16957
3.13725
3.16874
3.1554
3.11688
3.19234
3.16206
3.13071
3.14136
3.08642
3.11365
3.22581
3.09677
3.24237
3.21457
3.16623
3.13398
3.15956
3.19744
3.12337
3.09119
3.16539
3.08801
3.09518
3.10078
3.13562
3.16456
3.15209
3.17544
3.19064
3.10318
3.06279
3.12744
3.11365
3.11446
3.13643
3.11607
3.09997
3.06905
3.11365
3.17797
3.20085
3.13071
3.12256
3.108
3.16874
3.1746
3.09598
3.15789
3.12256
3.09677
3.14218
3.11203
3.09997
3.16372
3.07377
3.22928
3.17881
3.13152
3.17628
3.09518
3.13562
3.16289
3.10639
3.10559
3.1746
3.06122
3.13152
3.16957
3.14054
3.13643
