0 -0.460838 0.00947822
1 -0.482433 0.00943746
2 -0.501779 0.00985454
3 -0.522898 0.00884266
4 -0.53898 0.00870516
5 -0.555441 0.00820952
6 -0.569456 0.00779534
7 -0.582929 0.00762533
8 -0.592738 0.00758097
9 -0.601094 0.00814568
10 -0.611183 0.00787067
11 -0.623719 0.00726048
12 -0.635738 0.00698555
13 -0.646567 0.00605902
14 -0.6536 0.00616128
15 -0.662235 0.0055807
16 -0.670226 0.00535846
17 -0.678039 0.00491329
18 -0.685531 0.00457182
19 -0.689681 0.0042617
20 -0.695224 0.00405386
21 -0.701223 0.00384518
22 -0.707184 0.00394436
23 -0.712309 0.00407701
24 -0.718639 0.00370117
25 -0.723213 0.00331476
26 -0.727316 0.00309715
27 -0.731855 0.00257097
28 -0.737648 0.00276401
29 -0.73934 0.00262703
30 -0.742528 0.00303924
31 -0.743796 0.00296798
32 -0.74591 0.00262717
33 -0.748171 0.00272521
34 -0.750081 0.00270072
35 -0.753261 0.00273737
36 -0.755413 0.00318575
37 -0.756991 0.00304454
38 -0.758753 0.00263505
39 -0.761435 0.00249591
40 -0.763172 0.00267545
41 -0.762469 0.00270446
42 -0.76466 0.00250466
43 -0.766179 0.00255356
44 -0.767781 0.00206372
45 -0.767316 0.00237783
46 -0.768598 0.00261092
47 -0.770923 0.0025351
48 -0.773521 0.00261212
49 -0.77416 0.00282786
50 -0.774216 0.0026033
51 -0.775702 0.00292142
52 -0.77609 0.00322284
53 -0.777971 0.00312296
54 -0.779226 0.00302641
55 -0.780264 0.00316674
56 -0.780689 0.00317634
57 -0.778926 0.00261956
58 -0.780101 0.00260192
59 -0.780512 0.00270635
60 -0.781582 0.00264367
61 -0.781953 0.00249328
62 -0.783155 0.00288271
63 -0.783295 0.00279296
64 -0.782236 0.0028825
65 -0.782355 0.00288096
66 -0.781266 0.0028264
67 -0.781294 0.00258427
68 -0.781372 0.0024646
69 -0.781348 0.0022462
70 -0.781099 0.00222938
71 -0.782312 0.00241875
72 -0.781809 0.00243829
73 -0.783479 0.0026278
74 -0.783758 0.00283736
75 -0.783246 0.00230571
76 -0.783471 0.00262674
77 -0.783462 0.00245843
78 -0.784309 0.00280211
79 -0.784591 0.0028119
80 -0.785845 0.00288294
81 -0.785107 0.00256213
82 -0.786907 0.00251579
83 -0.78542 0.00219977
84 -0.785784 0.00225742
85 -0.785623 0.00224874
86 -0.786255 0.00231029
87 -0.785718 0.00233044
88 -0.786245 0.00251065
89 -0.785511 0.00223118
90 -0.7853 0.00247356
91 -0.785886 0.00208472
92 -0.786056 0.00238426
93 -0.786213 0.00253035
94 -0.786044 0.00277006
95 -0.785726 0.00320373
96 -0.78584 0.00305481
97 -0.785057 0.00321852
98 -0.784731 0.00332185
99 -0.785204 0.0034132
100 -0.78474 0.00338723
101 -0.783541 0.0032289
102 -0.783904 0.00302178
103 -0.783662 0.00301101
104 -0.783882 0.00280873
105 -0.785359 0.00286907
106 -0.785899 0.00300595
107 -0.787705 0.00314321
108 -0.788694 0.00285959
109 -0.789481 0.00280724
110 -0.789168 0.00268303
111 -0.790069 0.00226215
112 -0.787913 0.00242933
113 -0.78927 0.00231568
114 -0.78852 0.00208006
115 -0.788918 0.00218547
116 -0.788491 0.00238224
117 -0.78787 0.00230581
118 -0.788123 0.00224903
119 -0.788208 0.00234061
120 -0.788035 0.00250667
121 -0.787609 0.00199038
122 -0.786692 0.00190173
123 -0.78647 0.00207759
124 -0.787072 0.00272972
125 -0.786897 0.00288301
126 -0.786005 0.00304128
127 -0.786176 0.00269328
128 -0.786014 0.00268253
129 -0.787934 0.00283696
130 -0.787087 0.00289694
131 -0.78686 0.0026561
132 -0.787075 0.00289274
133 -0.789682 0.0031639
134 -0.790975 0.00300724
135 -0.789025 0.00284795
136 -0.788006 0.0028564
137 -0.786292 0.00291027
138 -0.78683 0.00282555
139 -0.785718 0.00283412
140 -0.784246 0.00262075
141 -0.784487 0.00245338
142 -0.783255 0.00247762
143 -0.783185 0.00262304
144 -0.784233 0.00255028
145 -0.78246 0.00247411
146 -0.782449 0.00247544
147 -0.782352 0.00257983
148 -0.781861 0.00244674
149 -0.781045 0.00211945
150 -0.781221 0.00194984
151 -0.781928 0.00202207
152 -0.782633 0.00219472
153 -0.782872 0.0021147
154 -0.782847 0.00224462
155 -0.784691 0.00225667
156 -0.78377 0.00244251
157 -0.786149 0.00220627
158 -0.786037 0.00226733
159 -0.785276 0.00229511
160 -0.784834 0.00262865
161 -0.785378 0.0023014
162 -0.784973 0.00257936
163 -0.785438 0.00235564
164 -0.785873 0.00232986
165 -0.787205 0.00212138
166 -0.787127 0.00212245
167 -0.78624 0.00185374
168 -0.785729 0.00194615
169 -0.784979 0.00211313
170 -0.786049 0.00212332
171 -0.786105 0.00213372
172 -0.785543 0.00217106
173 -0.785155 0.00241468
174 -0.785455 0.00249968
175 -0.785449 0.0023878
176 -0.785242 0.00260645
177 -0.784183 0.00256276
178 -0.785206 0.00285818
179 -0.784018 0.00256078
180 -0.783683 0.00228532
181 -0.784889 0.00214447
182 -0.783931 0.00226618
183 -0.786372 0.00242418
184 -0.788618 0.00229692
185 -0.787984 0.00179006
186 -0.788519 0.00211995
187 -0.78801 0.00208923
188 -0.789107 0.00221539
189 -0.788153 0.00189612
190 -0.787575 0.00187012
191 -0.786388 0.00196808
192 -0.786536 0.00219485
193 -0.786482 0.00252861
194 -0.785991 0.00262547
195 -0.784559 0.00292311
196 -0.784454 0.00315568
197 -0.784978 0.00290048
198 -0.785093 0.00271336
199 -0.784201 0.00233893
200 -0.78529 0.00237468
201 -0.786396 0.00256375
202 -0.786455 0.00248297
203 -0.786744 0.00245316
204 -0.787273 0.00255437
205 -0.786472 0.00279765
206 -0.787244 0.00257586
207 -0.787424 0.00232436
208 -0.788481 0.00227619
209 -0.787644 0.00248025
210 -0.787971 0.00245171
211 -0.789306 0.0025481
212 -0.789292 0.00266345
213 -0.788332 0.00247503
214 -0.788694 0.00259054
215 -0.788676 0.00259065
216 -0.78787 0.00247472
217 -0.787723 0.00274735
218 -0.788863 0.00296855
219 -0.788895 0.00292695
220 -0.789844 0.00299877
221 -0.789094 0.00315546
222 -0.788748 0.00302758
223 -0.789677 0.002981
224 -0.78705 0.00311334
225 -0.786338 0.00310161
226 -0.786443 0.00293298
227 -0.785999 0.00309799
228 -0.78558 0.00305322
229 -0.785412 0.00272837
230 -0.786077 0.00302191
231 -0.785398 0.00300028
232 -0.784509 0.00300664
233 -0.784304 0.00298239
234 -0.782288 0.00312471
235 -0.782122 0.00313172
236 -0.781854 0.00333039
237 -0.781083 0.00337918
238 -0.781083 0.00337823
239 -0.780139 0.00294044
240 -0.780158 0.00281847
241 -0.778442 0.00313841
242 -0.778501 0.00312226
243 -0.777051 0.00302407
244 -0.776471 0.00283848
245 -0.77511 0.00311163
246 -0.776658 0.00294208
247 -0.777376 0.00294285
248 -0.775452 0.00336326
249 -0.77419 0.00305747
250 -0.772649 0.00315248
251 -0.77125 0.00332018
252 -0.770687 0.00356619
253 -0.77061 0.00361838
254 -0.770211 0.00363102
255 -0.768854 0.00319446
256 -0.770028 0.00339927
257 -0.767876 0.00316566
258 -0.765537 0.00292343
259 -0.764247 0.00331872
260 -0.762939 0.003412
261 -0.759907 0.00289252
262 -0.758057 0.00289741
263 -0.754933 0.00306992
264 -0.752018 0.00298965
265 -0.750761 0.00309641
266 -0.750073 0.0034581
267 -0.746283 0.00364018
268 -0.743161 0.00379723
269 -0.738889 0.00373361
270 -0.735176 0.00361405
271 -0.731104 0.00354646
272 -0.728353 0.00371406
273 -0.723259 0.00391285
274 -0.717452 0.00392115
275 -0.713775 0.00405726
276 -0.710062 0.00406841
277 -0.705591 0.00422716
278 -0.699821 0.00433709
279 -0.694197 0.00424874
280 -0.685802 0.00436596
281 -0.679906 0.00424329
282 -0.673356 0.00432754
283 -0.66573 0.00462955
284 -0.659719 0.00441504
285 -0.651937 0.00482097
286 -0.641196 0.00537409
287 -0.633351 0.00579857
288 -0.623127 0.00583158
289 -0.612727 0.00569173
290 -0.598691 0.00623888
291 -0.585734 0.00612585
292 -0.57323 0.0061998
293 -0.559205 0.00683218
294 -0.541662 0.00691932
295 -0.522913 0.00695101
296 -0.505127 0.00651091
297 -0.485176 0.00728521
298 -0.464732 0.00769956
299 -0.439977 0.00802254
