0	135.702	164.473
1	117.187	143.958
2	110.908	126.348
3	98.6692	114.098
4	85.8166	104.863
5	85.8166	94.5647
6	78.8404	86.1653
7	78.8404	83.6236
8	75.6057	78.942
9	74.462	77.46
10	72.2734	75.2098
11	68.8829	73.25
12	66.7358	70.4701
13	64.4741	67.7477
14	61.1054	65.3335
15	59.7505	63.003
16	57.8857	60.2511
17	57.778	58.9139
18	54.4937	57.8322
19	53.9502	56.2991
20	53.497	54.161
21	52.0934	53.7496
22	52.0934	52.9007
23	52.0934	52.0934
24	52.0934	52.0934
25	52.0934	52.0934
26	52.066	52.0934
27	50.7896	52.0765
28	50.7622	51.4774
29	50.7622	50.7675
30	50.7622	50.7622
31	50.7622	50.7622
32	50.7622	50.7622
33	50.7622	50.7622
34	50.7622	50.7622
35	50.7622	50.7622
36	50.7622	50.7622
37	50.7622	50.7622
38	50.7622	50.7622
39	50.7622	50.7622
40	50.7622	50.7622
41	50.7622	50.7622
42	50.7622	50.7622
43	50.7622	50.7622
44	50.4492	50.7614
45	50.4492	50.6221
46	50.4492	50.4492
47	50.4492	50.4492
48	50.4492	50.4492
49	50.4492	50.4492
50	50.4492	50.4492
51	50.4492	50.4492
52	50.4492	50.4492
53	50.4492	50.4492
54	50.4492	50.4492
55	50.4492	50.4492
56	50.4492	50.4492
57	50.4492	50.4492
58	50.4492	50.4492
59	50.4492	50.4492
60	50.4492	50.4492
61	50.4492	50.4492
62	50.4492	50.4492
63	50.4492	50.4492
64	50.4492	50.4492
65	50.4492	50.4492
66	50.4492	50.4492
67	49.8292	50.4477
68	49.8292	50.2725
69	49.8292	49.8292
70	48.8244	49.8267
71	48.8244	49.372
72	48.8244	48.8244
73	48.8244	48.8244
74	48.8244	48.8244
75	48.4814	48.8236
76	48.4814	48.6727
77	48.4814	48.4814
78	48.4814	48.4814
79	48.4814	48.4814
80	48.4814	48.4814
81	48.4814	48.4814
82	48.4814	48.4814
83	48.4814	48.4814
84	48.4814	48.4814
85	48.4814	48.4814
86	48.4814	48.4814
87	48.4814	48.4814
88	48.4814	48.4814
89	48.4814	48.4814
90	48.4814	48.4814
91	48.4814	48.4814
92	48.4814	48.4814
93	48.4814	48.4814
94	48.4814	48.4814
95	48.4814	48.4814
96	48.4814	48.4814
97	48.4814	48.4814
98	48.4814	48.4814
99	48.4814	48.4814
100	48.4814	48.4814
101	48.4814	48.4814
102	48.4814	48.4814
103	48.4814	48.4814
104	48.4814	48.4814
105	48.4814	48.4814
106	48.4814	48.4814
107	48.4814	48.4814
108	48.4814	48.4814
109	48.4814	48.4814
110	48.4814	48.4814
111	48.4814	48.4814
112	48.4814	48.4814
113	48.4814	48.4814
114	48.4814	48.4814
115	48.4814	48.4814
116	48.4814	48.4814
117	48.4814	48.4814
118	48.4814	48.4814
119	48.4814	48.4814
120	48.4814	48.4814
121	48.4814	48.4814
122	48.4814	48.4814
123	48.4814	48.4814
124	48.4814	48.4814
125	48.4814	48.4814
126	48.4814	48.4814
127	48.4814	48.4814
128	48.4814	48.4814
129	48.4814	48.4814
130	48.4814	48.4814
131	48.4814	48.4814
132	48.4814	48.4814
133	48.4814	48.4814
134	48.4814	48.4814
135	48.4814	48.4814
136	48.4814	48.4814
137	48.4814	48.4814
138	48.4814	48.4814
139	48.4814	48.4814
140	48.4814	48.4814
141	48.4814	48.4814
142	48.4814	48.4814
143	48.4814	48.4814
144	48.4814	48.4814
145	48.4814	48.4814
146	48.4814	48.4814
147	48.4814	48.4814
148	48.4814	48.4814
149	48.4814	48.4814
150	48.4814	48.4814
151	48.4814	48.4814
152	48.4814	48.4814
153	48.4814	48.4814
154	48.4814	48.4814
155	48.4814	48.4814
156	48.4814	48.4814
157	48.4814	48.4814
158	48.4814	48.4814
159	48.4814	48.4814
160	48.4814	48.4814
161	48.4814	48.4814
162	48.4814	48.4814
163	48.4814	48.4814
164	48.4814	48.4814
165	48.4814	48.4814
166	48.4814	48.4814
167	48.4814	48.4814
168	48.4814	48.4814
169	48.4814	48.4814
170	48.4814	48.4814
171	48.4814	48.4814
172	48.4814	48.4814
173	48.4814	48.4814
174	48.4814	48.4814
175	48.4814	48.4814
176	48.4814	48.4814
177	48.4814	48.4814
178	48.4814	48.4814
179	48.4814	48.4814
180	48.4814	48.4814
181	48.4814	48.4814
182	48.4814	48.4814
183	48.4814	48.4814
184	48.4814	48.4814
185	48.4814	48.4814
186	48.4814	48.4814
187	48.4814	48.4814
188	48.4814	48.4814
189	48.4814	48.4814
190	48.4814	48.4814
191	48.4814	48.4814
192	48.4814	48.4814
193	48.4814	48.4814
194	48.4814	48.4814
195	48.4814	48.4814
196	48.4814	48.4814
197	48.4814	48.4814
198	48.4814	48.4814
199	48.4814	48.4814
200	48.4814	48.4814
201	48.4814	48.4814
202	48.4814	48.4814
203	48.4814	48.4814
204	48.4814	48.4814
205	48.4814	48.4814
206	48.4814	48.4814
207	48.4814	48.4814
208	48.4814	48.4814
209	48.4814	48.4814
210	48.4814	48.4814
211	48.4814	48.4814
212	48.4814	48.4814
213	48.4814	48.4814
214	48.4814	48.4814
215	48.4814	48.4814
216	48.4814	48.4814
217	48.4814	48.4814
218	48.4814	48.4814
219	48.4814	48.4814
220	48.4814	48.4814
221	48.4814	48.4814
222	48.4814	48.4814
223	48.4814	48.4814
224	48.4814	48.4814
225	48.4814	48.4814
226	48.4814	48.4814
227	48.4814	48.4814
228	48.4814	48.4814
229	48.4814	48.4814
230	48.4814	48.4814
231	48.4814	48.4814
232	48.4814	48.4814
233	48.4814	48.4814
234	48.4814	48.4814
235	48.4814	48.4814
236	48.4814	48.4814
237	48.4814	48.4814
238	48.4814	48.4814
239	48.4814	48.4814
240	48.4814	48.4814
241	48.4814	48.4814
242	48.4814	48.4814
243	48.4814	48.4814
244	48.4814	48.4814
245	48.4814	48.4814
246	48.4814	48.4814
247	48.4814	48.4814
248	48.4814	48.4814
249	48.4814	48.4814
250	48.4814	48.4814
251	48.4814	48.4814
252	48.4814	48.4814
253	48.4814	48.4814
254	48.4814	48.4814
255	48.4814	48.4814
256	48.4814	48.4814
257	48.4814	48.4814
258	48.4814	48.4814
259	48.4814	48.4814
260	48.4814	48.4814
261	48.4814	48.4814
262	48.4814	48.4814
263	48.4814	48.4814
264	48.4814	48.4814
265	48.4814	48.4814
266	48.4814	48.4814
267	48.4814	48.4814
268	48.4814	48.4814
269	48.4814	48.4814
270	48.4814	48.4814
271	48.4814	48.4814
272	48.4814	48.4814
273	48.4814	48.4814
274	48.4814	48.4814
275	48.4814	48.4814
276	48.4814	48.4814
277	48.4814	48.4814
278	48.4814	48.4814
279	48.4814	48.4814
280	48.4814	48.4814
281	48.4814	48.4814
282	48.4814	48.4814
283	48.4814	48.4814
284	48.4814	48.4814
285	48.4814	48.4814
286	48.4814	48.4814
287	48.4814	48.4814
288	48.4814	48.4814
289	48.4814	48.4814
290	48.4814	48.4814
291	48.4814	48.4814
292	48.4814	48.4814
293	48.4814	48.4814
294	48.4814	48.4814
295	48.4814	48.4814
296	48.4814	48.4814
297	48.4814	48.4814
298	48.4814	48.4814
299	48.4814	48.4814
300	48.4814	48.4814
301	48.4814	48.4814
302	48.4814	48.4814
303	48.4814	48.4814
304	48.4814	48.4814
305	48.4814	48.4814
306	48.4814	48.4814
307	48.4814	48.4814
308	48.4814	48.4814
309	48.4814	48.4814
310	48.4814	48.4814
311	48.4814	48.4814
312	48.4814	48.4814
313	48.4814	48.4814
314	48.4814	48.4814
315	48.4814	48.4814
316	48.4814	48.4814
317	48.4814	48.4814
318	48.4814	48.4814
319	48.4814	48.4814
320	48.4814	48.4814
321	48.4814	48.4814
322	48.4814	48.4814
323	48.4814	48.4814
324	48.4814	48.4814
325	48.4814	48.4814
326	48.4814	48.4814
327	48.4814	48.4814
328	48.4814	48.4814
329	48.4814	48.4814
330	48.4814	48.4814
331	48.4814	48.4814
332	48.4814	48.4814
333	48.4814	48.4814
334	48.4814	48.4814
335	48.4814	48.4814
336	48.4814	48.4814
337	48.4814	48.4814
338	48.4814	48.4814
339	48.4814	48.4814
340	48.4814	48.4814
341	48.4814	48.4814
342	48.4814	48.4814
343	48.4814	48.4814
344	48.4814	48.4814
345	48.4814	48.4814
346	48.4814	48.4814
347	48.4814	48.4814
348	48.4814	48.4814
349	48.4814	48.4814
350	48.4814	48.4814
351	48.4814	48.4814
352	48.4814	48.4814
353	48.4814	48.4814
354	48.4814	48.4814
355	48.4814	48.4814
356	48.4814	48.4814
357	48.4814	48.4814
358	48.4814	48.4814
359	48.4814	48.4814
360	48.4814	48.4814
361	48.4814	48.4814
362	48.4814	48.4814
363	48.4814	48.4814
364	48.4814	48.4814
365	48.4814	48.4814
366	48.4814	48.4814
367	48.4814	48.4814
368	48.4814	48.4814
369	48.4814	48.4814
370	48.4814	48.4814
371	48.4814	48.4814
372	48.4814	48.4814
373	48.4814	48.4814
374	48.4814	48.4814
375	48.4814	48.4814
376	48.4814	48.4814
377	48.4814	48.4814
378	48.4814	48.4814
379	48.4814	48.4814
380	48.4814	48.4814
381	48.4814	48.4814
382	48.4814	48.4814
383	48.4814	48.4814
384	48.4814	48.4814
385	48.4814	48.4814
386	48.4814	48.4814
387	48.4814	48.4814
388	48.4814	48.4814
389	48.4814	48.4814
390	48.4814	48.4814
391	48.4814	48.4814
392	48.4814	48.4814
393	48.4814	48.4814
394	48.4814	48.4814
395	48.4814	48.4814
396	48.4814	48.4814
397	48.4814	48.4814
398	48.4814	48.4814
399	48.4814	48.4814
400	48.4814	48.4814
401	48.4814	48.4814
402	48.4814	48.4814
403	48.4814	48.4814
404	48.4814	48.4814
405	48.4814	48.4814
406	48.4814	48.4814
407	48.4814	48.4814
408	48.4814	48.4814
409	48.4814	48.4814
410	48.4814	48.4814
411	48.4814	48.4814
412	48.4814	48.4814
413	48.4814	48.4814
414	48.4814	48.4814
415	48.4814	48.4814
416	48.4814	48.4814
417	48.4814	48.4814
418	48.4814	48.4814
419	48.4814	48.4814
420	48.4814	48.4814
421	48.4814	48.4814
422	48.4814	48.4814
423	48.4814	48.4814
424	48.4814	48.4814
425	48.4814	48.4814
426	48.4814	48.4814
427	48.4814	48.4814
428	48.4814	48.4814
429	48.4814	48.4814
430	48.4814	48.4814
431	48.4814	48.4814
432	48.4814	48.4814
433	48.4814	48.4814
434	48.4814	48.4814
435	48.4814	48.4814
436	48.4814	48.4814
437	48.4814	48.4814
438	48.4814	48.4814
439	48.4814	48.4814
440	48.4814	48.4814
441	48.4814	48.4814
442	48.4814	48.4814
443	48.4814	48.4814
444	48.4814	48.4814
445	48.4814	48.4814
446	48.4814	48.4814
447	48.4814	48.4814
448	48.4814	48.4814
449	48.4814	48.4814
450	48.4814	48.4814
451	48.4814	48.4814
452	48.4814	48.4814
453	48.4814	48.4814
454	48.4814	48.4814
455	48.4814	48.4814
456	48.4814	48.4814
457	48.4814	48.4814
458	48.4814	48.4814
459	48.4814	48.4814
460	48.4814	48.4814
461	48.4814	48.4814
462	48.4814	48.4814
463	48.4814	48.4814
464	48.4814	48.4814
465	48.4814	48.4814
466	48.4814	48.4814
467	48.4814	48.4814
468	48.4814	48.4814
469	48.4814	48.4814
470	48.4814	48.4814
471	48.4814	48.4814
472	48.4814	48.4814
473	48.4814	48.4814
474	48.4814	48.4814
475	48.4814	48.4814
476	48.4814	48.4814
477	48.4814	48.4814
478	48.4814	48.4814
479	48.4814	48.4814
480	48.4814	48.4814
481	48.4814	48.4814
482	48.4814	48.4814
483	48.4814	48.4814
484	48.4814	48.4814
485	48.4814	48.4814
486	48.4814	48.4814
487	48.4814	48.4814
488	48.4814	48.4814
489	48.4814	48.4814
490	48.4814	48.4814
491	48.4814	48.4814
492	48.4814	48.4814
493	48.4814	48.4814
494	48.4814	48.4814
495	48.4814	48.4814
496	48.4814	48.4814
497	48.4814	48.4814
498	48.4814	48.4814
499	48.4814	48.4814
500	48.4814	48.4814
501	48.4814	48.4814
502	48.4814	48.4814
503	48.4814	48.4814
504	48.4814	48.4814
505	48.4814	48.4814
506	48.4814	48.4814
507	48.4814	48.4814
508	48.4814	48.4814
509	48.4814	48.4814
510	48.4814	48.4814
511	48.4814	48.4814
512	48.4814	48.4814
513	48.4814	48.4814
514	48.4814	48.4814
515	48.4814	48.4814
516	48.4814	48.4814
517	48.4814	48.4814
518	48.4814	48.4814
519	48.4814	48.4814
520	48.4814	48.4814
521	48.4814	48.4814
522	48.4814	48.4814
523	48.4814	48.4814
524	48.4814	48.4814
525	48.4814	48.4814
526	48.4814	48.4814
527	48.4814	48.4814
528	48.4814	48.4814
529	48.4814	48.4814
530	48.4814	48.4814
531	48.4814	48.4814
532	48.4814	48.4814
533	48.4814	48.4814
534	48.4814	48.4814
535	48.4814	48.4814
536	48.4814	48.4814
537	48.4814	48.4814
538	48.4814	48.4814
539	48.4814	48.4814
540	48.4814	48.4814
541	48.4814	48.4814
542	48.4814	48.4814
543	48.4814	48.4814
544	48.4814	48.4814
545	48.4814	48.4814
546	48.4814	48.4814
547	48.4814	48.4814
548	48.4814	48.4814
549	48.4814	48.4814
550	48.4814	48.4814
551	48.4814	48.4814
552	48.4814	48.4814
553	48.4814	48.4814
554	48.4814	48.4814
555	48.4814	48.4814
556	48.4814	48.4814
557	48.4814	48.4814
558	48.4814	48.4814
559	48.4814	48.4814
560	48.4814	48.4814
561	48.4814	48.4814
562	48.4814	48.4814
563	48.4814	48.4814
564	48.4814	48.4814
565	48.4814	48.4814
566	48.4814	48.4814
567	48.4814	48.4814
568	48.4814	48.4814
569	48.4814	48.4814
570	48.4814	48.4814
571	48.4814	48.4814
572	48.4814	48.4814
573	48.4814	48.4814
574	48.4814	48.4814
575	48.4814	48.4814
576	48.4814	48.4814
577	48.4814	48.4814
578	48.4814	48.4814
579	48.4814	48.4814
580	48.4814	48.4814
581	48.4814	48.4814
582	48.4814	48.4814
583	48.4814	48.4814
584	48.4814	48.4814
585	48.4814	48.4814
586	48.4814	48.4814
587	48.4814	48.4814
588	48.4814	48.4814
589	48.4814	48.4814
590	48.4814	48.4814
591	48.4814	48.4814
592	48.4814	48.4814
593	48.4814	48.4814
594	48.4814	48.4814
595	48.4814	48.4814
596	48.4814	48.4814
597	48.4814	48.4814
598	48.4814	48.4814
599	48.4814	48.4814
600	48.4814	48.4814
601	48.4814	48.4814
602	48.4814	48.4814
603	48.4814	48.4814
604	48.4814	48.4814
605	48.4814	48.4814
606	48.4814	48.4814
607	48.4814	48.4814
608	48.4814	48.4814
609	48.4814	48.4814
610	48.4814	48.4814
611	48.4814	48.4814
612	48.4814	48.4814
613	48.4814	48.4814
614	48.4814	48.4814
615	48.4814	48.4814
616	48.4814	48.4814
617	48.4814	48.4814
618	48.4814	48.4814
619	48.4814	48.4814
620	48.4814	48.4814
621	48.4814	48.4814
622	48.4814	48.4814
623	48.4814	48.4814
624	48.4814	48.4814
625	48.4814	48.4814
626	48.4814	48.4814
627	48.4814	48.4814
628	48.4814	48.4814
629	48.4814	48.4814
630	48.4814	48.4814
631	48.4814	48.4814
632	48.4814	48.4814
633	48.4814	48.4814
634	48.4814	48.4814
635	48.4814	48.4814
636	48.4814	48.4814
637	48.4814	48.4814
638	48.4814	48.4814
639	48.4814	48.4814
640	48.4814	48.4814
641	48.4814	48.4814
642	48.4814	48.4814
643	48.4814	48.4814
644	48.4814	48.4814
645	48.4814	48.4814
646	48.4814	48.4814
647	48.4814	48.4814
648	48.4814	48.4814
649	48.4814	48.4814
650	48.4814	48.4814
651	48.4814	48.4814
652	48.4814	48.4814
653	48.4814	48.4814
654	48.4814	48.4814
655	48.4814	48.4814
656	48.4814	48.4814
657	48.4814	48.4814
658	48.4814	48.4814
659	48.4814	48.4814
660	48.4814	48.4814
661	48.4814	48.4814
662	48.4814	48.4814
663	48.4814	48.4814
664	48.4814	48.4814
665	48.4814	48.4814
666	48.4814	48.4814
667	48.4814	48.4814
668	48.4814	48.4814
669	48.4814	48.4814
670	48.4814	48.4814
671	48.4814	48.4814
672	48.4814	48.4814
673	48.4814	48.4814
674	48.4814	48.4814
675	48.4814	48.4814
676	48.4814	48.4814
677	48.4814	48.4814
678	48.4814	48.4814
679	48.4814	48.4814
680	48.4814	48.4814
681	48.4814	48.4814
682	48.4814	48.4814
683	48.4814	48.4814
684	48.4814	48.4814
685	48.4814	48.4814
686	48.4814	48.4814
687	48.4814	48.4814
688	48.4814	48.4814
689	48.4814	48.4814
690	48.4814	48.4814
691	48.4814	48.4814
692	48.4814	48.4814
693	48.4814	48.4814
694	48.4814	48.4814
695	48.4814	48.4814
696	48.4814	48.4814
697	48.4814	48.4814
698	48.4814	48.4814
699	48.4814	48.4814
700	48.4814	48.4814
701	48.4814	48.4814
702	48.4814	48.4814
703	48.4814	48.4814
704	48.4814	48.4814
705	48.4814	48.4814
706	48.4814	48.4814
707	48.4814	48.4814
708	48.4814	48.4814
709	48.4814	48.4814
710	48.4814	48.4814
711	48.4814	48.4814
712	48.4814	48.4814
713	48.4814	48.4814
714	48.4814	48.4814
715	48.4814	48.4814
716	48.4814	48.4814
717	48.4814	48.4814
718	48.4814	48.4814
719	48.4814	48.4814
720	48.4814	48.4814
721	48.4814	48.4814
722	48.4814	48.4814
723	48.4814	48.4814
724	48.4814	48.4814
725	48.4814	48.4814
726	48.4814	48.4814
727	48.4814	48.4814
728	48.4814	48.4814
729	48.4814	48.4814
730	48.4814	48.4814
731	48.4814	48.4814
732	48.4814	48.4814
733	48.4814	48.4814
734	48.4814	48.4814
735	48.4814	48.4814
736	48.4814	48.4814
737	48.4814	48.4814
738	48.4814	48.4814
739	48.4814	48.4814
740	48.4814	48.4814
741	48.4814	48.4814
742	48.4814	48.4814
743	48.4814	48.4814
744	48.4814	48.4814
745	48.4814	48.4814
746	48.4814	48.4814
747	48.4814	48.4814
748	48.4814	48.4814
749	48.4814	48.4814
750	48.4814	48.4814
751	48.4814	48.4814
752	48.4814	48.4814
753	48.4814	48.4814
754	48.4814	48.4814
755	48.4814	48.4814
756	48.4814	48.4814
757	48.4814	48.4814
758	48.4814	48.4814
759	48.4814	48.4814
760	48.4814	48.4814
761	48.4814	48.4814
762	48.4814	48.4814
763	48.4814	48.4814
764	48.4814	48.4814
765	48.4814	48.4814
766	48.4814	48.4814
767	48.4814	48.4814
768	48.4814	48.4814
769	48.4814	48.4814
770	48.4814	48.4814
771	48.4814	48.4814
772	48.4814	48.4814
773	48.4814	48.4814
774	48.4814	48.4814
775	48.4814	48.4814
776	48.4814	48.4814
777	48.4814	48.4814
778	48.4814	48.4814
779	48.4814	48.4814
780	48.4814	48.4814
781	48.4814	48.4814
782	48.4814	48.4814
783	48.4814	48.4814
784	48.4814	48.4814
785	48.4814	48.4814
786	48.4814	48.4814
787	48.4814	48.4814
788	48.4814	48.4814
789	48.4814	48.4814
790	48.4814	48.4814
791	48.4814	48.4814
792	48.4814	48.4814
793	48.4814	48.4814
794	48.4814	48.4814
795	48.4814	48.4814
796	48.4814	48.4814
797	48.4814	48.4814
798	48.4814	48.4814
799	48.4814	48.4814
800	48.4814	48.4814
801	48.4814	48.4814
802	48.4814	48.4814
803	48.4814	48.4814
804	48.4814	48.4814
805	48.4814	48.4814
806	48.4814	48.4814
807	48.4814	48.4814
808	48.4814	48.4814
809	48.4814	48.4814
810	48.4814	48.4814
811	48.4814	48.4814
812	48.4814	48.4814
813	48.4814	48.4814
814	48.4814	48.4814
815	48.4814	48.4814
816	48.4814	48.4814
817	48.4814	48.4814
818	48.4814	48.4814
819	48.4814	48.4814
820	48.4814	48.4814
821	48.4814	48.4814
822	48.4814	48.4814
823	48.4814	48.4814
824	48.4814	48.4814
825	48.4814	48.4814
826	48.4814	48.4814
827	48.4814	48.4814
828	48.4814	48.4814
829	48.4814	48.4814
830	48.4814	48.4814
831	48.4814	48.4814
832	48.4814	48.4814
833	48.4814	48.4814
834	48.4814	48.4814
835	48.4814	48.4814
836	48.4814	48.4814
837	48.4814	48.4814
838	48.4814	48.4814
839	48.4814	48.4814
840	48.4814	48.4814
841	48.4814	48.4814
842	48.4814	48.4814
843	48.4814	48.4814
844	48.4814	48.4814
845	48.4814	48.4814
846	48.4814	48.4814
847	48.4814	48.4814
848	48.4814	48.4814
849	48.4814	48.4814
850	48.4814	48.4814
851	48.4814	48.4814
852	48.4814	48.4814
853	48.4814	48.4814
854	48.4814	48.4814
855	48.4814	48.4814
856	48.4814	48.4814
857	48.4814	48.4814
858	48.4814	48.4814
859	48.4814	48.4814
860	48.4814	48.4814
861	48.4814	48.4814
862	48.4814	48.4814
863	48.4814	48.4814
864	48.4814	48.4814
865	48.4814	48.4814
866	48.4814	48.4814
867	48.4814	48.4814
868	48.4814	48.4814
869	48.4814	48.4814
870	48.4814	48.4814
871	48.4814	48.4814
872	48.4814	48.4814
873	48.4814	48.4814
874	48.4814	48.4814
875	48.4814	48.4814
876	48.4814	48.4814
877	48.4814	48.4814
878	48.4814	48.4814
879	48.4814	48.4814
880	48.4814	48.4814
881	48.4814	48.4814
882	48.4814	48.4814
883	48.4814	48.4814
884	48.4814	48.4814
885	48.4814	48.4814
886	48.4814	48.4814
887	48.4814	48.4814
888	48.4814	48.4814
889	48.4814	48.4814
890	48.4814	48.4814
891	48.4814	48.4814
892	48.4814	48.4814
893	48.4814	48.4814
894	48.4814	48.4814
895	48.4814	48.4814
896	48.4814	48.4814
897	48.4814	48.4814
898	48.4814	48.4814
899	48.4814	48.4814
900	48.4814	48.4814
901	48.4814	48.4814
902	48.4814	48.4814
903	48.4814	48.4814
904	48.4814	48.4814
905	48.4814	48.4814
906	48.4814	48.4814
907	48.4814	48.4814
908	48.4814	48.4814
909	48.4814	48.4814
910	48.4814	48.4814
911	48.4814	48.4814
912	48.4814	48.4814
913	48.4814	48.4814
914	48.4814	48.4814
915	48.4814	48.4814
916	48.4814	48.4814
917	48.4814	48.4814
918	48.4814	48.4814
919	48.4814	48.4814
920	48.4814	48.4814
921	48.4814	48.4814
922	48.4814	48.4814
923	48.4814	48.4814
924	48.4814	48.4814
925	48.4814	48.4814
926	48.4814	48.4814
927	48.4814	48.4814
928	48.4814	48.4814
929	48.4814	48.4814
930	48.4814	48.4814
931	48.4814	48.4814
932	48.4814	48.4814
933	48.4814	48.4814
934	48.4814	48.4814
935	48.4814	48.4814
936	48.4814	48.4814
937	48.4814	48.4814
938	48.4814	48.4814
939	48.4814	48.4814
940	48.4814	48.4814
941	48.4814	48.4814
942	48.4814	48.4814
943	48.4814	48.4814
944	48.4814	48.4814
945	48.4814	48.4814
946	48.4814	48.4814
947	48.4814	48.4814
948	48.4814	48.4814
949	48.4814	48.4814
950	48.4814	48.4814
951	48.4814	48.4814
952	48.4814	48.4814
953	48.4814	48.4814
954	48.4814	48.4814
955	48.4814	48.4814
956	48.4814	48.4814
957	48.4814	48.4814
958	48.4814	48.4814
959	48.4814	48.4814
960	48.4814	48.4814
961	48.4814	48.4814
962	48.4814	48.4814
963	48.4814	48.4814
964	48.4814	48.4814
965	48.4814	48.4814
966	48.4814	48.4814
967	48.4814	48.4814
968	48.4814	48.4814
969	48.4814	48.4814
970	48.4814	48.4814
971	48.4814	48.4814
972	48.4814	48.4814
973	48.4814	48.4814
974	48.4814	48.4814
975	48.4814	48.4814
976	48.4814	48.4814
977	48.4814	48.4814
978	48.4814	48.4814
979	48.4814	48.4814
980	48.4814	48.4814
981	48.4814	48.4814
982	48.4814	48.4814
983	48.4814	48.4814
984	48.4814	48.4814
985	48.4814	48.4814
986	48.4814	48.4814
987	48.4814	48.4814
988	48.4814	48.4814
989	48.4814	48.4814
990	48.4814	48.4814
991	48.4814	48.4814
992	48.4814	48.4814
993	48.4814	48.4814
994	48.4814	48.4814
995	48.4814	48.4814
996	48.4814	48.4814
997	48.4814	48.4814
998	48.4814	48.4814
999	48.4814	48.4814
1000	48.4814	48.4814
1001	48.4814	48.4814
1002	48.4814	48.4814
1003	48.4814	48.4814
1004	48.4814	48.4814
1005	48.4814	48.4814
1006	48.4814	48.4814
1007	48.4814	48.4814
1008	48.4814	48.4814
1009	48.4814	48.4814
1010	48.4814	48.4814
1011	48.4814	48.4814
1012	48.4814	48.4814
1013	48.4814	48.4814
1014	48.4814	48.4814
1015	48.4814	48.4814
1016	48.4814	48.4814
1017	48.4814	48.4814
1018	48.4814	48.4814
1019	48.4814	48.4814
1020	48.4814	48.4814
1021	48.4814	48.4814
1022	48.4814	48.4814
1023	48.4814	48.4814
1024	48.4814	48.4814
1025	48.4814	48.4814
1026	48.4814	48.4814
1027	48.4814	48.4814
1028	48.4814	48.4814
1029	48.4814	48.4814
1030	48.4814	48.4814
1031	48.4814	48.4814
1032	48.4814	48.4814
1033	48.4814	48.4814
1034	48.4814	48.4814
1035	48.4814	48.4814
1036	48.4814	48.4814
1037	48.4814	48.4814
1038	48.4814	48.4814
1039	48.4814	48.4814
1040	48.4814	48.4814
1041	48.4814	48.4814
1042	48.4814	48.4814
1043	48.4814	48.4814
1044	48.4814	48.4814
1045	48.4814	48.4814
1046	48.4814	48.4814
1047	48.4814	48.4814
1048	48.4814	48.4814
1049	48.4814	48.4814
1050	48.4814	48.4814
1051	48.4814	48.4814
1052	48.4814	48.4814
1053	48.4814	48.4814
1054	48.4814	48.4814
1055	48.4814	48.4814
1056	48.4814	48.4814
1057	48.4814	48.4814
1058	48.4814	48.4814
1059	48.4814	48.4814
1060	48.4814	48.4814
1061	48.4814	48.4814
1062	48.4814	48.4814
1063	48.4814	48.4814
1064	48.4814	48.4814
1065	48.4814	48.4814
1066	48.4814	48.4814
1067	48.4814	48.4814
1068	48.4814	48.4814
1069	48.4814	48.4814
1070	48.4814	48.4814
1071	48.4814	48.4814
1072	48.4814	48.4814
1073	48.4814	48.4814
1074	48.4814	48.4814
1075	48.4814	48.4814
1076	48.4814	48.4814
1077	48.4814	48.4814
1078	48.4814	48.4814
1079	48.4814	48.4814
1080	48.4814	48.4814
1081	48.4814	48.4814
1082	48.4814	48.4814
1083	48.4814	48.4814
1084	48.4814	48.4814
1085	48.4814	48.4814
1086	48.4814	48.4814
1087	48.4814	48.4814
1088	48.4814	48.4814
1089	48.4814	48.4814
1090	48.4814	48.4814
1091	48.4814	48.4814
1092	48.4814	48.4814
1093	48.4814	48.4814
1094	48.4814	48.4814
1095	48.4814	48.4814
1096	48.4814	48.4814
1097	48.4814	48.4814
1098	48.4814	48.4814
1099	48.4814	48.4814
1100	48.4814	48.4814
1101	48.4814	48.4814
1102	48.4814	48.4814
1103	48.4814	48.4814
1104	48.4814	48.4814
1105	48.4814	48.4814
1106	48.4814	48.4814
1107	48.4814	48.4814
1108	48.4814	48.4814
1109	48.4814	48.4814
1110	48.4814	48.4814
1111	48.4814	48.4814
1112	48.4814	48.4814
1113	48.4814	48.4814
1114	48.4814	48.4814
1115	48.4814	48.4814
1116	48.4814	48.4814
1117	48.4814	48.4814
1118	48.4814	48.4814
1119	48.4814	48.4814
1120	48.4814	48.4814
1121	48.4814	48.4814
1122	48.4814	48.4814
1123	48.4814	48.4814
1124	48.4814	48.4814
1125	48.4814	48.4814
1126	48.4814	48.4814
1127	48.4814	48.4814
1128	48.4814	48.4814
1129	48.4814	48.4814
1130	48.4814	48.4814
1131	48.4814	48.4814
1132	48.4814	48.4814
1133	48.4814	48.4814
1134	48.4814	48.4814
1135	48.4814	48.4814
1136	48.4814	48.4814
1137	48.4814	48.4814
1138	48.4814	48.4814
1139	48.4814	48.4814
1140	48.4814	48.4814
1141	48.4814	48.4814
1142	48.4814	48.4814
1143	48.4814	48.4814
1144	48.4814	48.4814
1145	48.4814	48.4814
1146	48.4814	48.4814
1147	48.4814	48.4814
1148	48.4814	48.4814
1149	48.4814	48.4814
1150	48.4814	48.4814
1151	48.4814	48.4814
1152	48.4814	48.4814
1153	48.4814	48.4814
1154	48.4814	48.4814
1155	48.4814	48.4814
1156	48.4814	48.4814
1157	48.4814	48.4814
1158	48.4814	48.4814
1159	48.4814	48.4814
1160	48.4814	48.4814
1161	48.4814	48.4814
1162	48.4814	48.4814
1163	48.4814	48.4814
1164	48.4814	48.4814
1165	48.4814	48.4814
1166	48.4814	48.4814
1167	48.4814	48.4814
1168	48.4814	48.4814
1169	48.4814	48.4814
1170	48.4814	48.4814
1171	48.4814	48.4814
1172	48.4814	48.4814
1173	48.4814	48.4814
1174	48.4814	48.4814
1175	48.4814	48.4814
1176	48.4814	48.4814
1177	48.4814	48.4814
1178	48.4814	48.4814
1179	48.4814	48.4814
1180	48.4814	48.4814
1181	48.4814	48.4814
1182	48.4814	48.4814
1183	48.4814	48.4814
1184	48.4814	48.4814
1185	48.4814	48.4814
1186	48.4814	48.4814
1187	48.4814	48.4814
1188	48.4814	48.4814
1189	48.4814	48.4814
1190	48.4814	48.4814
1191	48.4814	48.4814
1192	48.4814	48.4814
1193	48.4814	48.4814
1194	48.4814	48.4814
1195	48.4814	48.4814
1196	48.4814	48.4814
1197	48.4814	48.4814
1198	48.4814	48.4814
1199	48.4814	48.4814
1200	48.4814	48.4814
1201	48.4814	48.4814
1202	48.4814	48.4814
1203	48.4814	48.4814
1204	48.4814	48.4814
1205	48.4814	48.4814
1206	48.4814	48.4814
1207	48.4814	48.4814
1208	48.4814	48.4814
1209	48.4814	48.4814
1210	48.4814	48.4814
1211	48.4814	48.4814
1212	48.4814	48.4814
1213	48.4814	48.4814
1214	48.4814	48.4814
1215	48.4814	48.4814
1216	48.4814	48.4814
1217	48.4814	48.4814
1218	48.4814	48.4814
1219	48.4814	48.4814
1220	48.4814	48.4814
1221	48.4814	48.4814
1222	48.4814	48.4814
1223	48.4814	48.4814
1224	48.4814	48.4814
1225	48.4814	48.4814
1226	48.4814	48.4814
1227	48.4814	48.4814
1228	48.4814	48.4814
1229	48.4814	48.4814
1230	48.4814	48.4814
1231	48.4814	48.4814
1232	48.4814	48.4814
1233	48.4814	48.4814
1234	48.4814	48.4814
1235	48.4814	48.4814
1236	48.4814	48.4814
1237	48.4814	48.4814
1238	48.4814	48.4814
1239	48.4814	48.4814
1240	48.4814	48.4814
1241	48.4814	48.4814
1242	48.4814	48.4814
1243	48.4814	48.4814
1244	48.4814	48.4814
1245	48.4814	48.4814
1246	48.4814	48.4814
1247	48.4814	48.4814
1248	48.4814	48.4814
1249	48.4814	48.4814
1250	48.4814	48.4814
1251	48.4814	48.4814
1252	48.4814	48.4814
1253	48.4814	48.4814
1254	48.4814	48.4814
1255	48.4814	48.4814
1256	48.4814	48.4814
1257	48.4814	48.4814
1258	48.4814	48.4814
1259	48.4814	48.4814
1260	48.4814	48.4814
1261	48.4814	48.4814
1262	48.4814	48.4814
1263	48.4814	48.4814
1264	48.4814	48.4814
1265	48.4814	48.4814
1266	48.4814	48.4814
1267	48.4814	48.4814
1268	48.4814	48.4814
1269	48.4814	48.4814
1270	48.4814	48.4814
1271	48.4814	48.4814
1272	48.4814	48.4814
1273	48.4814	48.4814
1274	48.4814	48.4814
1275	48.4814	48.4814
1276	48.4814	48.4814
1277	48.4814	48.4814
1278	48.4814	48.4814
1279	48.4814	48.4814
1280	48.4814	48.4814
1281	48.4814	48.4814
1282	48.4814	48.4814
1283	48.4814	48.4814
1284	48.4814	48.4814
1285	48.4814	48.4814
1286	48.4814	48.4814
1287	48.4814	48.4814
1288	48.4814	48.4814
1289	48.4814	48.4814
1290	48.4814	48.4814
1291	48.4814	48.4814
1292	48.4814	48.4814
1293	48.4814	48.4814
1294	48.4814	48.4814
1295	48.4814	48.4814
1296	48.4814	48.4814
1297	48.4814	48.4814
1298	48.4814	48.4814
1299	48.4814	48.4814
1300	48.4814	48.4814
1301	48.4814	48.4814
1302	48.4814	48.4814
1303	48.4814	48.4814
1304	48.4814	48.4814
1305	48.4814	48.4814
1306	48.4814	48.4814
1307	48.4814	48.4814
1308	48.4814	48.4814
1309	48.4814	48.4814
1310	48.4814	48.4814
1311	48.4814	48.4814
1312	48.4814	48.4814
1313	48.4814	48.4814
1314	48.4814	48.4814
1315	48.4814	48.4814
1316	48.4814	48.4814
1317	48.4814	48.4814
1318	48.4814	48.4814
1319	48.4814	48.4814
1320	48.4814	48.4814
1321	48.4814	48.4814
1322	48.4814	48.4814
1323	48.4814	48.4814
1324	48.4814	48.4814
1325	48.4814	48.4814
1326	48.4814	48.4814
1327	48.4814	48.4814
1328	48.4814	48.4814
1329	48.4814	48.4814
1330	48.4814	48.4814
1331	48.4814	48.4814
1332	48.4814	48.4814
1333	48.4814	48.4814
1334	48.4814	48.4814
1335	48.4814	48.4814
1336	48.4814	48.4814
1337	48.4814	48.4814
1338	48.4814	48.4814
1339	48.4814	48.4814
1340	48.4814	48.4814
1341	48.4814	48.4814
1342	48.4814	48.4814
1343	48.4814	48.4814
1344	48.4814	48.4814
1345	48.4814	48.4814
1346	48.4814	48.4814
1347	48.4814	48.4814
1348	48.4814	48.4814
1349	48.4814	48.4814
1350	48.4814	48.4814
1351	48.4814	48.4814
1352	48.4814	48.4814
1353	48.4814	48.4814
1354	48.4814	48.4814
1355	48.4814	48.4814
1356	48.4814	48.4814
1357	48.4814	48.4814
1358	48.4814	48.4814
1359	48.4814	48.4814
1360	48.4814	48.4814
1361	48.4814	48.4814
1362	48.4814	48.4814
1363	48.4814	48.4814
1364	48.4814	48.4814
1365	48.4814	48.4814
1366	48.4814	48.4814
1367	48.4814	48.4814
1368	48.4814	48.4814
1369	48.4814	48.4814
1370	48.4814	48.4814
1371	48.4814	48.4814
1372	48.4814	48.4814
1373	48.4814	48.4814
1374	48.4814	48.4814
1375	48.4814	48.4814
1376	48.4814	48.4814
1377	48.4814	48.4814
1378	48.4814	48.4814
1379	48.4814	48.4814
1380	48.4814	48.4814
1381	48.4814	48.4814
1382	48.4814	48.4814
1383	48.4814	48.4814
1384	48.4814	48.4814
1385	48.4814	48.4814
1386	48.4814	48.4814
1387	48.4814	48.4814
1388	48.4814	48.4814
1389	48.4814	48.4814
1390	48.4814	48.4814
1391	48.4814	48.4814
1392	48.4814	48.4814
1393	48.4814	48.4814
1394	48.4814	48.4814
1395	48.4814	48.4814
1396	48.4814	48.4814
1397	48.4814	48.4814
1398	48.4814	48.4814
1399	48.4814	48.4814
1400	48.4814	48.4814
1401	48.4814	48.4814
1402	48.4814	48.4814
1403	48.4814	48.4814
1404	48.4814	48.4814
1405	48.4814	48.4814
1406	48.4814	48.4814
1407	48.4814	48.4814
1408	48.4814	48.4814
1409	48.4814	48.4814
1410	48.4814	48.4814
1411	48.4814	48.4814
1412	48.4814	48.4814
1413	48.4814	48.4814
1414	48.4814	48.4814
1415	48.4814	48.4814
1416	48.4814	48.4814
1417	48.4814	48.4814
1418	48.4814	48.4814
1419	48.4814	48.4814
1420	48.4814	48.4814
1421	48.4814	48.4814
1422	48.4814	48.4814
1423	48.4814	48.4814
1424	48.4814	48.4814
1425	48.4814	48.4814
1426	48.4814	48.4814
1427	48.4814	48.4814
1428	48.4814	48.4814
1429	48.4814	48.4814
1430	48.4814	48.4814
1431	48.4814	48.4814
1432	48.4814	48.4814
1433	48.4814	48.4814
1434	48.4814	48.4814
1435	48.4814	48.4814
1436	48.4814	48.4814
1437	48.4814	48.4814
1438	48.4814	48.4814
1439	48.4814	48.4814
1440	48.4814	48.4814
1441	48.4814	48.4814
1442	48.4814	48.4814
1443	48.4814	48.4814
1444	48.4814	48.4814
1445	48.4814	48.4814
1446	48.4814	48.4814
1447	48.4814	48.4814
1448	48.4814	48.4814
1449	48.4814	48.4814
1450	48.4814	48.4814
1451	48.4814	48.4814
1452	48.4814	48.4814
1453	48.4814	48.4814
1454	48.4814	48.4814
1455	48.4814	48.4814
1456	48.4814	48.4814
1457	48.4814	48.4814
1458	48.4814	48.4814
1459	48.4814	48.4814
1460	48.4814	48.4814
1461	48.4814	48.4814
1462	48.4814	48.4814
1463	48.4814	48.4814
1464	48.4814	48.4814
1465	48.4814	48.4814
1466	48.4814	48.4814
1467	48.4814	48.4814
1468	48.4814	48.4814
1469	48.4814	48.4814
1470	48.4814	48.4814
1471	48.4814	48.4814
1472	48.4814	48.4814
1473	48.4814	48.4814
1474	48.4814	48.4814
1475	48.4814	48.4814
1476	48.4814	48.4814
1477	48.4814	48.4814
1478	48.4814	48.4814
1479	48.4814	48.4814
1480	48.4814	48.4814
1481	48.4814	48.4814
1482	48.4814	48.4814
1483	48.4814	48.4814
1484	48.4814	48.4814
1485	48.4814	48.4814
1486	48.4814	48.4814
1487	48.4814	48.4814
1488	48.4814	48.4814
1489	48.4814	48.4814
1490	48.4814	48.4814
1491	48.4814	48.4814
1492	48.4814	48.4814
1493	48.4814	48.4814
1494	48.4814	48.4814
1495	48.4814	48.4814
1496	48.4814	48.4814
1497	48.4814	48.4814
1498	48.4814	48.4814
1499	48.4814	48.4814
1500	48.4814	48.4814
