-1.13879	-0.23547	-1.67577
-0.808103	-0.199849	-0.343533
1.42324	-1.39297	-3.01828
1.42324	-1.39297	-3.01828
1.68992	-2.3097	-4.21657
1.68992	-2.3097	-4.21657
1.22542	-0.538224	-5.88311
1.22542	-0.538224	-5.88311
-0.175464	-1.25841	-6.19933
-2.85491	-0.374678	-5.83661
-2.85491	-0.374678	-5.83661
-1.34892	2.46163	-4.90344
-0.368316	-0.506537	-6.40402
-2.92042	-3.29722	-7.55091
-2.92042	-3.29722	-7.55091
-0.0764492	-3.25853	-6.70963
-0.432837	-4.95124	-4.50755
-0.432837	-4.95124	-4.50755
-0.432837	-4.95124	-4.50755
2.0707	-4.42099	-3.82833
1.07057	-2.5102	-1.31432
-0.596761	-1.0703	-1.57819
-0.596761	-1.0703	-1.57819
1.4996	-0.595924	-3.19658
1.4996	-0.595924	-3.19658
-0.0126991	2.29719	-3.47796
2.38276	-0.181194	-4.92568
2.38276	-0.181194	-4.92568
-0.238182	1.63773	-2.17838
-0.743846	-0.358284	-3.50579
-0.743846	-0.358284	-3.50579
-0.743846	-0.358284	-3.50579
-0.743846	-0.358284	-3.50579
-0.743846	-0.358284	-3.50579
-0.743846	-0.358284	-3.50579
-0.895421	0.148543	-5.13393
1.60953	0.142089	-2.55681
1.60953	0.142089	-2.55681
1.21912	-0.912735	-2.82038
1.21912	-0.912735	-2.82038
1.21912	-0.912735	-2.82038
-1.33062	-3.06833	-5.66278
-3.03615	-1.3204	-4.25051
-0.972753	-0.611383	-2.79555
-0.972753	-0.611383	-2.79555
-0.972753	-0.611383	-2.79555
0.848904	-0.967954	-4.25704
0.848904	-0.967954	-4.25704
2.12962	-1.00827	-2.574
2.12962	-1.00827	-2.574
1.053	1.42658	-0.478924
1.96174	0.672803	-1.92761
1.96174	0.672803	-1.92761
1.96174	0.672803	-1.92761
-0.589191	-1.14538	-3.62287
1.37298	-0.0738589	-2.5035
0.976153	0.008827	-4.01785
0.0137353	-2.6738	-2.73899
0.0137353	-2.6738	-2.73899
0.0137353	-2.6738	-2.73899
0.0137353	-2.6738	-2.73899
0.0137353	-2.6738	-2.73899
0.0137353	-2.6738	-2.73899
0.0137353	-2.6738	-2.73899
0.0137353	-2.6738	-2.73899
0.0137353	-2.6738	-2.73899
0.0137353	-2.6738	-2.73899
0.0137353	-2.6738	-2.73899
-0.669563	-1.29466	-2.57401
-0.669563	-1.29466	-2.57401
-0.669563	-1.29466	-2.57401
-0.669563	-1.29466	-2.57401
-0.669563	-1.29466	-2.57401
-2.07802	-1.97907	-3.3838
-0.461161	0.207511	-1.24808
-0.461161	0.207511	-1.24808
-0.461161	0.207511	-1.24808
-0.461161	0.207511	-1.24808
-0.142631	-0.180167	-2.54676
-0.142631	-0.180167	-2.54676
-0.124677	-0.713451	-1.20612
-0.124677	-0.713451	-1.20612
-0.124677	-0.713451	-1.20612
-0.124677	-0.713451	-1.20612
-0.124677	-0.713451	-1.20612
-0.124677	-0.713451	-1.20612
-0.547424	-0.282956	-3.94151
-0.547424	-0.282956	-3.94151
-1.18521	1.02594	-3.38659
-1.18521	1.02594	-3.38659
-1.18521	1.02594	-3.38659
-1.18521	1.02594	-3.38659
-1.18521	1.02594	-3.38659
-1.18521	1.02594	-3.38659
-1.18521	1.02594	-3.38659
-1.18521	1.02594	-3.38659
-1.18521	1.02594	-3.38659
-1.18521	1.02594	-3.38659
-0.192372	0.200316	-3.96242
-0.192372	0.200316	-3.96242
-1.85437	0.0472493	-3.53508
0.208644	-0.439833	-5.57891
-2.69248	0.460752	-4.4947
-1.56564	-1.00631	-5.06161
-2.29238	-0.361096	-3.37217
-2.29238	-0.361096	-3.37217
-2.29238	-0.361096	-3.37217
-2.29238	-0.361096	-3.37217
-0.0657621	1.17655	-0.829439
0.687204	0.76484	-2.74905
0.687204	0.76484	-2.74905
0.687204	0.76484	-2.74905
-0.101404	-1.61016	-1.48538
-0.302996	0.618925	-3.42806
-0.97944	3.26145	-1.22668
-0.97944	3.26145	-1.22668
1.7217	1.10979	-1.18588
1.77551	1.95007	-2.38537
1.77551	1.95007	-2.38537
1.77551	1.95007	-2.38537
1.77551	1.95007	-2.38537
1.38585	-0.0434355	-4.7203
1.38585	-0.0434355	-4.7203
1.38585	-0.0434355	-4.7203
1.38585	-0.0434355	-4.7203
-1.53795	1.75719	-4.19531
-4.3758	1.1148	-4.06969
-2.67958	2.36865	-3.41968
-3.59344	3.84155	-6.29457
-3.59344	3.84155	-6.29457
-3.59344	3.84155	-6.29457
-3.59344	3.84155	-6.29457
-3.32382	3.9321	-5.49905
-3.04131	1.24185	-7.56251
-2.94104	-0.186104	-6.62699
-4.59443	-1.53511	-4.24488
-3.14718	-0.966142	-4.09958
-2.4202	1.42678	-5.56924
-2.35122	3.84279	-3.89215
-2.35122	3.84279	-3.89215
0.608696	6.47238	-4.05032
3.20294	4.29887	-6.66037
3.20294	4.29887	-6.66037
4.43335	1.62255	-5.3219
3.00986	3.3163	-4.12106
3.00986	3.3163	-4.12106
4.97233	2.37977	-1.40302
4.97233	2.37977	-1.40302
4.97233	2.37977	-1.40302
7.87179	2.16077	1.49075
5.044	0.86391	3.40877
6.91188	1.42345	2.69792
6.91188	1.42345	2.69792
3.98877	3.66128	5.52166
3.2327	3.54708	6.26298
4.42283	4.674	5.55052
4.42283	4.674	5.55052
4.42283	4.674	5.55052
6.3373	3.25837	6.45819
6.3373	3.25837	6.45819
3.46468	0.803527	9.21755
5.85252	0.00183553	8.18283
5.85252	0.00183553	8.18283
4.71475	2.68361	6.92377
4.71475	2.68361	6.92377
4.71475	2.68361	6.92377
5.54964	2.20462	5.81381
3.97187	3.67713	7.14075
2.21846	6.0851	4.51205
2.21846	6.0851	4.51205
2.21846	6.0851	4.51205
1.79249	5.75025	2.02934
1.02441	4.6259	4.07182
1.02441	4.6259	4.07182
1.02441	4.6259	4.07182
1.02441	4.6259	4.07182
1.02441	4.6259	4.07182
1.02441	4.6259	4.07182
1.02441	4.6259	4.07182
0.721783	6.07587	5.14884
0.721783	6.07587	5.14884
0.538986	7.0335	2.82441
0.538986	7.0335	2.82441
-0.312633	5.27683	1.21088
-3.19948	2.70317	1.27406
-3.8257	2.47385	1.63294
-3.8257	2.47385	1.63294
-3.8257	2.47385	1.63294
-3.8257	2.47385	1.63294
-3.8257	2.47385	1.63294
-3.83091	1.48584	2.35342
-3.83091	1.48584	2.35342
-3.70149	2.41847	3.4124
-3.70149	2.41847	3.4124
-3.70149	2.41847	3.4124
-2.33083	-0.0583427	2.71519
-2.33083	-0.0583427	2.71519
-3.30948	0.442125	3.80275
-3.30948	0.442125	3.80275
-3.30948	0.442125	3.80275
-1.25625	-0.964376	4.50264
-1.29583	1.94829	4.10847
-0.429079	1.62742	1.94819
-0.429079	1.62742	1.94819
-0.429079	1.62742	1.94819
-0.429079	1.62742	1.94819
-1.43869	-0.877384	1.10121
-1.84987	-0.589452	1.59775
-1.84987	-0.589452	1.59775
0.297846	-0.709657	3.91304
0.297846	-0.709657	3.91304
0.297846	-0.709657	3.91304
0.297846	-0.709657	3.91304
1.73901	-0.0663226	4.02959
1.36684	1.31808	1.85053
1.36684	1.31808	1.85053
1.36684	1.31808	1.85053
1.36684	1.31808	1.85053
1.36684	1.31808	1.85053
1.36684	1.31808	1.85053
1.36684	1.31808	1.85053
1.36684	1.31808	1.85053
1.36684	1.31808	1.85053
1.36684	1.31808	1.85053
1.36684	1.31808	1.85053
1.36684	1.31808	1.85053
1.36684	1.31808	1.85053
-0.171694	2.66821	2.59672
-0.171694	2.66821	2.59672
-0.171694	2.66821	2.59672
1.8415	2.27102	2.18643
-0.710963	1.17089	4.37729
-1.46949	0.0489944	2.84607
-0.701096	0.693316	1.74441
-2.17979	0.159942	3.06318
-2.17979	0.159942	3.06318
-1.10174	1.68845	4.08589
-1.10174	1.68845	4.08589
-1.10174	1.68845	4.08589
-1.10174	1.68845	4.08589
-1.0848	-1.04685	6.85044
-3.08628	-1.65693	7.13241
-3.08628	-1.65693	7.13241
-1.30317	-2.26098	6.34686
-1.30317	-2.26098	6.34686
-1.30317	-2.26098	6.34686
0.260609	0.507835	6.97616
0.260609	0.507835	6.97616
0.260609	0.507835	6.97616
0.260609	0.507835	6.97616
0.260609	0.507835	6.97616
0.666989	0.292616	8.47668
-0.849632	-0.564711	11.0088
-0.849632	-0.564711	11.0088
-0.849632	-0.564711	11.0088
-0.849632	-0.564711	11.0088
-2.82778	-3.31808	9.01779
-2.82778	-3.31808	9.01779
-2.04846	-2.49938	10.2058
-3.3836	-5.28861	8.13126
-1.96216	-4.55361	8.46119
-1.90576	-4.25446	5.73588
-2.38376	-4.54886	3.58617
0.570298	-1.99981	2.03634
0.570298	-1.99981	2.03634
-0.372802	-3.11913	4.13276
-0.372802	-3.11913	4.13276
-0.372802	-3.11913	4.13276
-0.372802	-3.11913	4.13276
-2.66116	-0.707043	5.18173
-4.80046	-1.21825	6.31601
-4.80046	-1.21825	6.31601
-6.51259	-1.22545	5.32895
-5.90307	0.787078	5.88767
-3.52715	-2.13642	3.55208
-3.52715	-2.13642	3.55208
-3.52715	-2.13642	3.55208
-3.52715	-2.13642	3.55208
-1.46334	-0.875911	5.08039
-3.36702	1.4739	4.53699
-2.23809	1.0241	3.11865
-2.23809	1.0241	3.11865
-2.23809	1.0241	3.11865
-2.23809	1.0241	3.11865
-1.72588	-1.37091	2.64952
0.71979	1.52923	2.05316
0.71979	1.52923	2.05316
0.71979	1.52923	2.05316
0.71979	1.52923	2.05316
3.05324	2.68411	2.7752
0.304461	5.08721	2.34306
0.304461	5.08721	2.34306
-0.925642	3.83005	3.76515
-0.925642	3.83005	3.76515
-2.37919	2.17361	4.60208
-3.93572	4.6603	5.5196
-1.62366	3.17861	6.79604
-2.18324	4.42766	8.5687
-2.18324	4.42766	8.5687
-2.18324	4.42766	8.5687
-2.18324	4.42766	8.5687
0.284789	6.8243	8.49764
1.79275	7.23969	5.73902
1.79275	7.23969	5.73902
4.48837	5.43682	6.16558
2.30593	5.88366	4.19143
2.87205	5.92876	3.93006
2.87205	5.92876	3.93006
2.87205	5.92876	3.93006
1.06732	3.04694	5.11589
1.06732	3.04694	5.11589
1.06732	3.04694	5.11589
1.76434	2.77339	6.64918
1.87237	2.80603	4.79338
4.01062	1.23645	5.32091
4.01062	1.23645	5.32091
4.001	-0.346575	5.14527
2.09643	-2.48158	5.96991
0.0164407	-4.32059	4.44404
0.0164407	-4.32059	4.44404
0.0164407	-4.32059	4.44404
0.0164407	-4.32059	4.44404
0.0164407	-4.32059	4.44404
0.0164407	-4.32059	4.44404
-2.80689	-6.79406	4.04703
-3.96512	-5.36606	1.88754
-3.96512	-5.36606	1.88754
-3.96512	-5.36606	1.88754
-2.70919	-5.69842	1.64693
-2.70919	-5.69842	1.64693
-0.193224	-4.46361	-0.611933
0.619868	-1.7233	-3.40384
0.619868	-1.7233	-3.40384
-0.762653	-3.09361	-3.01202
-1.66297	-3.77124	-3.152
-1.66297	-3.77124	-3.152
-1.66297	-3.77124	-3.152
0.0567594	-3.15312	-2.96991
0.0567594	-3.15312	-2.96991
0.0567594	-3.15312	-2.96991
0.0567594	-3.15312	-2.96991
-1.73816	-3.90426	-2.69623
-1.73816	-3.90426	-2.69623
-3.47026	-1.83906	-2.67495
-1.83101	-4.16979	-5.49313
-1.32315	-4.42366	-3.35979
-1.42313	-1.53551	-2.52273
0.628866	-2.02601	-3.66895
-0.293463	0.860711	-4.70284
-0.293463	0.860711	-4.70284
-1.24536	2.13409	-2.84195
-1.24536	2.13409	-2.84195
0.688954	2.12785	-3.28146
0.688954	2.12785	-3.28146
0.688954	2.12785	-3.28146
-1.51522	2.72922	-2.48999
-0.746741	3.20305	-2.58948
-0.746741	3.20305	-2.58948
0.257484	0.424716	-5.14633
0.257484	0.424716	-5.14633
1.49376	2.24597	-4.04356
1.49376	2.24597	-4.04356
1.49376	2.24597	-4.04356
1.90688	0.494672	-4.97957
0.670496	3.2628	-4.58333
0.670496	3.2628	-4.58333
0.670496	3.2628	-4.58333
2.54677	0.711084	-2.65388
2.54677	0.711084	-2.65388
2.54677	0.711084	-2.65388
2.54677	0.711084	-2.65388
-0.181637	1.00206	-1.32616
-0.181637	1.00206	-1.32616
-0.181637	1.00206	-1.32616
-0.181637	1.00206	-1.32616
-0.181637	1.00206	-1.32616
-0.181637	1.00206	-1.32616
-0.181637	1.00206	-1.32616
2.76289	-0.36411	1.29914
5.23086	0.257216	1.79025
5.93258	-0.030239	3.19441
5.93258	-0.030239	3.19441
2.99864	2.29626	0.48352
2.01644	2.75434	2.91234
2.01644	2.75434	2.91234
2.01644	2.75434	2.91234
0.810363	0.689924	2.72577
0.810363	0.689924	2.72577
-1.36261	-1.04012	1.60743
-1.77213	1.64091	4.53987
-2.85073	2.21312	4.54639
-3.45125	2.28411	6.53222
-1.19322	3.01682	4.32317
-1.19322	3.01682	4.32317
-1.97295	1.59506	1.98496
-1.97295	1.59506	1.98496
-1.97295	1.59506	1.98496
-0.886782	2.04317	3.23797
-0.886782	2.04317	3.23797
-0.886782	2.04317	3.23797
1.70021	0.778358	1.65818
1.70021	0.778358	1.65818
-0.932896	1.32058	1.66638
-1.43484	0.974891	2.11734
-1.43484	0.974891	2.11734
-0.218505	0.746501	3.05056
-0.0669058	0.742364	1.28809
-0.0669058	0.742364	1.28809
-0.0669058	0.742364	1.28809
0.750159	-0.655843	-1.23281
0.750159	-0.655843	-1.23281
0.101695	0.398108	1.35538
0.101695	0.398108	1.35538
0.101695	0.398108	1.35538
0.101695	0.398108	1.35538
0.101695	0.398108	1.35538
0.101695	0.398108	1.35538
-0.174444	-1.14575	1.35662
-0.989559	1.40179	1.98627
-0.989559	1.40179	1.98627
-0.989559	1.40179	1.98627
-0.989559	1.40179	1.98627
-0.989559	1.40179	1.98627
-0.989559	1.40179	1.98627
-0.989559	1.40179	1.98627
-0.989559	1.40179	1.98627
0.70694	1.58773	2.90628
0.084844	0.132186	5.34991
1.77289	-0.60043	2.56131
2.04512	1.02799	3.44432
1.24258	-1.16902	4.31691
2.48404	-3.42454	2.41665
2.48404	-3.42454	2.41665
0.798538	-3.3743	1.87757
1.8786	-0.937666	3.75474
0.506914	0.255109	2.6571
0.506914	0.255109	2.6571
0.506914	0.255109	2.6571
-1.61242	0.0588331	3.04948
-1.61242	0.0588331	3.04948
-1.75263	0.194158	3.0543
0.79546	1.76465	0.486916
2.30166	3.27261	2.33885
1.61837	2.89252	3.22806
1.61837	2.89252	3.22806
1.61837	2.89252	3.22806
-0.524387	1.40958	5.06258
-0.595117	0.415012	2.80307
-0.595117	0.415012	2.80307
0.924901	2.14082	4.19645
0.924901	2.14082	4.19645
0.924901	2.14082	4.19645
0.863275	2.28592	5.65032
-1.68173	5.14978	7.1531
-1.91686	6.64064	6.00961
-2.2626	6.92815	8.28862
-4.94552	6.35114	7.09305
-2.59471	6.19846	4.74497
-0.739134	9.01478	3.19205
-0.739134	9.01478	3.19205
1.81689	7.67114	3.19991
1.81689	7.67114	3.19991
1.81689	7.67114	3.19991
1.81689	7.67114	3.19991
2.6094	4.91542	0.890117
4.81784	2.11628	3.74044
3.62974	3.21604	2.4586
2.61945	5.29393	3.86707
2.61945	5.29393	3.86707
2.61945	5.29393	3.86707
2.61945	5.29393	3.86707
2.61945	5.29393	3.86707
0.23115	8.23171	5.37981
0.23115	8.23171	5.37981
2.88113	6.57427	4.96071
4.21565	3.67893	4.10022
4.21565	3.67893	4.10022
4.21565	3.67893	4.10022
2.49747	2.449	3.45911
1.00612	0.845118	1.85454
3.95328	1.02957	1.52312
3.95328	1.02957	1.52312
3.926	-0.148947	2.55583
3.926	-0.148947	2.55583
3.14843	1.74887	4.83505
0.819229	1.00925	3.2069
0.819229	1.00925	3.2069
0.819229	1.00925	3.2069
2.47303	0.364693	1.02068
3.15407	-2.21544	2.20232
3.15407	-2.21544	2.20232
3.15407	-2.21544	2.20232
3.15407	-2.21544	2.20232
3.15407	-2.21544	2.20232
3.15407	-2.21544	2.20232
1.96438	-0.0433605	2.18037
3.16265	2.54882	3.80449
3.40136	-0.171561	3.54053
3.40136	-0.171561	3.54053
3.40136	-0.171561	3.54053
3.40136	-0.171561	3.54053
1.02575	0.363785	2.87622
1.02575	0.363785	2.87622
-0.435265	-2.55059	4.28863
1.13487	-1.69125	2.38442
2.60006	-0.244985	5.2859
2.88294	0.528708	2.42824
2.88294	0.528708	2.42824
2.88294	0.528708	2.42824
1.23159	2.04285	1.68418
1.23159	2.04285	1.68418
3.11826	0.0199684	4.28957
3.11826	0.0199684	4.28957
3.47114	1.14087	1.85147
2.21044	-0.5989	1.99269
0.893301	-0.422596	4.85782
0.893301	-0.422596	4.85782
0.893301	-0.422596	4.85782
0.893301	-0.422596	4.85782
-0.0317495	1.19605	2.1205
-0.0317495	1.19605	2.1205
-0.0317495	1.19605	2.1205
-0.0317495	1.19605	2.1205
-0.0317495	1.19605	2.1205
-0.0317495	1.19605	2.1205
-1.1399	0.6176	2.49693
-1.1399	0.6176	2.49693
-1.1399	0.6176	2.49693
-1.1399	0.6176	2.49693
0.800089	1.17237	1.94815
0.800089	1.17237	1.94815
-1.20054	1.33267	3.61988
-1.20054	1.33267	3.61988
-3.5606	1.23095	4.99568
-3.5606	1.23095	4.99568
-4.70458	2.93146	4.34953
-4.05707	1.15575	4.45479
-4.05707	1.15575	4.45479
-3.44588	0.815401	6.23299
-3.44588	0.815401	6.23299
-6.0211	0.232383	6.34124
-8.32018	1.31084	7.59637
-8.32018	1.31084	7.59637
-8.32018	1.31084	7.59637
-7.46523	1.62946	6.39336
-9.10416	0.804442	4.49748
-7.26974	0.50045	6.4717
-5.15113	0.869499	4.78435
-3.64998	3.1542	5.17282
-3.57647	0.726987	2.72166
-2.67196	3.12617	4.23285
-2.67196	3.12617	4.23285
-2.67196	3.12617	4.23285
-2.67196	3.12617	4.23285
-2.4109	3.09444	3.14366
-2.88651	0.752717	2.70893
-0.582387	0.342237	5.24901
2.19869	1.8132	4.59784
2.19869	1.8132	4.59784
0.0660636	-1.11953	4.17975
2.74004	0.322191	1.72327
0.412388	0.424772	3.02529
0.412388	0.424772	3.02529
0.412388	0.424772	3.02529
0.412388	0.424772	3.02529
0.412388	0.424772	3.02529
0.412388	0.424772	3.02529
-1.65969	1.31196	4.1589
-1.65969	1.31196	4.1589
-1.65969	1.31196	4.1589
-1.65969	1.31196	4.1589
0.397035	2.15648	4.12258
2.57798	1.74378	2.43366
2.57798	1.74378	2.43366
1.33573	-0.0961013	4.08243
0.284467	-2.36967	2.62152
-1.86206	0.509675	1.11581
-2.28837	0.729813	1.71188
-2.28837	0.729813	1.71188
-2.83044	1.83207	2.5461
-2.83044	1.83207	2.5461
-2.83044	1.83207	2.5461
-3.35017	0.210678	2.96753
-3.35017	0.210678	2.96753
-2.9352	-0.772657	0.950886
-2.9352	-0.772657	0.950886
-2.9352	-0.772657	0.950886
-3.37757	-1.22686	3.71083
-2.68213	-2.67571	4.43847
-3.60334	0.273868	4.92362
-3.60334	0.273868	4.92362
-0.873494	0.453955	3.77776
0.527132	-1.21342	2.92697
0.527132	-1.21342	2.92697
0.527132	-1.21342	2.92697
0.527132	-1.21342	2.92697
0.527132	-1.21342	2.92697
0.527132	-1.21342	2.92697
0.527132	-1.21342	2.92697
0.527132	-1.21342	2.92697
0.527132	-1.21342	2.92697
-0.680814	0.891407	1.68714
-0.551792	-1.18343	0.64653
-0.551792	-1.18343	0.64653
-1.05784	-3.19415	2.95244
-1.05784	-3.19415	2.95244
-0.15554	-4.10062	2.46123
-0.15554	-4.10062	2.46123
-0.15554	-4.10062	2.46123
-1.01595	-4.14505	4.8971
-1.98988	-5.16462	3.59554
-1.98988	-5.16462	3.59554
-3.00113	-4.39343	4.18784
-3.00113	-4.39343	4.18784
-3.19489	-3.14251	5.68541
-3.19489	-3.14251	5.68541
-3.19489	-3.14251	5.68541
-0.953608	-3.89937	6.03913
-0.661645	-5.69579	3.447
-0.661645	-5.69579	3.447
-3.02425	-3.18758	3.52093
-3.02425	-3.18758	3.52093
-3.02425	-3.18758	3.52093
-4.07654	-0.62717	2.41521
-2.40153	-3.09587	3.1565
-0.0316572	-3.74474	2.49241
-0.0316572	-3.74474	2.49241
-0.0316572	-3.74474	2.49241
-0.0316572	-3.74474	2.49241
0.596287	-2.58321	4.98703
-0.239435	-2.26935	5.26822
-0.239435	-2.26935	5.26822
-0.239435	-2.26935	5.26822
-0.239435	-2.26935	5.26822
-0.239435	-2.26935	5.26822
-0.239435	-2.26935	5.26822
-0.320221	-2.51505	5.35272
-0.320221	-2.51505	5.35272
-0.320221	-2.51505	5.35272
-3.04603	-2.78309	3.16461
-3.04603	-2.78309	3.16461
-3.09827	-1.97319	1.76954
-1.19388	-0.795487	0.51323
1.64459	-2.45304	2.24961
1.64459	-2.45304	2.24961
1.64459	-2.45304	2.24961
0.625011	-3.57076	4.93945
-0.295087	-3.61073	2.26472
1.93281	-4.09746	1.93097
2.31082	-2.06839	2.65662
2.31082	-2.06839	2.65662
2.31082	-2.06839	2.65662
0.765191	0.654868	3.79535
-0.585926	1.72012	3.6608
0.635584	-0.830325	4.42081
0.993668	0.872704	4.35036
0.993668	0.872704	4.35036
0.993668	0.872704	4.35036
-0.402266	-0.493705	6.48332
-1.16315	-1.46025	5.29317
1.62111	-0.712161	7.33607
1.62111	-0.712161	7.33607
1.62111	-0.712161	7.33607
2.50197	0.280081	7.96067
4.54727	2.26055	7.01761
4.54727	2.26055	7.01761
4.58496	0.936305	5.19198
4.58496	0.936305	5.19198
3.40173	0.938972	4.49092
3.56558	2.62946	3.24803
3.56558	2.62946	3.24803
4.73498	4.09834	4.77229
2.47838	6.03574	4.28029
2.11243	5.72603	5.62392
2.11243	5.72603	5.62392
2.11243	5.72603	5.62392
4.40668	3.18084	5.75252
4.06907	1.28534	4.25336
1.93083	1.8523	3.79675
1.93083	1.8523	3.79675
1.93083	1.8523	3.79675
1.93083	1.8523	3.79675
2.68336	3.08453	2.3346
2.68336	3.08453	2.3346
4.31158	1.16605	3.64573
3.40368	-1.07024	3.15625
4.41558	-1.55975	2.50932
4.25251	-0.26125	0.493218
3.88131	-0.100908	0.944443
2.34471	1.35989	1.78082
-0.367556	2.0742	1.44413
1.16811	1.90376	4.3853
2.78544	2.6654	5.42667
2.78544	2.6654	5.42667
2.78544	2.6654	5.42667
3.51697	-0.0154735	7.53652
2.70152	1.47018	6.01279
2.47321	0.981698	7.14238
0.250005	0.854886	7.5479
-0.427101	3.44834	6.21147
-1.43029	4.74009	5.63038
-1.43029	4.74009	5.63038
-1.30062	3.06569	8.3158
-1.30062	3.06569	8.3158
-1.30062	3.06569	8.3158
0.0464341	2.55654	8.7446
-0.272761	0.107269	7.20744
-1.83062	-0.889989	5.1265
0.844963	-0.244096	4.57403
0.844963	-0.244096	4.57403
0.801427	0.773177	3.50814
0.801427	0.773177	3.50814
0.801427	0.773177	3.50814
0.801427	0.773177	3.50814
2.11535	0.518597	2.41815
1.32192	2.1941	0.771837
-0.993535	2.85362	3.37725
0.883952	2.06511	5.2715
-0.669405	3.95563	4.63563
-2.78505	2.93793	3.24946
-1.30608	2.22051	2.77846
-1.30608	2.22051	2.77846
1.15684	1.21724	1.23567
-1.5432	2.43974	3.73293
-0.212191	1.4572	2.71888
-0.212191	1.4572	2.71888
-2.65292	2.49193	2.99183
0.0966821	0.395102	1.53913
0.0966821	0.395102	1.53913
0.0966821	0.395102	1.53913
0.0966821	0.395102	1.53913
0.0966821	0.395102	1.53913
0.0966821	0.395102	1.53913
0.0966821	0.395102	1.53913
0.0966821	0.395102	1.53913
0.0966821	0.395102	1.53913
0.992358	-0.873396	2.87853
1.74712	1.90819	3.54736
1.74712	1.90819	3.54736
0.88727	2.11102	5.4244
1.04578	-0.803841	2.90098
1.84232	0.193878	1.40668
0.266979	-1.99439	-1.42774
-0.3399	-1.84094	-2.95046
-2.33458	-0.824852	-1.04732
-2.55705	-2.21889	-1.73378
-2.55705	-2.21889	-1.73378
0.0380816	0.103965	-2.86971
-2.18387	-0.181072	-1.23198
-2.18387	-0.181072	-1.23198
-2.18387	-0.181072	-1.23198
-2.18387	-0.181072	-1.23198
-3.07253	-2.88738	-2.94639
-1.2119	-4.11564	-2.08196
-1.2119	-4.11564	-2.08196
-1.2119	-4.11564	-2.08196
-0.782458	-6.54319	-3.22394
-0.782458	-6.54319	-3.22394
-0.744867	-5.7369	-4.93394
0.918594	-6.95132	-4.38112
0.918594	-6.95132	-4.38112
0.918594	-6.95132	-4.38112
0.918594	-6.95132	-4.38112
0.912299	-5.12441	-5.35551
0.912299	-5.12441	-5.35551
-0.899654	-2.35283	-2.95756
-0.899654	-2.35283	-2.95756
-0.899654	-2.35283	-2.95756
0.630646	-2.69643	-3.49068
0.630646	-2.69643	-3.49068
0.630646	-2.69643	-3.49068
-1.73058	-4.00415	-5.11327
-1.73058	-4.00415	-5.11327
-0.843628	-3.81255	-7.79415
-2.11772	-0.909103	-8.14949
-2.07719	-0.980707	-5.73907
-1.90388	-0.468706	-6.03202
-1.90388	-0.468706	-6.03202
0.370727	-0.748486	-7.34853
-0.0256244	-3.69643	-5.89985
-0.0256244	-3.69643	-5.89985
-0.501023	-2.33855	-5.6616
-1.28129	-3.83508	-3.28733
-1.91659	-3.72302	-3.75813
-1.91659	-3.72302	-3.75813
-1.91659	-3.72302	-3.75813
-1.91659	-3.72302	-3.75813
-3.49667	-1.85609	-2.46204
-3.17743	-2.89623	-1.90101
-3.17743	-2.89623	-1.90101
-2.60034	-2.07447	-1.33138
-2.31071	-2.56261	-3.03399
-1.99268	-2.39139	-5.26091
-1.99268	-2.39139	-5.26091
-3.96926	0.530637	-2.67379
-3.25332	-1.11432	-3.12564
-3.25332	-1.11432	-3.12564
-3.25332	-1.11432	-3.12564
-3.25332	-1.11432	-3.12564
-3.25332	-1.11432	-3.12564
-3.25332	-1.11432	-3.12564
-0.734584	1.39206	-5.84044
-3.00358	2.12789	-4.01609
-3.00358	2.12789	-4.01609
-1.9708	-0.687877	-5.71951
-3.69616	-0.516531	-3.60248
-4.01011	0.153734	-4.62394
-4.01011	0.153734	-4.62394
-4.01011	0.153734	-4.62394
-2.7045	-0.0958361	-1.70914
-2.71115	1.09759	-2.65581
-2.71115	1.09759	-2.65581
-0.0478402	1.31954	-3.48974
-0.398843	-0.269148	-4.80543
-0.398843	-0.269148	-4.80543
-0.398843	-0.269148	-4.80543
-0.398843	-0.269148	-4.80543
0.448063	-1.04149	-4.4425
0.448063	-1.04149	-4.4425
-0.336158	0.305361	-5.08376
-2.08019	0.183668	-2.30711
0.867759	-1.05285	-3.08958
1.81916	1.66325	-1.64961
1.81916	1.66325	-1.64961
0.779442	0.232786	1.25333
0.779442	0.232786	1.25333
0.779442	0.232786	1.25333
0.779442	0.232786	1.25333
0.779442	0.232786	1.25333
-1.39975	0.75687	-1.25864
0.638225	-1.77848	-1.38343
0.0250671	-4.28519	-1.61486
0.0250671	-4.28519	-1.61486
2.26794	-5.16643	-1.51026
3.18355	-6.5677	-3.05362
1.09516	-7.22487	-3.9984
1.23694	-7.1366	-5.08345
3.11554	-7.9169	-4.40302
1.43887	-6.91518	-3.81299
1.43887	-6.91518	-3.81299
1.37974	-6.60947	-2.20739
1.37974	-6.60947	-2.20739
1.37974	-6.60947	-2.20739
1.37974	-6.60947	-2.20739
-0.469742	-7.24016	-3.7788
-0.469742	-7.24016	-3.7788
-2.98534	-4.48666	-2.56593
-2.98534	-4.48666	-2.56593
-2.98534	-4.48666	-2.56593
-3.63365	-4.66663	-5.52909
-2.94018	-4.31151	-5.20084
-2.98845	-3.17347	-5.06267
-4.87839	-0.473384	-6.18146
-4.42045	0.0254851	-3.42094
-4.42045	0.0254851	-3.42094
-4.29528	2.11781	-4.32566
-4.29528	2.11781	-4.32566
-4.29528	2.11781	-4.32566
-4.29528	2.11781	-4.32566
-5.51633	0.669621	-4.96331
-5.78809	-0.694959	-4.30715
-4.72419	-0.253763	-4.50909
-4.72419	-0.253763	-4.50909
-4.72419	-0.253763	-4.50909
-3.2187	0.888528	-5.55624
-3.2187	0.888528	-5.55624
-0.561717	3.40866	-6.51359
-0.561717	3.40866	-6.51359
-0.561717	3.40866	-6.51359
-0.561717	3.40866	-6.51359
0.052558	0.757883	-5.69897
-0.0568112	-0.6028	-5.68681
1.33862	0.0789228	-3.81176
1.33862	0.0789228	-3.81176
0.942002	-0.217368	-5.04944
1.13028	0.270033	-3.09973
1.13028	0.270033	-3.09973
1.13028	0.270033	-3.09973
1.13028	0.270033	-3.09973
-1.50016	-0.414539	-1.56991
-0.610489	-1.96052	-4.29905
-2.94676	0.656119	-4.08238
-2.94676	0.656119	-4.08238
-2.03541	-0.435237	-3.54138
-2.03541	-0.435237	-3.54138
-1.70654	0.729325	-2.53231
-1.70654	0.729325	-2.53231
0.0398326	0.127678	-4.58391
0.0398326	0.127678	-4.58391
0.472946	0.727176	-2.01703
0.472946	0.727176	-2.01703
1.32937	2.98211	-4.84944
1.32937	2.98211	-4.84944
-0.0827111	2.99901	-2.23642
-0.33643	2.11531	-4.56415
-2.85233	0.412801	-2.78416
-1.80106	0.833331	-4.66776
1.15566	-2.12923	-4.17011
1.15566	-2.12923	-4.17011
1.15566	-2.12923	-4.17011
-0.895062	-1.18423	-3.06832
-0.895062	-1.18423	-3.06832
1.66552	0.80939	-2.43208
1.8355	1.41219	-2.48482
1.8355	1.41219	-2.48482
-0.0374035	1.63874	-2.15447
0.0890921	1.5742	-2.38694
0.0890921	1.5742	-2.38694
0.0890921	1.5742	-2.38694
0.0890921	1.5742	-2.38694
1.41517	-1.16303	-4.56232
0.26006	0.27494	-5.41063
1.22161	-0.300826	-2.92512
1.22161	-0.300826	-2.92512
1.22161	-0.300826	-2.92512
1.22161	-0.300826	-2.92512
1.22161	-0.300826	-2.92512
1.95828	1.20372	-4.41472
-0.58204	-0.896712	-2.67951
1.09409	-2.30766	-2.94736
1.51757	-1.5557	-3.41295
-0.825489	-0.405853	-4.55147
-0.825489	-0.405853	-4.55147
-0.825489	-0.405853	-4.55147
-0.825489	-0.405853	-4.55147
-0.825489	-0.405853	-4.55147
-1.86587	-1.1011	-4.07166
-1.02632	0.60855	-5.08122
-1.02632	0.60855	-5.08122
-3.38813	-0.957868	-2.81604
-1.94345	-1.36577	-2.19518
-1.94345	-1.36577	-2.19518
-0.330423	-1.10812	-4.57314
-0.330423	-1.10812	-4.57314
-0.330423	-1.10812	-4.57314
-1.16405	1.85568	-4.34855
0.541061	-0.777603	-5.33793
0.541061	-0.777603	-5.33793
1.84369	-0.554592	-3.5867
1.84369	-0.554592	-3.5867
-1.06666	2.21071	-5.73828
-0.463866	1.83516	-6.54012
0.084505	-0.968403	-5.85719
0.084505	-0.968403	-5.85719
0.084505	-0.968403	-5.85719
2.65356	-0.397263	-4.60468
2.65356	-0.397263	-4.60468
1.27942	-0.241785	-3.20597
1.27942	-0.241785	-3.20597
-0.357689	-1.50499	-5.02198
-1.92462	0.404529	-5.58612
0.782436	-0.312339	-8.13285
0.264571	-2.38569	-6.82791
0.264571	-2.38569	-6.82791
0.264571	-2.38569	-6.82791
0.264571	-2.38569	-6.82791
0.264571	-2.38569	-6.82791
0.264571	-2.38569	-6.82791
-0.570716	-5.20174	-4.75762
0.675068	-3.33035	-3.59727
-1.50852	-2.01439	-1.59591
-0.31786	-3.14408	-3.68752
-0.31786	-3.14408	-3.68752
-0.914656	-1.85547	-0.942382
-0.914656	-1.85547	-0.942382
-1.48974	-3.30042	-3.10878
-1.48974	-3.30042	-3.10878
-1.48974	-3.30042	-3.10878
0.200653	-1.0269	-4.37349
3.11614	-3.51807	-2.92282
3.11614	-3.51807	-2.92282
3.11614	-3.51807	-2.92282
3.11614	-3.51807	-2.92282
3.11614	-3.51807	-2.92282
3.11614	-3.51807	-2.92282
0.265339	-0.858357	-5.39054
0.265339	-0.858357	-5.39054
-0.296374	-0.16479	-4.04803
-0.287086	1.43823	-2.57879
-0.287086	1.43823	-2.57879
1.62157	4.2836	-3.55427
0.7822	2.34519	-6.31641
0.7822	2.34519	-6.31641
0.7822	2.34519	-6.31641
0.7822	2.34519	-6.31641
0.7822	2.34519	-6.31641
0.528961	2.39386	-6.53448
0.528961	2.39386	-6.53448
0.528961	2.39386	-6.53448
-2.25807	3.72726	-4.63644
-2.25807	3.72726	-4.63644
0.449503	2.73867	-4.84687
0.449503	2.73867	-4.84687
-1.10966	5.51829	-3.73055
-0.67104	3.5998	-5.61646
-0.67104	3.5998	-5.61646
-2.6936	1.37703	-3.84125
-2.6936	1.37703	-3.84125
-1.46246	1.23453	-6.40801
1.29622	0.538685	-7.04013
1.29622	0.538685	-7.04013
1.83455	1.1094	-6.77014
3.71518	1.61588	-5.32283
0.893878	4.02922	-3.02091
0.893878	4.02922	-3.02091
1.93036	5.00948	-3.23928
1.93036	5.00948	-3.23928
0.669723	5.64801	-2.18016
0.669723	5.64801	-2.18016
-1.13184	5.97522	-3.88072
-1.13184	5.97522	-3.88072
-1.13184	5.97522	-3.88072
-3.87888	3.624	-4.34292
-4.45754	4.03472	-3.43847
-5.08703	2.79133	-5.90825
-5.08703	2.79133	-5.90825
-5.08703	2.79133	-5.90825
-2.96024	5.09552	-4.62788
-2.96024	5.09552	-4.62788
-1.17316	5.51613	-4.35885
-4.00475	4.64885	-7.25046
-5.09551	2.61558	-6.64631
-4.26626	0.73124	-5.51603
-3.93251	-0.642704	-6.82125
-3.93251	-0.642704	-6.82125
-3.93251	-0.642704	-6.82125
-5.43095	0.689776	-8.45256
-5.43095	0.689776	-8.45256
-2.76744	-0.592819	-9.19572
-2.76744	-0.592819	-9.19572
-2.76744	-0.592819	-9.19572
-1.55929	0.655125	-8.9997
-1.55929	0.655125	-8.9997
-1.55929	0.655125	-8.9997
-1.55929	0.655125	-8.9997
-1.55929	0.655125	-8.9997
-1.55929	0.655125	-8.9997
-0.443423	1.20711	-7.9324
-0.443423	1.20711	-7.9324
-0.426919	-0.889353	-10.4415
-0.426919	-0.889353	-10.4415
1.12415	-0.394958	-12.013
1.12415	-0.394958	-12.013
2.05284	0.741798	-10.0757
1.29696	0.773102	-9.88559
3.77754	2.84932	-9.34804
3.77754	2.84932	-9.34804
5.05884	2.58845	-9.86689
5.05884	2.58845	-9.86689
3.47052	2.6708	-8.80858
0.758189	0.169313	-8.72803
1.72769	-2.35189	-6.55309
2.84604	-2.67499	-5.68098
2.84604	-2.67499	-5.68098
2.84604	-2.67499	-5.68098
2.84604	-2.67499	-5.68098
2.84604	-2.67499	-5.68098
5.7475	-0.447943	-3.68812
2.85594	-3.18613	-3.4061
2.85594	-3.18613	-3.4061
2.85594	-3.18613	-3.4061
2.85594	-3.18613	-3.4061
2.85594	-3.18613	-3.4061
2.85594	-3.18613	-3.4061
2.85594	-3.18613	-3.4061
2.85594	-3.18613	-3.4061
5.4725	-1.33847	-5.31837
4.19437	-4.23772	-5.48985
5.09789	-4.55597	-4.34632
5.09789	-4.55597	-4.34632
2.57651	-6.13557	-2.17824
2.53821	-4.17643	-2.20045
2.47475	-4.70774	-4.98636
1.43777	-3.74249	-6.97829
2.8956	-3.88311	-4.98229
2.8956	-3.88311	-4.98229
2.8956	-3.88311	-4.98229
2.68049	-3.60415	-5.75455
-0.248332	-5.95971	-4.39419
-0.248332	-5.95971	-4.39419
-1.26911	-3.41261	-3.39401
-0.917719	-1.04378	-1.53542
-0.917719	-1.04378	-1.53542
-0.917719	-1.04378	-1.53542
-0.917719	-1.04378	-1.53542
-0.917719	-1.04378	-1.53542
-0.917719	-1.04378	-1.53542
-0.917719	-1.04378	-1.53542
-0.917719	-1.04378	-1.53542
-0.917719	-1.04378	-1.53542
-0.917719	-1.04378	-1.53542
-0.917719	-1.04378	-1.53542
-0.917719	-1.04378	-1.53542
-0.488463	-0.813971	-3.5336
-2.63616	-1.88978	-2.72948
-2.58683	-3.24715	-3.03362
-2.58683	-3.24715	-3.03362
-2.58683	-3.24715	-3.03362
-2.58683	-3.24715	-3.03362
-2.10032	-2.20773	-1.99811
-2.10032	-2.20773	-1.99811
-1.38426	-1.23106	-4.44144
-1.38426	-1.23106	-4.44144
-1.38426	-1.23106	-4.44144
-1.38426	-1.23106	-4.44144
-0.192855	-1.34459	-1.47665
-0.192855	-1.34459	-1.47665
2.63999	-3.00018	-4.33946
2.63999	-3.00018	-4.33946
2.63999	-3.00018	-4.33946
0.857968	-2.66403	-3.27612
0.857968	-2.66403	-3.27612
2.84528	-1.18354	-2.91078
2.19523	-2.31874	-4.89323
2.10836	-3.67017	-5.98558
2.10836	-3.67017	-5.98558
0.111742	-4.2055	-6.00211
0.111742	-4.2055	-6.00211
-0.855065	-6.52736	-3.54246
1.19706	-4.64266	-5.92826
2.7356	-3.1503	-6.81232
2.7356	-3.1503	-6.81232
2.7356	-3.1503	-6.81232
2.7356	-3.1503	-6.81232
0.328659	-3.05433	-5.89929
-1.89774	-2.07541	-6.46475
-0.269776	0.470981	-8.65377
0.232871	-2.43202	-7.00003
0.232871	-2.43202	-7.00003
0.232871	-2.43202	-7.00003
0.232871	-2.43202	-7.00003
-1.51993	0.252254	-5.71138
-1.51993	0.252254	-5.71138
-1.03499	-0.435086	-3.29858
-0.522792	-1.7461	-2.58049
-0.522792	-1.7461	-2.58049
-0.522792	-1.7461	-2.58049
-0.522792	-1.7461	-2.58049
-0.522792	-1.7461	-2.58049
2.44323	-1.15054	-1.23877
2.44323	-1.15054	-1.23877
3.96649	0.204921	-2.49362
1.1145	-1.1329	-1.50367
0.623525	-4.03354	-2.06821
0.623525	-4.03354	-2.06821
1.39329	-1.60535	-1.77311
1.49771	0.41799	-2.18845
1.49771	0.41799	-2.18845
-1.25826	1.6039	-1.64685
-3.93661	0.677079	-2.9708
-3.93661	0.677079	-2.9708
-3.93661	0.677079	-2.9708
-3.93661	0.677079	-2.9708
-2.05701	0.373311	-1.93921
0.875834	0.677787	0.629627
1.55048	-0.75724	2.15186
1.55048	-0.75724	2.15186
1.55048	-0.75724	2.15186
1.55048	-0.75724	2.15186
1.55048	-0.75724	2.15186
1.55048	-0.75724	2.15186
1.55048	-0.75724	2.15186
1.55048	-0.75724	2.15186
1.55048	-0.75724	2.15186
0.375973	1.8606	2.16716
0.375973	1.8606	2.16716
0.375973	1.8606	2.16716
0.375973	1.8606	2.16716
0.375973	1.8606	2.16716
2.89677	0.941928	1.40775
2.89677	0.941928	1.40775
3.31289	-1.25021	3.84137
3.31289	-1.25021	3.84137
3.31289	-1.25021	3.84137
3.75139	1.70454	3.10981
3.75139	1.70454	3.10981
2.80035	-1.01081	2.99533
1.85907	0.173056	5.08752
1.85907	0.173056	5.08752
1.85907	0.173056	5.08752
1.85907	0.173056	5.08752
1.37084	2.53692	2.25197
2.32191	1.31418	1.77001
2.32191	1.31418	1.77001
2.70993	1.17699	-1.005
0.875678	0.305529	-1.93622
0.875678	0.305529	-1.93622
0.875678	0.305529	-1.93622
0.875678	0.305529	-1.93622
0.875678	0.305529	-1.93622
0.875678	0.305529	-1.93622
0.477806	0.608593	-2.03439
0.477806	0.608593	-2.03439
0.477806	0.608593	-2.03439
0.477806	0.608593	-2.03439
0.477806	0.608593	-2.03439
0.477806	0.608593	-2.03439
0.477806	0.608593	-2.03439
0.477806	0.608593	-2.03439
-2.36813	-2.24332	-1.28661
0.492049	-3.53436	-2.74262
1.26034	-1.52494	-0.718746
1.26034	-1.52494	-0.718746
2.15495	0.470853	-3.38904
0.814991	-2.36316	-2.66297
0.814991	-2.36316	-2.66297
0.814991	-2.36316	-2.66297
0.814991	-2.36316	-2.66297
2.99229	-1.60604	-3.19424
2.99229	-1.60604	-3.19424
1.30144	-0.804129	-3.74304
1.30144	-0.804129	-3.74304
1.30144	-0.804129	-3.74304
0.522121	-1.59	-5.81271
2.68666	1.15817	-4.05658
2.84272	0.798903	-6.08695
1.45827	2.22788	-4.07865
2.11249	0.966033	-3.92023
2.11249	0.966033	-3.92023
2.11249	0.966033	-3.92023
-0.559353	0.498755	-1.29285
-0.559353	0.498755	-1.29285
1.43893	2.26808	-3.08976
1.43893	2.26808	-3.08976
1.35252	2.80242	-1.63921
2.20592	1.94153	-3.50073
1.59518	2.16214	-5.75416
1.59518	2.16214	-5.75416
1.59518	2.16214	-5.75416
1.59518	2.16214	-5.75416
1.59518	2.16214	-5.75416
4.14791	0.696573	-4.51957
4.14791	0.696573	-4.51957
4.14791	0.696573	-4.51957
2.01217	0.426351	-2.84074
2.01217	0.426351	-2.84074
2.01217	0.426351	-2.84074
2.01217	0.426351	-2.84074
0.960951	-1.15824	-1.21628
0.960951	-1.15824	-1.21628
0.960951	-1.15824	-1.21628
-1.22157	-0.205155	-3.98837
-1.22157	-0.205155	-3.98837
-2.41249	1.85176	-5.0972
-2.41249	1.85176	-5.0972
-1.65496	-0.452506	-4.1843
-3.94928	-0.273416	-4.90971
-3.94928	-0.273416	-4.90971
-1.91203	-1.61344	-6.8222
-1.91203	-1.61344	-6.8222
-3.03202	0.0811567	-6.47068
-1.27413	-0.340036	-6.35031
-1.27413	-0.340036	-6.35031
-1.27413	-0.340036	-6.35031
-3.4996	-0.498594	-3.45072
-2.46535	-1.46646	-4.27934
-2.70855	-2.58452	-6.40058
-0.23453	0.0675993	-4.28336
-0.23453	0.0675993	-4.28336
-0.512787	2.07684	-4.93362
0.445429	0.0913103	-2.27668
1.38556	-1.44962	-4.5279
0.027839	-1.64798	-3.69742
1.37999	0.52186	-3.80308
1.37999	0.52186	-3.80308
0.815749	1.8987	-2.28026
-1.84583	1.75382	-3.11005
-1.84583	1.75382	-3.11005
-1.84583	1.75382	-3.11005
-3.01615	0.211523	-2.68937
-3.01615	0.211523	-2.68937
-3.01615	0.211523	-2.68937
-3.01615	0.211523	-2.68937
-3.01615	0.211523	-2.68937
-3.01615	0.211523	-2.68937
-3.01615	0.211523	-2.68937
-3.01615	0.211523	-2.68937
-1.5548	0.245695	-4.48398
-1.5548	0.245695	-4.48398
-1.5548	0.245695	-4.48398
0.735427	-0.153673	-1.87775
1.41795	-0.943	-2.01208
1.41795	-0.943	-2.01208
1.41795	-0.943	-2.01208
1.41795	-0.943	-2.01208
1.41795	-0.943	-2.01208
-1.3055	1.25234	-2.06526
-1.3055	1.25234	-2.06526
-1.3055	1.25234	-2.06526
-0.039347	0.363236	-4.34262
-0.039347	0.363236	-4.34262
-0.039347	0.363236	-4.34262
-0.039347	0.363236	-4.34262
-0.039347	0.363236	-4.34262
0.188978	0.518409	-5.0566
0.188978	0.518409	-5.0566
-1.67523	1.54573	-4.5637
-0.0381065	0.0717188	-5.64865
1.39745	-2.46241	-4.41614
3.4406	-3.55366	-3.33475
4.10846	-1.84995	-4.28982
2.55207	-0.267442	-4.80732
3.85703	0.211851	-1.83837
1.60224	-2.36026	-4.64896
1.60224	-2.36026	-4.64896
1.0695	-2.09544	-6.15266
1.0695	-2.09544	-6.15266
1.0695	-2.09544	-6.15266
1.0695	-2.09544	-6.15266
1.0695	-2.09544	-6.15266
1.0695	-2.09544	-6.15266
0.273323	-1.12851	-6.99336
0.273323	-1.12851	-6.99336
0.273323	-1.12851	-6.99336
-2.442	0.673995	-5.5125
-2.00546	2.61882	-3.47811
0.316158	2.00253	-2.40942
0.820503	3.04682	-2.60577
0.820503	3.04682	-2.60577
0.820503	3.04682	-2.60577
0.820503	3.04682	-2.60577
0.820503	3.04682	-2.60577
0.820503	3.04682	-2.60577
-0.514764	3.47602	-2.32228
1.97196	1.4674	-2.91828
1.97196	1.4674	-2.91828
1.97196	1.4674	-2.91828
0.28013	0.152422	-1.77679
0.28013	0.152422	-1.77679
0.28013	0.152422	-1.77679
-2.43441	1.09974	0.9062
0.355449	3.85612	1.05785
0.355449	3.85612	1.05785
-1.86151	1.45553	3.39205
-1.86151	1.45553	3.39205
-1.86151	1.45553	3.39205
-1.86151	1.45553	3.39205
-1.86151	1.45553	3.39205
-1.86151	1.45553	3.39205
-4.72085	-0.396278	1.54925
-2.04704	-0.251938	1.52681
-0.395785	-0.587339	0.683873
-0.395785	-0.587339	0.683873
0.593062	-3.1094	1.34296
0.593062	-3.1094	1.34296
-0.563528	-3.79399	3.81679
-1.43881	-1.09967	3.35848
-0.315065	-1.77421	3.59902
-1.99429	-4.21816	2.95728
-1.37622	-3.9982	4.66371
-1.37622	-3.9982	4.66371
0.0844232	-4.18402	3.4028
0.0844232	-4.18402	3.4028
0.0844232	-4.18402	3.4028
0.0844232	-4.18402	3.4028
-0.311791	-4.18888	0.487206
-1.99103	-4.18762	3.30911
-1.54189	-2.5677	6.13446
0.622066	-1.12511	4.09712
0.622066	-1.12511	4.09712
-1.22756	-3.55398	1.40924
-0.916804	-3.55466	1.71062
-0.916804	-3.55466	1.71062
-0.916804	-3.55466	1.71062
-0.916804	-3.55466	1.71062
-0.916804	-3.55466	1.71062
-0.916804	-3.55466	1.71062
-0.916804	-3.55466	1.71062
-0.916804	-3.55466	1.71062
-0.916804	-3.55466	1.71062
0.0552233	-2.56231	4.21484
0.0552233	-2.56231	4.21484
0.0552233	-2.56231	4.21484
0.0552233	-2.56231	4.21484
0.117246	0.0552717	5.85928
1.84753	1.48013	4.14411
1.84753	1.48013	4.14411
1.8423	-0.99154	2.45681
3.86708	-3.89069	2.7385
3.35232	-3.12301	3.08056
1.30187	-2.65534	2.74809
0.840204	-0.233611	0.527086
-1.08275	0.969701	-1.5997
-1.08275	0.969701	-1.5997
-0.744511	0.646749	1.16011
-0.744511	0.646749	1.16011
-0.744511	0.646749	1.16011
0.712523	1.92963	3.09687
-0.241183	-0.604694	1.16641
1.74587	0.614942	3.85502
1.74587	0.614942	3.85502
-1.1121	3.12331	5.1763
-2.32308	2.73641	7.92306
-2.32308	2.73641	7.92306
-4.53609	1.18739	6.89736
-2.51727	0.862406	7.96901
-1.0697	-0.92007	9.45942
-2.1277	-2.67852	8.47225
-2.1277	-2.67852	8.47225
-2.1277	-2.67852	8.47225
-2.1277	-2.67852	8.47225
-1.86767	-3.68326	5.71272
-3.06067	-1.35187	6.03792
-3.47126	-0.249557	7.21357
-3.47126	-0.249557	7.21357
-3.47126	-0.249557	7.21357
-3.47126	-0.249557	7.21357
-4.54154	-1.14837	4.60103
-4.54154	-1.14837	4.60103
-4.54154	-1.14837	4.60103
-4.54154	-1.14837	4.60103
-4.54154	-1.14837	4.60103
-5.33011	1.01975	5.64717
-3.77052	-1.57335	4.12257
-1.08226	-1.41605	3.53233
-1.08226	-1.41605	3.53233
-3.47835	1.49259	4.49322
-3.47835	1.49259	4.49322
-1.63366	2.44954	6.23182
1.20257	3.40721	5.2092
2.88962	6.13949	5.39999
3.71114	3.49564	3.62663
3.71114	3.49564	3.62663
3.71114	3.49564	3.62663
3.27242	2.48169	5.06296
3.27242	2.48169	5.06296
2.25573	3.45744	4.09809
3.08254	2.5385	6.76893
3.08254	2.5385	6.76893
0.274983	4.13145	7.61629
0.274983	4.13145	7.61629
-0.945181	2.05675	5.04839
0.257494	1.59297	6.90246
-2.64902	0.854038	4.65775
-2.64902	0.854038	4.65775
-0.641342	-0.502516	2.88367
-0.641342	-0.502516	2.88367
-0.641342	-0.502516	2.88367
-0.641342	-0.502516	2.88367
-0.641342	-0.502516	2.88367
-1.52265	2.28836	-0.068982
1.15364	-0.403659	2.83777
0.0528487	-1.22012	4.66229
0.0528487	-1.22012	4.66229
0.0528487	-1.22012	4.66229
0.0528487	-1.22012	4.66229
0.0528487	-1.22012	4.66229
0.0528487	-1.22012	4.66229
-0.819262	1.59557	5.77304
-1.57793	2.98558	4.31316
-1.33744	0.960565	5.34742
0.983069	2.14496	3.69673
0.3772	-0.692281	3.96618
1.76324	-0.451727	2.99663
0.342527	1.02399	4.87849
-1.37305	-1.06497	6.16982
1.38142	0.67261	3.54759
1.38142	0.67261	3.54759
1.99519	2.5473	4.30451
1.99519	2.5473	4.30451
3.93973	1.24558	6.58294
3.93973	1.24558	6.58294
2.86632	1.15572	7.77966
4.45673	2.63759	5.9065
4.24184	3.12417	4.70157
4.24184	3.12417	4.70157
4.24184	3.12417	4.70157
7.18709	3.26075	3.9772
7.18709	3.26075	3.9772
7.18709	3.26075	3.9772
7.18709	3.26075	3.9772
4.4665	3.13087	1.60381
4.4665	3.13087	1.60381
4.4665	3.13087	1.60381
4.00751	2.45088	2.93201
4.00751	2.45088	2.93201
5.84557	3.94136	4.67383
5.84557	3.94136	4.67383
3.86593	4.61463	4.67421
3.62945	4.45944	2.96521
0.776154	1.60804	0.647164
2.79675	-0.103748	-1.17462
2.79675	-0.103748	-1.17462
0.139386	-2.72694	1.24455
-1.70888	-0.687787	4.16886
-1.86423	2.22714	2.28983
0.655146	0.370049	-0.469615
-2.23618	-0.993805	1.77202
-0.418196	-2.1477	2.68224
-0.418196	-2.1477	2.68224
-0.418196	-2.1477	2.68224
-0.418196	-2.1477	2.68224
1.36839	-1.50879	0.604709
-1.32724	-1.37577	2.28831
-1.32724	-1.37577	2.28831
-1.32724	-1.37577	2.28831
-0.725521	-1.97525	1.89111
0.0148907	0.470595	-0.723863
0.953718	-0.779545	-2.06593
0.953718	-0.779545	-2.06593
0.953718	-0.779545	-2.06593
0.953718	-0.779545	-2.06593
0.953718	-0.779545	-2.06593
3.73635	-0.74771	-4.8931
3.73635	-0.74771	-4.8931
4.42551	-1.51233	-2.67978
4.89622	-0.603738	-3.99441
4.34586	-2.04162	-2.5604
4.34586	-2.04162	-2.5604
4.34586	-2.04162	-2.5604
