0.2	0.2	0.2
0.143954	0.375923	0.702116
0.143954	0.375923	0.702116
0.143954	0.375923	0.702116
-0.396704	0.488229	-0.480012
-0.396704	0.488229	-0.480012
-0.396704	0.488229	-0.480012
-0.396704	0.488229	-0.480012
-0.110638	0.685296	-1.49891
0.947	1.30747	-1.49436
1.40253	0.987508	-1.12222
1.40253	0.987508	-1.12222
1.40253	0.987508	-1.12222
1.40253	0.987508	-1.12222
2.42831	2.06476	-0.354986
1.53149	0.971234	0.167686
1.53149	0.971234	0.167686
1.62492	0.437824	0.122452
0.926266	-0.742939	-0.822236
0.336126	-1.62341	0.162902
-0.301604	-0.811072	0.772141
-1.03332	-1.64594	1.20055
-1.03332	-1.64594	1.20055
-1.03332	-1.64594	1.20055
-0.847141	-0.779719	1.69443
-0.847141	-0.779719	1.69443
0.0881898	-1.29298	2.38487
0.896914	-0.408523	2.96922
0.310216	0.465041	3.08629
0.310216	0.465041	3.08629
-0.0776185	1.10189	1.95832
-0.0776185	1.10189	1.95832
-1.16358	0.0679656	0.94666
-0.445882	-0.88986	0.570331
-0.589048	0.179453	1.58948
-0.589048	0.179453	1.58948
0.205114	0.53733	0.823999
-0.872237	-0.364299	-0.368762
-0.872237	-0.364299	-0.368762
0.338672	0.595156	-0.500492
0.579672	-0.0208932	0.132107
0.56941	0.928065	-0.213201
0.56941	0.928065	-0.213201
0.56941	0.928065	-0.213201
0.56941	0.928065	-0.213201
0.56941	0.928065	-0.213201
0.56941	0.928065	-0.213201
1.5109	0.16729	0.936443
1.5109	0.16729	0.936443
1.80023	-0.690592	1.03123
1.89857	-0.995359	1.43015
1.12174	-2.19886	1.24886
0.408442	-3.34351	0.823618
0.439404	-3.4185	0.87335
-0.655553	-3.2502	1.86216
-1.16358	-3.0195	1.19273
-1.16358	-3.0195	1.19273
-2.07172	-2.62138	0.814245
-2.07172	-2.62138	0.814245
-2.07172	-2.62138	0.814245
-2.07172	-2.62138	0.814245
-2.07172	-2.62138	0.814245
-1.81055	-1.89643	0.296957
-2.25928	-1.91451	0.877906
-2.25928	-1.91451	0.877906
-2.10451	-2.67095	1.28749
-3.01418	-2.18864	1.2631
-3.17395	-1.79215	1.2807
-3.17395	-1.79215	1.2807
-3.17395	-1.79215	1.2807
-3.17395	-1.79215	1.2807
-2.50141	-1.40037	0.338316
-2.25475	-1.67263	0.504402
-1.657	-1.39208	1.23401
-1.657	-1.39208	1.23401
-1.657	-1.39208	1.23401
-1.657	-1.39208	1.23401
-1.8922	-1.66564	0.424791
-0.973681	-2.13183	-0.448965
-0.0364473	-1.57718	-0.0223961
0.828178	-0.553574	0.30852
0.828178	-0.553574	0.30852
0.828178	-0.553574	0.30852
0.828178	-0.553574	0.30852
0.828178	-0.553574	0.30852
-0.148572	-1.09682	-0.542847
-0.148572	-1.09682	-0.542847
0.0587062	-0.115457	-1.17219
0.0587062	-0.115457	-1.17219
0.610888	1.07274	-0.476515
0.610888	1.07274	-0.476515
0.636129	0.80732	-0.885054
0.636129	0.80732	-0.885054
1.67527	0.968231	-0.78167
1.67527	0.968231	-0.78167
1.67527	0.968231	-0.78167
0.704541	1.63568	-0.910469
1.24247	1.4305	-0.885717
1.24247	1.4305	-0.885717
0.861345	1.12465	0.299898
0.225546	1.81967	1.29663
0.225546	1.81967	1.29663
1.05528	1.97633	0.106065
1.51163	1.84149	0.529527
1.38698	0.797654	1.71034
1.38698	0.797654	1.71034
2.60551	0.752054	1.14541
2.60551	0.752054	1.14541
2.74718	-0.1361	0.124074
1.70962	0.808607	-0.211741
1.14392	0.235096	0.194919
1.14392	0.235096	0.194919
1.14392	0.235096	0.194919
1.14392	0.235096	0.194919
1.47591	-0.0304833	0.224705
1.47591	-0.0304833	0.224705
0.970942	-0.867118	-0.712575
0.108659	-1.09752	0.263126
0.0961918	-0.14021	0.724668
0.0961918	-0.14021	0.724668
0.415131	-0.129463	-0.338709
0.415131	-0.129463	-0.338709
0.415131	-0.129463	-0.338709
0.415131	-0.129463	-0.338709
0.415131	-0.129463	-0.338709
-0.0479064	-0.435386	0.365101
-0.0479064	-0.435386	0.365101
-0.262519	-0.465558	0.101006
-0.262519	-0.465558	0.101006
-0.262519	-0.465558	0.101006
0.137446	-0.113003	0.358379
0.137446	-0.113003	0.358379
0.33288	0.241667	-0.164614
0.33288	0.241667	-0.164614
0.33288	0.241667	-0.164614
0.33288	0.241667	-0.164614
0.33288	0.241667	-0.164614
1.48877	0.945707	0.00803849
0.422095	2.04418	0.844974
-0.641394	2.10553	0.19419
-0.641394	2.10553	0.19419
-0.3208	1.06648	0.473051
-0.234049	0.0521873	-0.688764
-0.234049	0.0521873	-0.688764
0.825872	-0.880974	0.399481
1.09861	-1.58564	0.2184
1.09861	-1.58564	0.2184
1.27885	-1.52725	-0.0461927
1.30644	-1.49193	0.580077
0.829014	-0.962658	0.28159
0.161814	0.241668	-0.397764
-0.630154	0.369864	0.0326057
-0.630154	0.369864	0.0326057
-0.630154	0.369864	0.0326057
-0.630154	0.369864	0.0326057
-0.630154	0.369864	0.0326057
-0.214762	-0.479822	-0.489287
0.452908	0.16155	-0.308661
0.452908	0.16155	-0.308661
0.486561	0.141847	0.705432
0.486561	0.141847	0.705432
0.486561	0.141847	0.705432
0.486561	0.141847	0.705432
0.486561	0.141847	0.705432
0.486561	0.141847	0.705432
0.486561	0.141847	0.705432
0.486561	0.141847	0.705432
0.486561	0.141847	0.705432
1.60344	1.07332	0.942331
2.10984	0.751509	0.126292
2.10984	0.751509	0.126292
2.8102	1.36276	-0.919946
2.31282	1.49261	-0.471351
2.31282	1.49261	-0.471351
2.13844	0.319143	-0.583123
2.41668	-0.86938	0.181854
2.16506	-0.0481836	1.19948
1.72418	-1.01005	0.378955
1.72418	-1.01005	0.378955
1.72418	-1.01005	0.378955
1.2002	-1.96338	-0.582452
1.2002	-1.96338	-0.582452
0.160689	-1.44207	-0.0918351
0.160689	-1.44207	-0.0918351
0.160689	-1.44207	-0.0918351
0.35956	-1.01833	-0.526597
-0.750844	-1.15918	0.66443
-0.750844	-1.15918	0.66443
-0.20402	-0.542541	1.23807
-0.20402	-0.542541	1.23807
-0.237644	0.535721	1.8542
-1.06727	-0.530765	0.724299
-1.30459	-1.03847	-0.434784
-1.23883	-0.039519	0.298735
-1.23883	-0.039519	0.298735
-1.23883	-0.039519	0.298735
-1.23883	-0.039519	0.298735
-1.23883	-0.039519	0.298735
-0.687054	-0.779056	-0.0958811
-0.687054	-0.779056	-0.0958811
-0.262385	-0.844903	0.55672
-0.262385	-0.844903	0.55672
0.390473	0.220652	0.874452
0.390473	0.220652	0.874452
0.390473	0.220652	0.874452
0.390473	0.220652	0.874452
0.390473	0.220652	0.874452
0.390473	0.220652	0.874452
0.390473	0.220652	0.874452
0.390473	0.220652	0.874452
-0.0268266	0.183335	1.87491
-0.0268266	0.183335	1.87491
1.06828	0.685824	1.27611
1.77772	-0.101784	0.918597
1.77772	-0.101784	0.918597
1.77772	-0.101784	0.918597
2.11363	-0.270656	1.22408
2.11363	-0.270656	1.22408
2.11363	-0.270656	1.22408
2.52218	0.881317	0.535738
2.52218	0.881317	0.535738
1.61583	1.15858	0.141107
0.553882	1.32547	-0.553254
0.553882	1.32547	-0.553254
-0.260504	0.442513	0.46936
-0.260504	0.442513	0.46936
-0.260504	0.442513	0.46936
-0.260504	0.442513	0.46936
-0.193655	0.718186	0.230393
-0.193655	0.718186	0.230393
-0.193655	0.718186	0.230393
-0.193655	0.718186	0.230393
-0.193655	0.718186	0.230393
-0.193655	0.718186	0.230393
-0.193655	0.718186	0.230393
0.665711	0.35661	0.414893
0.444737	0.416685	-0.379477
0.444737	0.416685	-0.379477
0.444737	0.416685	-0.379477
0.444737	0.416685	-0.379477
0.444737	0.416685	-0.379477
0.444737	0.416685	-0.379477
0.444737	0.416685	-0.379477
0.444737	0.416685	-0.379477
0.683424	1.54345	-0.639712
0.683424	1.54345	-0.639712
0.408257	1.29863	-1.09204
0.0160571	0.749076	-0.509981
0.0160571	0.749076	-0.509981
0.0160571	0.749076	-0.509981
0.0160571	0.749076	-0.509981
0.0160571	0.749076	-0.509981
0.220344	-0.0693482	-0.302609
0.220344	-0.0693482	-0.302609
0.908285	-0.534033	0.0640925
0.236463	-0.540687	0.320351
-0.376517	0.165413	-0.421693
-0.376517	0.165413	-0.421693
0.380352	-0.980099	0.111186
0.380352	-0.980099	0.111186
0.380352	-0.980099	0.111186
0.380352	-0.980099	0.111186
0.380352	-0.980099	0.111186
0.380352	-0.980099	0.111186
1.56185	-0.323564	1.30481
2.58918	0.409181	0.202773
2.22582	1.1904	-0.619912
1.00219	1.67742	-1.55274
0.273191	0.741056	-0.725753
0.491906	-0.207039	0.28707
0.767484	-0.465734	0.0125409
0.767484	-0.465734	0.0125409
0.767484	-0.465734	0.0125409
0.767484	-0.465734	0.0125409
0.113934	0.36675	-0.290672
0.113934	0.36675	-0.290672
0.113934	0.36675	-0.290672
0.113934	0.36675	-0.290672
0.113934	0.36675	-0.290672
0.113934	0.36675	-0.290672
0.113934	0.36675	-0.290672
0.113934	0.36675	-0.290672
0.113934	0.36675	-0.290672
0.113934	0.36675	-0.290672
0.113934	0.36675	-0.290672
0.113934	0.36675	-0.290672
0.393528	0.00139238	-0.392304
0.520478	0.127514	0.665458
1.59843	-0.0347898	-0.284856
1.59843	-0.0347898	-0.284856
1.65303	0.230468	0.241461
1.65303	0.230468	0.241461
0.520512	0.364894	1.17918
0.520512	0.364894	1.17918
0.520512	0.364894	1.17918
0.520512	0.364894	1.17918
0.520512	0.364894	1.17918
0.520512	0.364894	1.17918
0.520512	0.364894	1.17918
1.49297	0.702491	1.88862
0.806834	0.44177	1.05705
0.806834	0.44177	1.05705
0.0118873	0.897525	0.196461
0.330281	-0.234743	0.791781
0.330281	-0.234743	0.791781
0.266856	0.0791387	0.595506
0.266856	0.0791387	0.595506
0.266856	0.0791387	0.595506
-0.906369	-0.538972	1.4395
0.130661	-0.861491	0.974805
0.130661	-0.861491	0.974805
-0.633024	-0.468552	1.92724
-0.633024	-0.468552	1.92724
-0.197027	-0.121768	1.69847
0.629882	0.143856	1.89548
0.629882	0.143856	1.89548
1.72009	1.07077	0.868987
0.524241	0.322592	1.74276
0.524241	0.322592	1.74276
1.42442	0.168435	1.15118
1.42442	0.168435	1.15118
0.721413	0.0467213	0.321569
0.721413	0.0467213	0.321569
0.607382	-0.82231	-0.0756628
0.607382	-0.82231	-0.0756628
-0.264049	-0.61824	0.965394
-0.108919	-0.0550172	0.911291
-0.108919	-0.0550172	0.911291
-0.108919	-0.0550172	0.911291
-0.108919	-0.0550172	0.911291
-0.108919	-0.0550172	0.911291
-0.448413	1.01032	0.944893
0.641448	0.684324	0.800522
0.641448	0.684324	0.800522
0.641448	0.684324	0.800522
-0.34688	0.492706	0.824268
0.167265	0.640396	0.789401
0.167265	0.640396	0.789401
-0.122588	0.522498	1.1624
0.141169	-0.688812	0.277587
-0.639339	-0.531045	1.28412
-0.639339	-0.531045	1.28412
-0.639339	-0.531045	1.28412
-0.639339	-0.531045	1.28412
-0.612484	0.655983	0.351206
-0.612484	0.655983	0.351206
-0.612484	0.655983	0.351206
-0.612484	0.655983	0.351206
-0.612484	0.655983	0.351206
-0.612484	0.655983	0.351206
-0.0918501	0.627817	0.652242
0.220218	1.53972	-0.413905
0.220218	1.53972	-0.413905
-0.436689	0.48314	0.258552
-0.436689	0.48314	0.258552
-0.436689	0.48314	0.258552
-0.436689	0.48314	0.258552
-0.686306	-0.395557	0.717483
-0.686306	-0.395557	0.717483
0.0298535	0.395952	1.11896
0.140178	-0.800783	0.623778
0.140178	-0.800783	0.623778
-0.0816213	-1.19682	1.3101
-0.0816213	-1.19682	1.3101
-0.0816213	-1.19682	1.3101
-0.140364	-0.587466	1.13132
-0.140364	-0.587466	1.13132
-0.140364	-0.587466	1.13132
-0.140364	-0.587466	1.13132
-0.140364	-0.587466	1.13132
-0.140364	-0.587466	1.13132
-0.787516	0.159835	0.515251
-0.223767	1.34787	-0.464362
-0.223767	1.34787	-0.464362
-0.223767	1.34787	-0.464362
-0.223767	1.34787	-0.464362
-0.802665	1.50248	0.445719
-0.802665	1.50248	0.445719
-0.802665	1.50248	0.445719
-0.0233269	2.64399	-0.512524
-0.0233269	2.64399	-0.512524
0.0460919	2.70572	-0.936416
0.100931	1.94888	-0.882034
0.100931	1.94888	-0.882034
0.0806043	2.58197	-0.128063
0.0806043	2.58197	-0.128063
0.0806043	2.58197	-0.128063
0.0806043	2.58197	-0.128063
-0.749885	1.8002	0.593589
-0.749885	1.8002	0.593589
-0.749885	1.8002	0.593589
-1.86497	1.31841	0.625094
-1.88822	0.716073	-0.204271
-0.946107	1.67365	0.964667
-0.447707	1.12535	1.15688
-0.447707	1.12535	1.15688
0.447057	0.519096	0.641883
1.64357	-0.253671	-0.0444152
1.64357	-0.253671	-0.0444152
0.607342	-0.699005	0.739675
0.607342	-0.699005	0.739675
0.607342	-0.699005	0.739675
0.607342	-0.699005	0.739675
0.737007	-0.150572	0.0100344
0.737007	-0.150572	0.0100344
1.35587	-1.11112	1.15286
0.580014	-1.56961	1.10808
-0.536579	-2.01657	0.458193
0.617973	-1.29863	0.661806
-0.364462	-0.81568	1.15946
-0.364462	-0.81568	1.15946
-1.07241	-0.423078	1.04646
-1.07241	-0.423078	1.04646
-2.21641	0.0670091	0.67445
-3.03634	-0.477835	0.697092
-3.22593	0.461711	0.0554993
-2.5504	0.502864	0.0061583
-1.60203	1.58963	1.01488
-0.92603	2.22485	0.408177
-0.92603	2.22485	0.408177
-0.92603	2.22485	0.408177
-0.274534	2.09506	0.654782
-0.00603887	1.98191	1.19222
0.553428	1.66864	1.35087
0.553428	1.66864	1.35087
0.553428	1.66864	1.35087
0.553428	1.66864	1.35087
1.00026	1.07925	1.36509
1.00026	1.07925	1.36509
0.164758	0.989809	0.961092
-0.710325	0.326434	0.601454
-0.151905	0.867406	-0.407289
-0.643434	1.03742	-0.223823
-0.643434	1.03742	-0.223823
0.566491	1.36145	-0.297508
1.27778	0.946598	-0.301327
0.73858	1.32655	-0.126883
-0.0792914	0.324158	0.757748
0.0230402	0.152656	1.48702
-0.473446	0.196955	2.50793
-0.313813	-0.804683	2.25712
-0.313813	-0.804683	2.25712
-0.313813	-0.804683	2.25712
0.409439	0.226173	1.75968
-0.809648	-0.653731	1.24477
-0.809648	-0.653731	1.24477
-0.809648	-0.653731	1.24477
-0.809648	-0.653731	1.24477
-0.999944	0.163383	0.180941
0.203816	-0.457966	-0.961501
0.203816	-0.457966	-0.961501
-0.386197	-0.892706	-1.88217
-1.08419	-0.71895	-1.08589
-1.71646	0.0328244	-0.579883
-1.71646	0.0328244	-0.579883
-0.759434	-0.53541	-1.40426
0.330263	-0.441614	-0.181211
0.330263	-0.441614	-0.181211
0.330263	-0.441614	-0.181211
0.0869431	0.0753718	-0.0797404
0.0869431	0.0753718	-0.0797404
0.0869431	0.0753718	-0.0797404
0.0869431	0.0753718	-0.0797404
-1.07452	0.961004	0.663494
-0.661307	0.693366	0.714206
-0.661307	0.693366	0.714206
-0.661307	0.693366	0.714206
-0.417231	0.0589643	-0.120287
-0.417231	0.0589643	-0.120287
0.490136	0.0863846	-0.0813762
0.184573	0.245266	-0.259363
0.184573	0.245266	-0.259363
0.184573	0.245266	-0.259363
-0.0903152	-0.187414	0.347392
-0.0903152	-0.187414	0.347392
-0.0903152	-0.187414	0.347392
-1.23994	-1.15336	0.838217
-2.12437	0.000987376	2.05946
-2.12437	0.000987376	2.05946
-2.12437	0.000987376	2.05946
-3.0308	0.0056452	2.34598
-1.98628	0.365446	2.29645
-1.98628	0.365446	2.29645
-1.98628	0.365446	2.29645
-2.30383	0.0854962	1.52303
-2.42903	-0.569019	0.616105
-2.46127	-0.215744	1.25182
-2.46127	-0.215744	1.25182
-3.33232	0.555416	1.28729
-3.62665	0.208545	0.134273
-3.53138	0.435284	-0.328219
-3.57353	-0.540985	0.582001
-4.72466	-0.264609	1.54282
-3.85839	-0.0664194	2.64075
-2.96231	0.0550812	2.4125
-1.91128	0.921668	2.73459
-1.91128	0.921668	2.73459
-1.91128	0.921668	2.73459
-1.21954	0.565168	3.80229
-0.326039	-0.523855	2.67946
-0.0681869	-1.23172	2.53547
-0.496636	-1.03139	2.26918
-0.311568	-1.28565	1.69138
0.511907	-0.545225	0.901486
1.14942	0.160347	0.680782
1.14942	0.160347	0.680782
1.14942	0.160347	0.680782
1.14942	0.160347	0.680782
0.387816	-0.543816	1.1604
1.16473	-1.15972	0.588273
1.16473	-1.15972	0.588273
2.0736	-1.24881	-0.556221
2.0736	-1.24881	-0.556221
2.43272	-1.71083	-0.912208
2.33472	-0.882286	-1.09517
1.17082	-1.48316	-0.267307
1.17082	-1.48316	-0.267307
1.17082	-1.48316	-0.267307
1.17082	-1.48316	-0.267307
1.17082	-1.48316	-0.267307
1.28444	-1.91972	-1.2738
1.28444	-1.91972	-1.2738
1.28444	-1.91972	-1.2738
0.340733	-2.50983	-0.897008
0.340733	-2.50983	-0.897008
0.340733	-2.50983	-0.897008
-0.571144	-2.13417	-0.193136
-0.571144	-2.13417	-0.193136
-0.571144	-2.13417	-0.193136
0.264129	-2.50829	-0.164807
0.358087	-2.66918	0.454652
0.396014	-3.16874	-0.402327
0.396014	-3.16874	-0.402327
-0.31493	-2.41417	0.798493
0.871432	-1.48832	0.0809203
0.871432	-1.48832	0.0809203
0.351139	-2.55276	-0.330501
0.351139	-2.55276	-0.330501
-0.846944	-1.64651	-0.346836
-1.55004	-1.34344	0.00278365
-0.770931	-2.0434	-0.00718889
-0.658795	-2.05643	1.21016
-0.502146	-1.35625	0.758451
0.269076	-0.796985	-0.411763
0.269076	-0.796985	-0.411763
0.269076	-0.796985	-0.411763
-0.350184	-0.35981	0.422589
-0.350184	-0.35981	0.422589
-0.350184	-0.35981	0.422589
-0.350184	-0.35981	0.422589
-0.350184	-0.35981	0.422589
-0.350184	-0.35981	0.422589
-0.350184	-0.35981	0.422589
-0.350184	-0.35981	0.422589
-0.350184	-0.35981	0.422589
-0.350184	-0.35981	0.422589
-0.399466	0.6263	-0.122787
-0.399466	0.6263	-0.122787
0.627166	0.552154	1.02335
0.127029	0.694868	-0.157942
0.127029	0.694868	-0.157942
1.14681	0.909532	-0.496418
1.49519	-0.143305	-0.709789
1.10065	-0.523236	0.392478
1.10065	-0.523236	0.392478
0.459119	0.52083	-0.413464
-0.262077	-0.268457	-0.479992
-0.262077	-0.268457	-0.479992
-0.262077	-0.268457	-0.479992
-0.262077	-0.268457	-0.479992
-0.262077	-0.268457	-0.479992
-0.855109	-0.227172	0.436123
0.027622	0.0846086	-0.459158
1.1412	-0.312894	-0.232927
1.1412	-0.312894	-0.232927
0.979569	-0.358451	-0.172021
0.979569	-0.358451	-0.172021
0.979569	-0.358451	-0.172021
-0.228986	0.117318	0.455346
0.478504	-0.323768	0.322655
0.478504	-0.323768	0.322655
0.0765849	-0.151653	-0.204965
0.0765849	-0.151653	-0.204965
0.0765849	-0.151653	-0.204965
0.0765849	-0.151653	-0.204965
0.0765849	-0.151653	-0.204965
0.0765849	-0.151653	-0.204965
0.0765849	-0.151653	-0.204965
-0.28616	-0.727349	-0.319887
-0.28616	-0.727349	-0.319887
-0.28616	-0.727349	-0.319887
-0.28616	-0.727349	-0.319887
-0.28616	-0.727349	-0.319887
-0.28616	-0.727349	-0.319887
-0.28616	-0.727349	-0.319887
-0.28616	-0.727349	-0.319887
-0.28616	-0.727349	-0.319887
-0.28616	-0.727349	-0.319887
-0.489122	-0.450969	0.680695
-0.489122	-0.450969	0.680695
-0.978983	0.291132	-0.149515
-0.978983	0.291132	-0.149515
-0.475907	-0.884084	0.826254
-0.475907	-0.884084	0.826254
-0.0524574	-0.468438	1.49102
-0.0524574	-0.468438	1.49102
-0.458922	0.484037	1.50199
-1.11343	0.189188	1.23588
-1.11343	0.189188	1.23588
-1.11343	0.189188	1.23588
-0.354028	-0.668239	1.90477
0.748311	0.134779	1.75549
0.315666	1.19648	0.870533
-0.338497	1.15699	1.36542
0.872918	0.234897	0.468471
0.872918	0.234897	0.468471
0.872918	0.234897	0.468471
0.872918	0.234897	0.468471
0.872918	0.234897	0.468471
1.14524	0.547718	0.819905
1.14524	0.547718	0.819905
0.739512	0.661048	1.08781
-0.216664	0.630297	1.6614
-0.216664	0.630297	1.6614
-0.216664	0.630297	1.6614
0.0672563	-0.466984	1.21458
0.196202	-0.00285039	1.63025
0.196202	-0.00285039	1.63025
0.196202	-0.00285039	1.63025
0.497494	0.146969	1.28061
-0.274829	0.365441	0.800412
-0.274829	0.365441	0.800412
-1.13024	0.5701	0.502441
-1.10003	0.94903	0.990745
-0.54904	0.329019	0.0778991
-0.389468	0.446073	-0.483515
-0.389468	0.446073	-0.483515
-0.389468	0.446073	-0.483515
-0.389468	0.446073	-0.483515
-0.389468	0.446073	-0.483515
-0.389468	0.446073	-0.483515
-0.389468	0.446073	-0.483515
-0.389468	0.446073	-0.483515
-0.0228176	1.08584	0.223924
0.529853	0.861073	-0.974327
0.529853	0.861073	-0.974327
0.529853	0.861073	-0.974327
0.529853	0.861073	-0.974327
0.529853	0.861073	-0.974327
-0.0134488	1.78748	-0.871813
0.461599	2.49321	-1.50729
0.461599	2.49321	-1.50729
0.461599	2.49321	-1.50729
0.461599	2.49321	-1.50729
-0.0534131	2.51557	-2.00579
-0.0534131	2.51557	-2.00579
0.599212	2.73353	-1.59478
0.599212	2.73353	-1.59478
0.599212	2.73353	-1.59478
0.599212	2.73353	-1.59478
1.64685	1.55275	-1.00481
2.59509	0.672726	-0.59968
2.03921	0.765813	-0.100407
1.30771	0.131914	-1.12207
1.30771	0.131914	-1.12207
0.914777	-0.7408	-0.336105
0.914777	-0.7408	-0.336105
0.0318941	0.0645285	-0.613967
0.0318941	0.0645285	-0.613967
0.0318941	0.0645285	-0.613967
0.0318941	0.0645285	-0.613967
0.0318941	0.0645285	-0.613967
0.0318941	0.0645285	-0.613967
0.0318941	0.0645285	-0.613967
0.0318941	0.0645285	-0.613967
0.523343	-0.19806	-0.228145
0.798973	0.779242	0.943362
0.798973	0.779242	0.943362
0.798973	0.779242	0.943362
0.261103	0.495063	0.552314
-0.759781	0.245816	-0.16208
-0.759781	0.245816	-0.16208
-0.34667	-0.252881	0.89718
-0.34667	-0.252881	0.89718
-0.789079	-0.504153	1.44021
-0.789079	-0.504153	1.44021
-1.55486	0.130035	0.79583
-1.55486	0.130035	0.79583
-1.55486	0.130035	0.79583
-1.55486	0.130035	0.79583
-1.55486	0.130035	0.79583
-1.55486	0.130035	0.79583
-1.55486	0.130035	0.79583
-1.55486	0.130035	0.79583
-1.55486	0.130035	0.79583
-1.55486	0.130035	0.79583
-1.55486	0.130035	0.79583
-1.22261	-0.268263	-0.297203
-1.22261	-0.268263	-0.297203
-1.39703	-0.275138	-0.452347
-1.202	0.84746	0.116229
-1.12347	0.868217	-0.96989
-0.421642	-0.13158	-0.0457304
-0.421642	-0.13158	-0.0457304
0.132246	0.784632	-0.0914118
-0.418139	0.704083	0.282597
-0.418139	0.704083	0.282597
0.634999	-0.340077	0.463568
0.634999	-0.340077	0.463568
0.870647	-0.365326	-0.613706
0.0577643	0.678348	0.290632
0.0577643	0.678348	0.290632
0.0577643	0.678348	0.290632
0.67867	0.235835	-0.127086
0.67867	0.235835	-0.127086
-0.0180501	0.557638	0.316815
-0.677977	-0.128403	-0.0553288
-1.23358	-0.410967	-0.940917
-0.935562	-0.258091	0.0977737
-0.935562	-0.258091	0.0977737
-0.582734	-0.584262	1.26648
-0.56618	-0.404118	0.212184
-0.223853	-0.884167	0.2727
-0.223853	-0.884167	0.2727
-0.223853	-0.884167	0.2727
-0.223853	-0.884167	0.2727
-0.223853	-0.884167	0.2727
-0.223853	-0.884167	0.2727
-0.223853	-0.884167	0.2727
-0.223853	-0.884167	0.2727
-0.124379	-0.279023	0.549435
-0.124379	-0.279023	0.549435
0.532659	-0.192987	0.374454
0.532659	-0.192987	0.374454
0.532659	-0.192987	0.374454
0.532659	-0.192987	0.374454
-0.389995	-0.220344	0.61598
-0.389995	-0.220344	0.61598
-0.559747	-0.577064	0.110764
-0.559747	-0.577064	0.110764
-0.0254419	0.345275	0.895638
-0.0254419	0.345275	0.895638
-0.217295	0.611489	1.21064
-0.217295	0.611489	1.21064
-0.217295	0.611489	1.21064
-0.0309681	0.625301	1.9259
-0.0309681	0.625301	1.9259
-0.609896	-0.58374	1.95658
-1.69515	-0.204588	2.59502
-0.71983	-1.22442	2.16665
-0.71983	-1.22442	2.16665
-0.445861	-1.77236	1.31462
0.712932	-0.973587	1.10614
0.712932	-0.973587	1.10614
0.183677	0.119953	2.07272
0.985674	0.21163	1.0236
0.985674	0.21163	1.0236
0.985674	0.21163	1.0236
0.985674	0.21163	1.0236
0.860697	-0.930346	0.337906
-0.0398552	-1.68062	0.856136
0.213037	-1.91621	0.802344
1.08062	-1.22966	1.05647
1.56105	-1.68311	0.845031
1.56105	-1.68311	0.845031
0.483094	-0.646219	1.13326
0.483094	-0.646219	1.13326
0.483094	-0.646219	1.13326
1.46933	-0.0713722	0.898313
1.05814	0.824608	0.973952
0.897999	1.55004	1.27792
0.107583	0.335376	0.966508
0.370677	-0.610594	0.240871
-0.384385	-1.30384	0.363239
-0.384385	-1.30384	0.363239
0.45024	-1.27663	0.0251863
0.45024	-1.27663	0.0251863
0.45024	-1.27663	0.0251863
0.45024	-1.27663	0.0251863
0.45024	-1.27663	0.0251863
0.959813	-1.4969	0.394034
0.959813	-1.4969	0.394034
0.617817	-1.89382	1.37154
0.231265	-0.773305	2.28741
-0.422389	-1.01606	1.12493
-0.422389	-1.01606	1.12493
-1.52453	-0.269681	1.65828
-1.31924	-1.47717	0.505021
-1.31924	-1.47717	0.505021
-0.520481	-2.41663	0.922543
-0.520481	-2.41663	0.922543
-0.447386	-1.60809	1.99637
0.33265	-2.03523	0.913102
0.416936	-0.986436	1.29162
0.416936	-0.986436	1.29162
1.57666	-0.108896	0.3086
1.57666	-0.108896	0.3086
1.29228	-0.217717	0.324014
0.510795	-0.909463	1.16073
0.510795	-0.909463	1.16073
-0.442473	-1.14954	0.649106
-0.442473	-1.14954	0.649106
-0.125636	-0.703172	-0.304768
-0.125636	-0.703172	-0.304768
-0.125636	-0.703172	-0.304768
-0.125636	-0.703172	-0.304768
-0.125636	-0.703172	-0.304768
-0.125636	-0.703172	-0.304768
0.484208	-0.378418	0.100018
0.484208	-0.378418	0.100018
0.932851	-1.53651	0.324608
0.929745	-0.50568	0.1581
0.929745	-0.50568	0.1581
0.929745	-0.50568	0.1581
0.929745	-0.50568	0.1581
0.591411	0.295737	0.23167
-0.0937454	0.949409	-0.161712
-0.0937454	0.949409	-0.161712
0.897976	-0.102308	0.318119
0.142955	0.585935	0.247485
0.142955	0.585935	0.247485
0.142955	0.585935	0.247485
0.142955	0.585935	0.247485
-0.0921431	0.42145	0.847613
-0.0921431	0.42145	0.847613
-1.12364	0.019804	0.938537
-0.368096	0.249373	-0.255427
-0.368096	0.249373	-0.255427
-0.825315	-0.276419	-0.147743
-0.945865	0.570832	-0.00106811
-0.534535	-0.574277	0.431324
-0.534535	-0.574277	0.431324
0.682795	-0.484391	0.446064
0.656571	0.505314	-0.336188
0.656571	0.505314	-0.336188
-0.167746	0.630795	-0.0352714
0.960027	0.959907	-1.15321
0.960027	0.959907	-1.15321
1.02013	1.84291	-1.82243
1.54202	1.36239	-0.804693
2.02229	1.25821	-0.516465
2.02229	1.25821	-0.516465
2.02229	1.25821	-0.516465
2.02229	1.25821	-0.516465
1.81428	0.340705	0.0379268
0.65131	-0.823152	0.695791
0.31928	-1.09909	-0.313431
-0.112854	-0.696805	-0.816988
-0.502954	0.099054	0.155228
-0.502954	0.099054	0.155228
-0.502954	0.099054	0.155228
0.0382823	-0.722626	-0.901677
0.0382823	-0.722626	-0.901677
-1.17068	-1.20572	-1.27176
-1.17068	-1.20572	-1.27176
-1.64657	-0.594488	-1.61803
-0.87567	-1.59197	-1.14672
-0.87567	-1.59197	-1.14672
-0.218544	-1.91974	-1.47601
0.214782	-1.3127	-0.983552
1.42379	-0.73481	-1.67249
2.24045	-0.503154	-1.9432
2.24045	-0.503154	-1.9432
2.49698	-0.153849	-2.08839
2.49698	-0.153849	-2.08839
2.49698	-0.153849	-2.08839
2.49698	-0.153849	-2.08839
1.41103	-1.11121	-2.29594
1.41103	-1.11121	-2.29594
2.31111	0.096593	-2.22363
2.31111	0.096593	-2.22363
2.56	0.251276	-2.00753
2.56	0.251276	-2.00753
2.0792	0.408861	-1.61085
2.0792	0.408861	-1.61085
2.49303	0.0154899	-1.50189
1.31439	0.569581	-1.91326
0.38296	0.968199	-1.04626
0.134477	1.04457	0.148345
0.467762	0.101241	-0.433597
0.278963	0.439156	-0.287187
0.278963	0.439156	-0.287187
-0.51194	-0.610896	0.798767
-1.18687	-0.129445	-0.237507
-1.86323	0.696974	-0.280733
-2.98503	1.61074	-1.42764
-3.17901	0.66698	-1.70313
-3.96643	1.37698	-2.32171
-3.97567	1.11666	-1.86101
-3.02521	0.333889	-2.84461
-1.91791	0.258557	-2.14451
-1.91791	0.258557	-2.14451
-1.91791	0.258557	-2.14451
-1.38749	0.360074	-2.35521
-1.38749	0.360074	-2.35521
-1.02056	0.928606	-1.69104
-1.02056	0.928606	-1.69104
-0.601703	1.98968	-0.564041
-0.601703	1.98968	-0.564041
-0.601703	1.98968	-0.564041
0.130996	0.896426	-1.67939
0.130996	0.896426	-1.67939
1.23777	1.88847	-0.74055
1.23777	1.88847	-0.74055
1.54171	2.41324	0.365901
1.54171	2.41324	0.365901
0.705429	2.34678	0.070114
1.92311	1.96609	1.18812
1.11019	2.71087	2.11761
1.11019	2.71087	2.11761
0.953416	3.74074	1.36036
0.407387	4.05885	2.00484
0.480697	3.73704	2.79719
0.810551	4.5938	2.33499
0.548917	4.54834	2.51265
0.671081	3.54091	2.88048
0.671081	3.54091	2.88048
0.671081	3.54091	2.88048
1.13644	4.28549	2.14152
1.13644	4.28549	2.14152
1.30522	3.3028	1.9441
1.30522	3.3028	1.9441
1.30522	3.3028	1.9441
0.795067	2.87718	0.808039
0.795067	2.87718	0.808039
1.3068	3.62165	0.00680825
1.3068	3.62165	0.00680825
2.32748	2.90283	0.733837
2.32748	2.90283	0.733837
1.37262	3.16964	1.70416
1.37262	3.16964	1.70416
0.942558	2.60935	0.727494
0.717611	2.61126	0.28171
1.66858	1.63332	0.891582
1.66858	1.63332	0.891582
1.66858	1.63332	0.891582
1.66858	1.63332	0.891582
1.66858	1.63332	0.891582
1.66858	1.63332	0.891582
1.33671	0.480688	0.0253127
1.03353	1.50184	1.18322
0.666092	0.98155	1.41432
0.412144	1.08884	1.24384
0.669738	0.850909	1.66538
1.33622	0.157121	0.760937
1.12875	-0.469027	0.275396
2.16027	-0.408302	0.76817
1.31093	-1.23753	-0.08274
0.490099	-0.444969	-1.13933
0.137144	-0.0916801	-1.55968
-0.576459	-0.869055	-1.64025
-0.576459	-0.869055	-1.64025
-0.651203	-0.943172	-0.595278
-0.651203	-0.943172	-0.595278
-0.651203	-0.943172	-0.595278
-0.651203	-0.943172	-0.595278
-0.651203	-0.943172	-0.595278
-0.268923	-0.417568	-0.256088
-0.268923	-0.417568	-0.256088
-0.268923	-0.417568	-0.256088
-0.268923	-0.417568	-0.256088
-0.268923	-0.417568	-0.256088
-0.268923	-0.417568	-0.256088
-0.112956	0.198242	-0.130997
-0.112956	0.198242	-0.130997
-0.112956	0.198242	-0.130997
-0.112956	0.198242	-0.130997
-0.112956	0.198242	-0.130997
-0.112956	0.198242	-0.130997
-0.112956	0.198242	-0.130997
-0.112956	0.198242	-0.130997
0.0324023	-0.323661	0.0145943
1.04743	-0.0655598	1.08188
1.04743	-0.0655598	1.08188
0.607817	0.682927	1.67498
-0.192928	0.209761	2.22223
-1.12444	-0.140606	1.44543
-0.951853	0.514403	1.24613
-1.02971	0.0485522	2.13339
-0.0247293	0.740805	2.06195
0.150095	1.60892	0.839081
-0.552402	1.65711	0.451779
-0.552402	1.65711	0.451779
0.0898811	1.80486	-0.646943
0.0898811	1.80486	-0.646943
-0.0545663	0.827734	-0.951137
-0.0545663	0.827734	-0.951137
-0.0545663	0.827734	-0.951137
-0.0545663	0.827734	-0.951137
-0.0545663	0.827734	-0.951137
-0.0545663	0.827734	-0.951137
-0.0545663	0.827734	-0.951137
-0.0545663	0.827734	-0.951137
-0.0303834	1.40731	-0.219824
-0.0303834	1.40731	-0.219824
-0.963729	1.77385	0.677903
-0.963729	1.77385	0.677903
-1.85505	0.778607	0.776106
-1.85505	0.778607	0.776106
-1.27932	0.309123	0.857203
-2.20076	0.618681	1.43449
-2.21591	0.0545614	0.951117
-1.95159	1.03072	1.86725
-1.95159	1.03072	1.86725
-1.6458	0.614378	0.9491
-1.6458	0.614378	0.9491
-1.6458	0.614378	0.9491
-1.54949	1.42789	1.73909
-1.54949	1.42789	1.73909
-1.54949	1.42789	1.73909
-1.48394	1.52751	1.72025
-0.430263	2.27374	1.2973
-1.46815	1.70275	0.782805
-0.906885	2.45154	0.0643499
0.132113	2.06105	-0.641767
0.328	1.90517	-0.276546
-0.584213	1.88161	0.776502
-0.286195	2.15977	1.29228
-0.269969	1.42205	1.13044
-0.269969	1.42205	1.13044
0.322333	0.752566	1.02015
1.1923	0.776207	1.31365
1.3466	-0.441569	1.70804
0.494474	0.242018	2.53997
0.494474	0.242018	2.53997
1.38945	1.32403	1.5758
1.38945	1.32403	1.5758
1.38945	1.32403	1.5758
2.2489	1.9895	0.734448
2.2489	1.9895	0.734448
2.2489	1.9895	0.734448
2.62688	2.18611	1.92313
3.76109	2.09846	1.11624
3.51454	1.61228	1.57268
3.51454	1.61228	1.57268
4.24157	2.30023	0.80665
4.24157	2.30023	0.80665
3.81726	3.14162	0.121679
3.81726	3.14162	0.121679
2.79242	1.97656	-0.224427
2.01988	2.49303	-0.226665
2.01988	2.49303	-0.226665
1.25453	2.38309	-0.853654
0.928705	1.16298	-0.6283
0.168778	-0.0100451	-0.724829
0.465362	-0.750757	-0.471589
-0.167263	-0.581168	-0.108943
-0.167263	-0.581168	-0.108943
0.62268	-0.0682985	0.97652
0.91847	0.908234	0.874618
0.91847	0.908234	0.874618
0.91847	0.908234	0.874618
0.91847	0.908234	0.874618
0.414577	1.08265	-0.208376
1.52847	0.5878	0.447683
0.694793	-0.327491	-0.125549
0.14603	-0.752239	-0.448172
0.14603	-0.752239	-0.448172
-0.631989	-0.373615	0.387839
-0.0241185	0.54509	0.208716
-0.0241185	0.54509	0.208716
-0.0241185	0.54509	0.208716
-0.411633	0.0908607	0.591558
-0.411633	0.0908607	0.591558
-0.411633	0.0908607	0.591558
-0.411633	0.0908607	0.591558
-0.411633	0.0908607	0.591558
-0.411633	0.0908607	0.591558
-0.411633	0.0908607	0.591558
-0.411633	0.0908607	0.591558
-0.411633	0.0908607	0.591558
0.343442	-0.103552	0.633726
0.229246	0.104649	0.0819433
0.229246	0.104649	0.0819433
0.229246	0.104649	0.0819433
0.229246	0.104649	0.0819433
0.229246	0.104649	0.0819433
0.571177	0.400236	0.247827
0.997894	-0.186012	-0.758862
0.997894	-0.186012	-0.758862
0.997894	-0.186012	-0.758862
0.997894	-0.186012	-0.758862
0.997894	-0.186012	-0.758862
2.15819	0.564593	0.462769
2.15819	0.564593	0.462769
2.61626	0.589571	0.884118
2.61626	0.589571	0.884118
2.39384	1.32186	-0.0560787
2.39384	1.32186	-0.0560787
3.09681	0.577818	1.0539
2.95618	0.783425	-0.0387846
2.95618	0.783425	-0.0387846
2.28258	-0.221987	-0.629022
2.28258	-0.221987	-0.629022
1.74041	0.549401	-1.57024
1.74041	0.549401	-1.57024
1.74041	0.549401	-1.57024
0.806897	-0.235035	-2.30523
0.806897	-0.235035	-2.30523
0.806897	-0.235035	-2.30523
1.61868	0.536977	-1.89426
1.61868	0.536977	-1.89426
0.949889	0.279715	-1.89945
0.146926	1.47628	-1.67309
0.146926	1.47628	-1.67309
1.11964	0.490574	-1.4734
1.22471	0.678318	-1.03478
0.5115	0.0738592	-1.18005
0.5115	0.0738592	-1.18005
0.221295	-0.736886	-0.439112
0.221295	-0.736886	-0.439112
-0.807507	-0.465751	-1.03341
-0.807507	-0.465751	-1.03341
-0.375985	0.0636821	-1.42988
-0.375985	0.0636821	-1.42988
-0.221331	-0.499468	-0.291203
-0.221331	-0.499468	-0.291203
-0.221331	-0.499468	-0.291203
-0.221331	-0.499468	-0.291203
-0.221331	-0.499468	-0.291203
-0.221331	-0.499468	-0.291203
-0.221331	-0.499468	-0.291203
-0.270604	-0.587572	0.0549159
0.329742	0.22127	-0.281097
0.329742	0.22127	-0.281097
0.329742	0.22127	-0.281097
0.329742	0.22127	-0.281097
0.329742	0.22127	-0.281097
0.329742	0.22127	-0.281097
-0.476315	0.596063	-0.0300324
-0.476315	0.596063	-0.0300324
-0.174622	0.435216	0.163453
-0.174622	0.435216	0.163453
-0.174622	0.435216	0.163453
-0.174622	0.435216	0.163453
0.759878	-0.635278	-0.326835
1.85345	0.36342	0.136912
1.85345	0.36342	0.136912
2.39572	0.0282624	0.287337
2.30038	1.01647	-0.162274
2.30038	1.01647	-0.162274
1.32588	-0.106081	1.03926
1.32588	-0.106081	1.03926
1.32588	-0.106081	1.03926
0.113302	-0.543128	0.802045
0.487041	-0.876634	0.333617
0.487041	-0.876634	0.333617
-0.642516	0.0754645	-0.460317
-0.217399	0.697793	0.0288341
-0.217399	0.697793	0.0288341
0.530669	0.935694	-0.129465
-0.172526	-0.0614809	-0.0587229
-0.172526	-0.0614809	-0.0587229
-0.172526	-0.0614809	-0.0587229
-0.172526	-0.0614809	-0.0587229
-0.172526	-0.0614809	-0.0587229
-0.401645	-0.445165	-0.0435084
-0.984831	-1.6323	-0.128778
-1.08217	-1.83864	0.97653
-1.08217	-1.83864	0.97653
-1.08217	-1.83864	0.97653
-2.21576	-1.19847	0.551099
-1.67742	-0.418808	-0.560749
-0.748555	-0.379291	0.590269
-0.748555	-0.379291	0.590269
0.282528	-1.53034	1.328
0.282528	-1.53034	1.328
0.80676	-2.06181	0.320438
0.80676	-2.06181	0.320438
0.445087	-0.969492	0.625005
-0.547412	-0.0709977	0.840858
-0.670962	0.6538	1.59754
-0.769729	-0.255986	0.998179
-0.701697	-0.30213	0.0359739
-0.701697	-0.30213	0.0359739
-1.33083	-1.08394	-1.10927
-1.13103	-1.38195	-1.89045
-0.120627	-0.427389	-0.67901
0.181147	-0.964641	-0.62844
0.561809	-1.72529	0.191539
0.926084	-1.00582	-0.960179
0.00544073	-1.18601	-0.534874
0.00544073	-1.18601	-0.534874
0.00544073	-1.18601	-0.534874
0.149589	-0.893044	-1.3762
0.149589	-0.893044	-1.3762
0.149589	-0.893044	-1.3762
0.149589	-0.893044	-1.3762
0.149589	-0.893044	-1.3762
0.116743	-0.612499	-0.949358
0.116743	-0.612499	-0.949358
-1.03987	0.479463	-0.950518
-1.03987	0.479463	-0.950518
-0.19172	-0.706267	-0.854275
-0.82565	-0.824967	-0.0872075
-0.0581766	0.218534	-0.318066
-0.0581766	0.218534	-0.318066
-0.16434	-0.211983	0.366201
-0.16434	-0.211983	0.366201
-0.16434	-0.211983	0.366201
-0.16434	-0.211983	0.366201
-0.16434	-0.211983	0.366201
0.891289	-1.30273	-0.416491
0.891289	-1.30273	-0.416491
0.0796826	-1.08706	0.525302
0.492502	-0.57143	1.09344
0.492502	-0.57143	1.09344
1.02988	-0.171097	1.66056
2.23552	-0.233934	1.53909
1.47995	-0.916778	2.73315
1.47995	-0.916778	2.73315
1.47995	-0.916778	2.73315
1.58426	-0.369895	1.58255
2.01624	0.0211669	2.52297
2.01624	0.0211669	2.52297
1.3294	0.239099	2.79145
0.580681	1.04253	2.88834
-0.295671	0.432499	1.76533
-0.295671	0.432499	1.76533
-1.19606	0.361578	0.77896
-1.19606	0.361578	0.77896
-1.19606	0.361578	0.77896
-1.19606	0.361578	0.77896
-0.639748	0.234042	0.447835
0.0159377	0.423924	-0.26504
-0.244635	0.408999	-0.0572369
-0.244635	0.408999	-0.0572369
-0.244635	0.408999	-0.0572369
-0.244635	0.408999	-0.0572369
-0.380793	-0.505054	-0.830276
-0.380793	-0.505054	-0.830276
-0.380793	-0.505054	-0.830276
-0.380793	-0.505054	-0.830276
0.594593	0.47053	-1.10578
1.74954	-0.628057	-0.247272
2.55187	-0.282271	0.620371
2.55187	-0.282271	0.620371
2.87145	0.626054	0.283961
2.87145	0.626054	0.283961
2.87145	0.626054	0.283961
2.87145	0.626054	0.283961
2.87145	0.626054	0.283961
2.67744	1.25395	1.05228
2.55052	0.274946	0.60101
2.85825	0.670337	-0.591523
2.87514	1.63461	-0.347334
3.63484	1.79084	-0.708123
2.84112	2.23451	-0.269389
2.84112	2.23451	-0.269389
2.14361	2.94184	-1.39096
2.70922	2.05765	-1.73482
2.70922	2.05765	-1.73482
3.39093	1.24376	-0.885927
2.34588	0.817708	0.269706
2.34588	0.817708	0.269706
2.34588	0.817708	0.269706
1.51361	1.17095	-0.797069
2.62288	1.84989	-1.3018
2.77676	1.43152	-2.25918
3.01846	1.57115	-1.2017
2.69612	2.3498	-0.393814
2.69612	2.3498	-0.393814
2.90829	1.62675	-0.610351
2.90829	1.62675	-0.610351
2.44272	1.94853	-0.839075
1.41367	1.9106	-0.939112
0.784643	0.877542	-0.903319
0.784643	0.877542	-0.903319
0.544237	0.785099	-0.600541
0.544237	0.785099	-0.600541
-0.445165	0.630753	-0.713395
-0.445165	0.630753	-0.713395
-1.17805	0.0339719	-0.916171
-1.36614	-0.890001	-0.351798
-1.59609	0.277965	0.598079
-1.13468	0.849308	0.565594
-0.778608	-0.0916929	1.73903
-0.740513	-0.892079	1.27506
-1.42764	-0.488374	0.360245
-0.973974	-0.260872	-0.545676
-0.973974	-0.260872	-0.545676
-0.973974	-0.260872	-0.545676
-0.973974	-0.260872	-0.545676
-0.300447	-0.337865	-0.728236
-0.300447	-0.337865	-0.728236
-0.300447	-0.337865	-0.728236
-0.258447	0.566427	-1.46511
0.60779	0.693639	-1.70658
0.39433	1.3586	-2.82762
0.39433	1.3586	-2.82762
1.047	0.815349	-1.97689
1.047	0.815349	-1.97689
1.047	0.815349	-1.97689
-0.142144	1.66086	-1.5469
-0.142144	1.66086	-1.5469
0.41341	1.85581	-2.22113
-0.453467	0.754733	-1.12569
0.397418	0.0413083	-1.13445
1.30473	-0.230271	-0.388001
1.30473	-0.230271	-0.388001
0.671796	0.813562	-0.0691433
0.671796	0.813562	-0.0691433
0.16379	0.19234	0.327202
0.16379	0.19234	0.327202
0.16379	0.19234	0.327202
0.16379	0.19234	0.327202
0.16379	0.19234	0.327202
0.16379	0.19234	0.327202
0.16379	0.19234	0.327202
0.16379	0.19234	0.327202
0.16379	0.19234	0.327202
0.16379	0.19234	0.327202
0.16379	0.19234	0.327202
0.16379	0.19234	0.327202
0.16379	0.19234	0.327202
0.16379	0.19234	0.327202
0.16379	0.19234	0.327202
0.16379	0.19234	0.327202
0.16379	0.19234	0.327202
0.0150237	0.623687	0.808513
0.602861	0.568859	0.634074
0.53739	-0.0893886	0.241502
0.53739	-0.0893886	0.241502
0.53739	-0.0893886	0.241502
-0.452691	0.175684	1.06963
-0.452691	0.175684	1.06963
-0.831226	-0.0467046	2.25663
-1.77337	-0.256234	2.78589
-0.851522	-1.13879	2.61362
-1.63613	-1.07317	2.24961
-0.683708	-1.78519	1.96063
-0.464449	-2.13118	1.39908
-1.12581	-2.25758	1.01665
-1.12581	-2.25758	1.01665
-0.107324	-2.77179	0.328207
-0.107324	-2.77179	0.328207
-1.26104	-3.49948	0.532598
-1.26104	-3.49948	0.532598
-0.358508	-2.986	-0.681481
-0.269459	-1.93699	-1.50563
0.328943	-2.74008	-2.28101
-0.0368172	-2.44301	-2.66901
-0.979477	-2.92	-1.63976
-0.979477	-2.92	-1.63976
-0.979477	-2.92	-1.63976
-0.231853	-3.09155	-2.29424
0.525897	-2.98192	-3.11891
0.525897	-2.98192	-3.11891
-0.634222	-1.91206	-3.80678
-0.634222	-1.91206	-3.80678
-0.634222	-1.91206	-3.80678
-0.634222	-1.91206	-3.80678
-1.21555	-3.08494	-2.72594
-0.752319	-3.02927	-2.50743
0.11589	-1.9271	-3.26806
0.11589	-1.9271	-3.26806
0.845729	-1.43329	-4.04135
0.845729	-1.43329	-4.04135
0.374575	-2.52703	-4.10026
-0.276389	-3.42572	-3.13649
-0.276389	-3.42572	-3.13649
-0.461806	-2.33434	-2.81978
-0.461806	-2.33434	-2.81978
-0.461806	-2.33434	-2.81978
-0.63819	-1.18159	-2.30915
-0.214587	-1.72744	-2.3152
0.236686	-1.11988	-1.46291
1.00047	-2.0965	-0.450653
1.22246	-1.73373	-0.738203
0.468136	-2.03052	0.396922
-0.0178442	-1.34341	0.151085
-0.0178442	-1.34341	0.151085
-0.0178442	-1.34341	0.151085
-0.0178442	-1.34341	0.151085
0.108717	-0.423988	-0.85145
0.108717	-0.423988	-0.85145
0.108717	-0.423988	-0.85145
-0.96824	0.729122	0.0969738
-0.348189	0.396876	0.689555
0.694117	0.198734	1.32825
0.694117	0.198734	1.32825
1.23869	0.16879	0.620756
1.94018	0.129724	1.12951
1.94018	0.129724	1.12951
1.94018	0.129724	1.12951
1.94018	0.129724	1.12951
1.94018	0.129724	1.12951
1.15772	-0.223395	0.267571
0.0296048	-0.536754	-0.154404
0.874361	0.421858	0.594691
0.891414	-0.736796	-0.181426
-0.107817	-0.1036	-1.17926
-0.107817	-0.1036	-1.17926
-0.107817	-0.1036	-1.17926
-0.107817	-0.1036	-1.17926
-1.2572	-0.357342	-0.681233
-0.227615	-1.36251	-1.8351
-0.059283	-0.218888	-1.59046
-0.786258	-0.491929	-1.0641
-0.464071	0.0905056	-0.715404
0.469862	-0.65624	-0.40787
1.61978	-0.379128	-0.0227628
0.874864	-0.496039	1.0381
0.874864	-0.496039	1.0381
0.220156	-0.854715	0.550985
0.220156	-0.854715	0.550985
0.220156	-0.854715	0.550985
0.220156	-0.854715	0.550985
1.10716	-0.417294	-0.0142174
1.10716	-0.417294	-0.0142174
1.39338	0.728684	0.441845
1.39338	0.728684	0.441845
0.346378	-0.486323	0.455637
0.346378	-0.486323	0.455637
0.346378	-0.486323	0.455637
0.346378	-0.486323	0.455637
1.04589	0.692181	-0.170763
0.843887	-0.444375	-0.446947
0.845276	0.321697	0.268748
-0.0835205	0.884534	-0.301026
-0.0835205	0.884534	-0.301026
0.417552	1.23253	0.159106
0.417552	1.23253	0.159106
-0.155902	0.299344	1.09597
-0.155902	0.299344	1.09597
-0.155902	0.299344	1.09597
-0.48883	-0.373204	0.942887
-1.62009	-0.662819	-0.0251387
-1.30584	0.5452	-0.557233
-1.4543	-0.154452	-0.663302
-0.774601	-0.142556	-0.0741171
-0.774601	-0.142556	-0.0741171
-0.774601	-0.142556	-0.0741171
-0.903697	0.177347	0.119938
-0.212666	-0.92878	-0.450004
0.322788	0.186523	0.0763452
0.322788	0.186523	0.0763452
0.322788	0.186523	0.0763452
0.322788	0.186523	0.0763452
0.322788	0.186523	0.0763452
0.322788	0.186523	0.0763452
0.322788	0.186523	0.0763452
0.322788	0.186523	0.0763452
0.600566	-0.84002	0.245584
0.600566	-0.84002	0.245584
0.600566	-0.84002	0.245584
0.600566	-0.84002	0.245584
0.819994	-0.554042	0.278193
0.819994	-0.554042	0.278193
0.819994	-0.554042	0.278193
0.0734284	0.0495985	0.123349
0.0734284	0.0495985	0.123349
0.0734284	0.0495985	0.123349
0.143453	0.351985	-0.464425
0.143453	0.351985	-0.464425
0.143453	0.351985	-0.464425
0.143453	0.351985	-0.464425
0.676815	-0.0747421	0.556005
0.676815	-0.0747421	0.556005
0.676815	-0.0747421	0.556005
-0.24996	-0.320718	0.393796
-0.24996	-0.320718	0.393796
-0.24996	-0.320718	0.393796
-0.28315	0.426785	0.663102
-0.28315	0.426785	0.663102
-0.28315	0.426785	0.663102
0.0965821	0.665744	0.469747
-0.52466	1.18162	0.545156
-1.41997	0.795107	-0.649996
-1.41997	0.795107	-0.649996
-1.6358	1.50879	-0.562337
-1.90267	1.1641	-0.192682
-2.85366	1.602	0.983168
-1.8827	1.38474	1.12586
-1.8827	1.38474	1.12586
-1.8827	1.38474	1.12586
-1.8827	1.38474	1.12586
-0.717799	1.9785	1.47641
-1.45578	2.82519	0.421583
-1.45578	2.82519	0.421583
-0.338439	1.9746	-0.348888
-1.1646	1.07726	-0.540391
0.0324736	0.5082	0.41965
0.0324736	0.5082	0.41965
0.0857851	0.128498	-0.632479
0.0857851	0.128498	-0.632479
0.0857851	0.128498	-0.632479
0.0857851	0.128498	-0.632479
1.19467	1.05606	-1.09188
2.22204	-0.0552603	-0.00562554
1.47389	0.943125	-1.0152
2.30865	1.15534	-0.435562
2.14051	1.13838	0.1614
2.14051	1.13838	0.1614
2.59541	1.36379	0.414035
2.59541	1.36379	0.414035
2.87161	2.22559	-0.625816
3.70828	1.95048	-0.842803
3.70828	1.95048	-0.842803
3.70828	1.95048	-0.842803
3.28364	1.10519	-1.15959
3.26426	0.277036	-0.323681
3.26426	0.277036	-0.323681
2.53394	0.54094	0.416749
2.53394	0.54094	0.416749
2.27355	-0.289785	-0.180045
2.4682	-1.08379	-0.371471
2.4682	-1.08379	-0.371471
1.64964	-1.58421	-1.39653
1.64964	-1.58421	-1.39653
