0.34641
0.809325
0.809325
0.809325
0.791299
0.791299
0.791299
0.791299
1.65185
2.19986
2.04979
2.04979
2.04979
2.04979
3.20717
1.82123
1.82123
1.68732
1.4443
1.66583
1.15974
2.28434
2.28434
2.28434
2.04859
2.04859
2.71425
3.12852
3.13651
3.13651
2.24837
2.24837
1.50157
1.14714
1.70459
1.70459
1.00487
1.01464
1.01464
0.848176
0.594903
1.1095
1.1095
1.1095
1.1095
1.1095
1.1095
1.78542
1.78542
2.18659
2.57694
2.7664
3.46759
3.55556
3.80278
3.44876
3.44876
3.43899
3.43899
3.43899
3.43899
3.43899
2.6387
3.08875
3.08875
3.63601
3.9333
3.86342
3.86342
3.86342
3.86342
2.88662
2.85237
2.49125
2.49125
2.49125
2.49125
2.55641
2.38628
1.57776
1.04284
1.04284
1.04284
1.04284
1.04284
1.23279
1.23279
1.17932
1.17932
1.32326
1.32326
1.35637
1.35637
2.08687
2.08687
2.08687
2.0002
2.09154
2.09154
1.448
2.24573
2.24573
2.24294
2.4406
2.34206
2.34206
2.94385
2.94385
2.75334
1.90302
1.18399
1.18399
1.18399
1.18399
1.49323
1.49323
1.48404
1.13384
0.744349
0.744349
0.551197
0.551197
0.551197
0.551197
0.551197
0.570223
0.570223
0.543933
0.543933
0.543933
0.400121
0.400121
0.443068
0.443068
0.443068
0.443068
0.443068
1.76376
2.25185
2.20961
2.20961
1.20999
0.729314
0.729314
1.27191
1.94136
1.94136
1.9925
2.06619
1.30126
0.492751
0.731408
0.731408
0.731408
0.731408
0.731408
0.71816
0.571398
0.571398
0.868618
0.868618
0.868618
0.868618
0.868618
0.868618
0.868618
0.868618
0.868618
2.14733
2.24324
2.24324
3.25587
2.79271
2.79271
2.23938
2.57473
2.47559
2.03386
2.03386
2.03386
2.37373
2.37373
1.4539
1.4539
1.4539
1.20149
1.53262
1.53262
1.36704
1.36704
1.94461
1.39477
1.7232
1.27495
1.27495
1.27495
1.27495
1.27495
1.04315
1.04315
1.0453
1.0453
0.982763
0.982763
0.982763
0.982763
0.982763
0.982763
0.982763
0.982763
1.88404
1.88404
1.80001
2.00361
2.00361
2.00361
2.45745
2.45745
2.45745
2.7249
2.7249
1.99328
1.5394
1.5394
0.695685
0.695685
0.695685
0.695685
0.778701
0.778701
0.778701
0.778701
0.778701
0.778701
0.778701
0.861672
0.717927
0.717927
0.717927
0.717927
0.717927
0.717927
0.717927
0.717927
1.80514
1.80514
1.74519
0.906341
0.906341
0.906341
0.906341
0.906341
0.3807
0.3807
1.05559
0.671478
0.589025
0.589025
1.05718
1.05718
1.05718
1.05718
1.05718
1.05718
2.06073
2.62915
2.59916
2.49582
1.07262
0.606008
0.897829
0.897829
0.897829
0.897829
0.481639
0.481639
0.481639
0.481639
0.481639
0.481639
0.481639
0.481639
0.481639
0.481639
0.481639
0.481639
0.55567
0.854395
1.62399
1.62399
1.6864
1.6864
1.3396
1.3396
1.3396
1.3396
1.3396
1.3396
1.3396
2.50785
1.40125
1.40125
0.918852
0.889442
0.889442
0.657345
0.657345
0.657345
1.78442
1.30747
1.30747
2.08195
2.08195
1.71419
2.00257
2.00257
2.20463
1.84827
1.84827
1.83918
1.83918
0.791218
0.791218
1.0251
1.0251
1.1764
0.919424
0.919424
0.919424
0.919424
0.919424
1.45418
1.23312
1.23312
1.23312
1.02103
1.03016
1.03016
1.28032
0.75594
1.52961
1.52961
1.52961
1.52961
0.963741
0.963741
0.963741
0.963741
0.963741
0.963741
0.909951
1.60951
1.60951
0.700692
0.700692
0.700692
0.700692
1.06877
1.06877
1.18733
1.0247
1.0247
1.77634
1.77634
1.77634
1.28246
1.28246
1.28246
1.28246
1.28246
1.28246
0.954574
1.44307
1.44307
1.44307
1.44307
1.76079
1.76079
1.76079
2.69331
2.69331
2.86355
2.14156
2.14156
2.5864
2.5864
2.5864
2.5864
2.03848
2.03848
2.03848
2.36792
2.02974
2.151
1.67488
1.67488
0.938794
1.66363
1.66363
1.18515
1.18515
1.18515
1.18515
0.752298
0.752298
2.09811
2.00697
2.13645
1.58314
1.46373
1.46373
1.55696
1.55696
2.31773
3.15177
3.25927
2.59951
2.47455
2.44419
2.44419
2.44419
2.2121
2.31287
2.21709
2.21709
2.21709
2.21709
2.00718
2.00718
1.38945
0.98634
0.970233
1.24111
1.24111
1.50432
1.61851
1.52359
0.827978
1.49501
2.55981
2.41673
2.41673
2.41673
1.82079
1.62245
1.62245
1.62245
1.62245
1.02923
1.08432
1.08432
2.11864
1.69455
1.81207
1.81207
1.68385
0.58046
0.58046
0.58046
0.139995
0.139995
0.139995
0.139995
1.58693
1.19506
1.19506
1.19506
0.438209
0.438209
0.504299
0.40186
0.40186
0.40186
0.404923
0.404923
0.404923
1.88953
2.95877
2.95877
2.95877
3.83267
3.05819
3.05819
3.05819
2.76307
2.56974
2.76974
2.76974
3.61524
3.63513
3.57322
3.66081
4.97722
4.67602
3.82079
3.46128
3.46128
3.46128
4.03288
2.74959
2.81964
2.54157
2.14727
1.17132
1.34549
1.34549
1.34549
1.34549
1.3389
1.74574
1.74574
2.48369
2.48369
3.11082
2.72557
1.90841
1.90841
1.90841
1.90841
1.90841
2.63774
2.63774
2.63774
2.687
2.687
2.687
2.2177
2.2177
2.2177
2.52754
2.7312
3.21863
3.21863
2.56222
1.72656
1.72656
2.59791
2.59791
1.88377
2.05121
2.184
2.47536
1.63304
0.936555
0.936555
0.936555
0.656257
0.656257
0.656257
0.656257
0.656257
0.656257
0.656257
0.656257
0.656257
0.656257
0.752928
0.752928
1.32116
0.723825
0.723825
1.54559
1.66131
1.28033
1.28033
0.808088
0.609217
0.609217
0.609217
0.609217
0.609217
0.986418
0.467705
1.20602
1.20602
1.05718
1.05718
1.05718
0.523009
0.661739
0.661739
0.266223
0.266223
0.266223
0.266223
0.266223
0.266223
0.266223
0.844542
0.844542
0.844542
0.844542
0.844542
0.844542
0.844542
0.844542
0.844542
0.844542
0.951819
0.951819
1.03224
1.03224
1.3003
1.3003
1.56375
1.56375
1.64344
1.67419
1.67419
1.67419
2.04939
1.91308
1.51296
1.82142
1.01815
1.01815
1.01815
1.01815
1.01815
1.51123
1.51123
1.47214
1.7901
1.7901
1.7901
1.303
1.64202
1.64202
1.64202
1.38169
0.921812
0.921812
1.36194
1.7585
0.6448
0.764495
0.764495
0.764495
0.764495
0.764495
0.764495
0.764495
0.764495
1.10892
1.4041
1.4041
1.4041
1.4041
1.4041
1.9888
2.94977
2.94977
2.94977
2.94977
3.21778
3.21778
3.22096
3.22096
3.22096
3.22096
2.47645
2.74712
2.18058
1.72816
1.72816
1.22416
1.22416
0.618172
0.618172
0.618172
0.618172
0.618172
0.618172
0.618172
0.618172
0.604289
1.46134
1.46134
1.46134
0.786329
0.814839
0.814839
0.994516
0.994516
1.71785
1.71785
1.75153
1.75153
1.75153
1.75153
1.75153
1.75153
1.75153
1.75153
1.75153
1.75153
1.75153
1.28649
1.28649
1.494
1.4753
1.7195
0.444057
0.444057
0.800932
0.866276
0.866276
0.856605
0.856605
1.12611
0.740243
0.740243
0.740243
0.729631
0.729631
0.641605
0.692244
1.60497
0.975421
0.975421
1.51159
0.727251
0.95196
0.95196
0.95196
0.95196
0.95196
0.95196
0.95196
0.95196
0.628652
0.628652
0.679106
0.679106
0.679106
0.679106
0.761629
0.761629
0.811534
0.811534
0.960224
0.960224
1.3736
1.3736
1.3736
2.02511
2.02511
2.13094
3.10637
2.59071
2.59071
2.25128
1.63698
1.63698
2.0843
1.4367
1.4367
1.4367
1.4367
1.31169
1.88654
2.0883
1.94832
2.44618
2.44618
1.39114
1.39114
1.39114
1.72366
1.65778
2.20048
1.02868
0.753821
1.40701
1.40701
1.35393
1.35393
1.35393
1.35393
1.35393
1.82132
1.82132
2.41855
2.42564
1.57361
1.57361
2.26866
2.04389
2.04389
2.63858
2.63858
2.60223
2.25535
1.67785
1.67785
1.61026
1.61026
1.34995
1.56056
1.56056
1.39232
1.39232
0.776608
0.776608
0.776608
0.776608
0.776608
0.776608
0.622624
0.622624
1.8266
1.07011
1.07011
1.07011
1.07011
0.700641
0.967635
0.967635
0.958138
0.651924
0.651924
0.651924
0.651924
0.951083
0.951083
1.46418
0.512761
0.512761
0.882825
1.10477
0.895299
0.895299
0.948587
0.89412
0.89412
0.653671
1.78128
1.78128
2.78536
2.20941
2.43711
2.43711
2.43711
2.43711
1.84639
1.25933
1.18666
1.0797
0.535602
0.535602
0.535602
1.15615
1.15615
2.10752
2.10752
2.38383
2.14852
2.14852
2.43141
1.65429
2.3161
3.00812
3.00812
3.25883
3.25883
3.25883
3.25883
2.91498
2.91498
3.2086
3.2086
3.26296
3.26296
2.66178
2.66178
2.91052
2.39011
1.47605
1.06359
0.6458
0.594268
0.594268
1.12841
1.2173
2.00903
3.68009
3.66764
4.7978
4.52949
4.16596
2.88862
2.88862
2.88862
2.75714
2.75714
2.18254
2.18254
2.15384
2.15384
2.15384
1.90816
1.90816
2.3763
2.3763
2.88695
2.88695
2.45152
2.99591
3.61464
3.61464
4.09301
4.54529
4.69263
5.21653
5.22514
4.61363
4.61363
4.61363
4.92372
4.92372
4.04865
4.04865
4.04865
3.09245
3.09245
3.85021
3.85021
3.79238
3.79238
3.8516
3.8516
2.86817
2.72268
2.49936
2.49936
2.49936
2.49936
2.49936
2.49936
1.42074
2.17341
1.84592
1.7037
1.98648
1.54571
1.25296
2.32885
1.80467
1.31768
1.56838
1.9437
1.9437
1.29151
1.29151
1.29151
1.29151
1.29151
0.558806
0.558806
0.558806
0.558806
0.558806
0.558806
0.263095
0.263095
0.263095
0.263095
0.263095
0.263095
0.263095
0.263095
0.325606
1.50727
1.50727
1.90825
2.24043
1.83668
1.6503
2.36939
2.19113
1.82077
1.80423
1.80423
1.91941
1.91941
1.26205
1.26205
1.26205
1.26205
1.26205
1.26205
1.26205
1.26205
1.4247
1.4247
2.12953
2.12953
2.15634
2.15634
1.57067
2.69886
2.41203
2.89097
2.89097
1.99672
1.99672
1.99672
2.73207
2.73207
2.73207
2.73763
2.65292
2.38067
2.6147
2.16269
1.95288
2.11771
2.53308
1.83658
1.83658
1.30804
1.93643
2.21939
2.59895
2.59895
2.4833
2.4833
2.4833
3.09112
3.09112
3.09112
3.92148
4.4492
4.1743
4.1743
4.8921
4.8921
4.94531
4.94531
3.42852
3.21659
3.21659
2.82518
1.61548
0.744288
1.0013
0.614493
0.614493
1.16017
1.55995
1.55995
1.55995
1.55995
1.17789
1.69769
0.7783
0.88772
0.88772
0.830312
0.58418
0.58418
0.58418
0.726387
0.726387
0.726387
0.726387
0.726387
0.726387
0.726387
0.726387
0.726387
0.728206
0.264991
0.264991
0.264991
0.264991
0.264991
0.74017
1.26738
1.26738
1.26738
1.26738
1.26738
2.27831
2.27831
2.82384
2.82384
2.73513
2.73513
3.32187
3.05847
3.05847
2.37805
2.37805
2.40759
2.40759
2.40759
2.45365
2.45365
2.45365
2.54886
2.54886
2.14206
2.23611
2.23611
1.91446
1.74092
1.28826
1.28826
0.885885
0.885885
1.39174
1.39174
1.47986
1.47986
0.619076
0.619076
0.619076
0.619076
0.619076
0.619076
0.619076
0.649217
0.486524
0.486524
0.486524
0.486524
0.486524
0.486524
0.763589
0.763589
0.496611
0.496611
0.496611
0.496611
1.04298
1.8937
1.8937
2.41306
2.52018
2.52018
1.68798
1.68798
1.68798
0.975244
1.05688
1.05688
0.793986
0.731443
0.731443
1.08346
0.192337
0.192337
0.192337
0.192337
0.192337
0.601152
1.91073
2.34634
2.34634
2.34634
2.57869
1.81757
1.02597
1.02597
2.04581
2.04581
2.2371
2.2371
1.23638
1.00585
1.85196
1.28622
0.764824
0.764824
2.04365
2.60054
0.811336
1.16545
1.82454
1.6707
1.30105
1.30105
1.30105
1.64737
1.64737
1.64737
1.64737
1.64737
1.13581
1.13581
1.48819
1.48819
1.12488
1.17042
0.390266
0.390266
0.453925
0.453925
0.453925
0.453925
0.453925
1.63247
1.63247
1.20995
1.32842
1.32842
1.96148
2.72416
3.2405
3.2405
3.2405
2.26962
3.22971
3.22971
3.10107
3.12515
1.84143
1.84143
1.47244
1.47244
1.47244
1.47244
0.815236
0.500212
0.480002
0.480002
0.480002
0.480002
1.04376
1.04376
1.04376
1.04376
1.34078
1.87523
2.64132
2.64132
2.95259
2.95259
2.95259
2.95259
2.95259
3.13821
2.63476
2.99481
3.32552
4.11346
3.62458
3.62458
3.8967
3.81882
3.81882
3.7189
2.49891
2.49891
2.49891
2.07303
3.46356
3.85533
3.60884
3.59802
3.59802
3.38777
3.38777
3.23538
2.55554
1.48382
1.48382
1.12837
1.12837
1.05117
1.05117
1.49276
1.66799
1.72698
1.52601
1.90758
1.72335
1.55127
1.14649
1.14649
1.14649
1.14649
0.857174
0.857174
0.857174
1.59192
1.93984
3.16176
3.16176
2.38098
2.38098
2.38098
2.27411
2.27411
2.92376
1.42914
1.20276
1.38054
1.38054
1.05734
1.05734
0.413379
0.413379
0.413379
0.413379
0.413379
0.413379
0.413379
0.413379
0.413379
0.413379
0.413379
0.413379
0.413379
0.413379
0.413379
0.413379
0.413379
1.02123
1.0436
0.595904
0.595904
0.595904
1.17469
1.17469
2.40531
3.31235
2.97539
2.98151
2.73833
2.59135
2.71987
2.71987
2.79322
2.79322
3.75769
3.75769
3.08369
2.46808
3.5804
3.61846
3.48921
3.48921
3.48921
3.85681
4.34696
4.34696
4.30695
4.30695
4.30695
4.30695
4.29245
4.00371
3.7957
3.7957
4.37059
4.37059
4.83097
4.6529
4.6529
3.68966
3.68966
3.68966
2.67126
2.89659
1.85749
2.36629
2.24615
2.12126
1.352
1.352
1.352
1.352
0.957368
0.957368
0.957368
1.21594
0.868466
1.5118
1.5118
1.39577
2.24877
2.24877
2.24877
2.24877
2.24877
1.20906
0.559305
1.13848
1.17064
1.1887
1.1887
1.1887
1.1887
1.47388
2.29692
1.60655
1.41156
0.857529
0.904312
1.66371
1.44537
1.44537
1.04048
1.04048
1.04048
1.04048
1.18327
1.18327
1.63331
1.63331
0.751061
0.751061
0.751061
0.751061
1.26577
1.05327
0.943507
0.938079
0.938079
1.31103
1.31103
1.14676
1.14676
1.14676
1.12573
1.75062
1.52085
1.60586
0.791089
0.791089
0.791089
0.928712
1.05374
0.380542
0.380542
0.380542
0.380542
0.380542
0.380542
0.380542
0.380542
1.06143
1.06143
1.06143
1.06143
1.02798
1.02798
1.02798
0.151877
0.151877
0.151877
0.600136
0.600136
0.600136
0.600136
0.879095
0.879095
0.879095
0.566053
0.566053
0.566053
0.837868
0.837868
0.837868
0.820491
1.4031
1.75243
1.75243
2.29532
2.23884
3.41707
2.59416
2.59416
2.59416
2.59416
2.57089
3.20604
3.20604
2.03355
1.67595
0.65987
0.65987
0.651076
0.651076
0.651076
0.651076
1.93254
2.22273
2.02299
2.61809
2.42977
2.42977
2.961
2.961
3.6866
4.27387
4.27387
4.27387
3.65355
3.29195
3.29195
2.62434
2.62434
2.29901
2.72114
2.72114
2.6798
2.6798
