2.03972
0.900548
3.61607
3.61607
5.09608
5.09608
6.03344
6.03344
6.32819
6.50822
6.50822
5.65004
6.43457
8.74167
8.74167
7.45942
6.7097
6.7097
6.7097
6.20395
3.02897
1.99808
1.99808
3.58079
3.58079
4.16815
5.47474
5.47474
2.73574
3.6017
3.6017
3.6017
3.6017
3.6017
3.6017
5.21355
3.02457
3.02457
3.20529
3.20529
3.20529
6.57665
5.38781
3.02244
3.02244
3.02244
4.44747
4.44747
3.48961
3.48961
1.83666
2.83139
2.83139
2.83139
3.84502
2.85623
4.13474
3.82772
3.82772
3.82772
3.82772
3.82772
3.82772
3.82772
3.82772
3.82772
3.82772
3.82772
2.95804
2.95804
2.95804
2.95804
2.95804
4.43678
1.34664
1.34664
1.34664
1.34664
2.5571
2.5571
1.40687
1.40687
1.40687
1.40687
1.40687
1.40687
3.98939
3.98939
3.73179
3.73179
3.73179
3.73179
3.73179
3.73179
3.73179
3.73179
3.73179
3.73179
3.97214
3.97214
3.9922
5.60011
5.25967
5.39294
4.09352
4.09352
4.09352
4.09352
1.44102
2.93505
2.93505
2.93505
2.193
3.49663
3.61954
3.61954
2.3669
3.55601
3.55601
3.55601
3.55601
4.91973
4.91973
4.91973
4.91973
4.80142
6.07888
4.94821
8.20317
8.20317
8.20317
8.20317
7.53318
8.2452
7.25268
6.44084
5.25782
6.23775
5.9535
5.9535
7.65945
8.54984
8.54984
7.11407
6.08607
6.08607
5.68821
5.68821
5.68821
8.29797
6.14882
7.55507
7.55507
7.7333
7.89032
8.498
8.498
8.498
9.61699
9.61699
9.87992
10.0604
10.0604
8.79598
8.79598
8.79598
8.33422
8.96032
7.89358
7.89358
7.89358
6.35583
6.24724
6.24724
6.24724
6.24724
6.24724
6.24724
6.24724
7.99674
7.99674
7.59854
7.59854
5.42299
4.37801
4.83967
4.83967
4.83967
4.83967
4.83967
4.73521
4.73521
5.58521
5.58521
5.58521
3.57889
3.57889
5.06053
5.06053
5.06053
4.77304
4.72806
2.5745
2.5745
2.5745
2.5745
2.01303
2.51441
2.51441
3.98801
3.98801
3.98801
3.98801
4.38933
2.65143
2.65143
2.65143
2.65143
2.65143
2.65143
2.65143
2.65143
2.65143
2.65143
2.65143
2.65143
2.65143
3.72717
3.72717
3.72717
3.65091
4.58662
3.20342
2.00379
3.76299
3.76299
4.55623
4.55623
4.55623
4.55623
7.01436
7.94618
7.94618
6.86243
6.86243
6.86243
6.99947
6.99947
6.99947
6.99947
6.99947
8.50792
11.056
11.056
11.056
11.056
10.0163
10.0163
10.7052
10.273
9.807
7.39139
6.26378
2.91052
2.91052
5.19112
5.19112
5.19112
5.19112
5.86788
8.02624
8.02624
8.50372
8.37439
5.44264
5.44264
5.44264
5.44264
5.35901
5.83896
3.97289
3.97289
3.97289
3.97289
3.44645
2.65934
2.65934
2.65934
2.65934
4.92224
5.60913
5.60913
5.45
5.45
5.61821
8.22643
7.67633
9.88905
9.88905
9.88905
9.88905
10.9024
9.41081
9.41081
9.36584
7.58307
7.671
7.671
7.671
6.04941
6.04941
6.04941
7.41729
5.8614
6.77687
6.77687
6.52701
6.79655
6.19817
6.19817
6.19817
6.19817
6.19817
6.19817
8.39145
6.93395
6.93395
6.93395
6.52105
6.52105
4.5095
3.86524
3.86524
4.38456
5.18872
5.18872
5.18872
4.33195
4.33195
4.33195
4.33195
5.05313
5.05313
4.75186
7.13542
5.71031
3.27831
4.23809
4.78995
4.78995
3.76589
3.76589
3.97119
3.97119
3.97119
3.99306
4.186
4.186
5.17024
5.17024
4.86067
4.86067
4.86067
5.35509
5.66589
5.66589
5.66589
3.7463
3.7463
3.7463
3.7463
1.67207
1.67207
1.67207
1.67207
1.67207
1.67207
1.67207
3.07472
5.53471
6.738
6.738
3.80768
4.48711
4.48711
4.48711
2.92617
2.92617
2.34997
5.14232
5.80468
7.73293
5.40506
5.40506
3.22131
3.22131
3.22131
3.93006
3.93006
3.93006
2.49922
2.49922
2.32187
2.73721
2.73721
3.14816
1.48821
1.48821
1.48821
1.58515
1.58515
1.4163
1.4163
1.4163
1.4163
1.4163
1.4163
1.78427
2.62479
2.62479
2.62479
2.62479
2.62479
2.62479
2.62479
2.62479
3.38631
5.35222
3.17238
4.13553
4.6418
4.87219
4.87219
3.9432
4.30191
2.71702
2.71702
2.71702
3.45002
3.45002
3.52678
1.99595
4.63442
4.62668
4.62668
4.62668
5.28125
2.89544
2.89544
4.80091
4.80091
4.80091
6.15604
8.97304
9.15903
11.0372
10.7288
8.22607
9.59176
9.59176
8.50805
8.50805
8.50805
8.50805
5.63584
6.4561
5.43715
7.05985
7.05985
7.05985
7.05985
7.05985
9.83651
9.83651
8.72528
6.93672
6.93672
6.93672
4.91939
2.27285
4.35985
4.35985
4.687
4.687
6.02901
3.46034
3.46034
3.46034
2.70012
4.4392
4.4392
4.4392
4.4392
4.4392
4.4392
2.93508
5.56534
4.91264
4.91264
4.91264
4.91264
3.07524
3.07524
5.00873
3.13588
5.89585
3.80621
3.80621
3.80621
2.92002
2.92002
5.30324
5.30324
4.09613
3.03571
4.95731
4.95731
4.95731
4.95731
2.43476
2.43476
2.43476
2.43476
2.43476
2.43476
2.81344
2.81344
2.81344
2.81344
2.41037
2.41037
4.0399
4.0399
6.25699
6.25699
7.04592
6.1352
6.1352
7.16862
7.16862
8.74751
11.3423
11.3423
11.3423
9.96292
10.1863
9.74589
7.0838
7.07314
4.5527
5.90164
5.90164
5.90164
5.90164
5.02698
4.0295
5.2923
5.40944
5.40944
4.32759
3.25289
3.08267
3.08267
3.08267
3.08267
3.08267
3.08267
4.66607
4.66607
4.66607
4.66607
4.66944
3.95088
3.95088
4.29647
3.54523
2.22981
2.94954
2.94954
4.22499
4.22499
4.22499
4.48043
4.48043
3.18066
3.18066
3.18066
5.1656
5.83552
6.10747
6.10747
3.90391
3.21207
3.21207
3.21207
3.21207
3.21207
3.21207
3.21207
3.21207
3.21207
2.02597
1.45704
1.45704
4.47644
4.47644
4.78508
4.78508
4.78508
6.49578
6.60006
6.60006
6.77105
6.77105
7.23924
7.23924
7.23924
7.25159
6.69041
6.69041
5.6306
5.6306
5.6306
4.77961
5.03142
4.49847
4.49847
4.49847
4.49847
5.64792
5.74121
5.74121
5.74121
5.74121
5.74121
5.74121
5.9228
5.9228
5.9228
5.19987
5.19987
4.07726
1.52367
3.71253
3.71253
3.71253
6.12692
4.2724
4.92479
4.08359
4.08359
4.08359
3.92671
4.08701
4.54279
4.54693
4.54693
4.54693
6.51452
5.61274
7.54673
7.54673
7.54673
8.34929
8.66225
8.66225
6.98965
6.98965
5.71155
5.49337
5.49337
7.87345
7.80342
8.29929
8.29929
8.29929
7.91379
6.02499
4.64483
4.64483
4.64483
4.64483
4.70798
4.70798
5.76548
4.76365
5.3129
4.28898
3.99584
3.24319
2.554
4.92135
6.65671
6.65671
6.65671
8.31676
6.75377
7.62195
7.60027
7.11729
7.49769
7.49769
8.95782
8.95782
8.95782
9.11077
7.2134
5.51582
4.65782
4.65782
3.68064
3.68064
3.68064
3.68064
3.2544
2.67531
4.53167
5.73016
6.13059
5.19104
3.78898
3.78898
2.08491
4.71896
3.09205
3.09205
4.71156
1.59197
1.59197
1.59197
1.59197
1.59197
1.59197
1.59197
1.59197
1.59197
3.16758
4.3906
4.3906
5.88793
3.18677
2.32604
2.46725
3.49425
2.6884
3.80368
3.80368
2.87184
2.51393
2.51393
2.51393
2.51393
5.1438
4.76883
4.76883
4.76883
7.33617
7.33617
7.60333
8.26794
8.26794
8.26794
8.26794
7.46815
7.46815
3.88488
3.88488
3.88488
4.4557
4.4557
4.4557
6.72113
6.72113
8.71757
8.46908
6.1817
6.34269
6.34269
7.39585
6.96222
6.96222
6.14602
5.21114
5.62652
5.62652
5.62652
5.62652
4.66191
4.70086
4.70086
3.58298
4.59472
6.11283
6.11283
4.81516
4.64708
4.64708
4.64708
4.64708
4.64708
4.64708
6.04882
5.44779
5.44779
6.08851
5.18712
6.12254
6.12254
6.12254
3.20073
3.95074
3.95074
3.73119
4.82946
4.82946
4.82946
4.82946
4.5849
4.5849
5.10401
3.11186
3.37743
2.96597
2.96597
1.49417
1.49417
1.49417
1.49417
1.49417
2.02888
2.34184
4.57944
4.57944
5.84093
7.91166
8.32979
8.84887
9.57969
8.02676
8.02676
7.10361
7.10361
7.10361
7.10361
8.18046
8.18046
5.96878
5.96878
5.96878
8.0964
7.36766
6.68075
7.8888
5.58962
5.58962
6.45336
6.45336
6.45336
6.45336
7.45069
7.24821
6.53562
6.53562
6.53562
6.48239
6.48239
7.37301
7.37301
7.37301
7.37301
5.74938
5.71895
4.04075
4.04075
5.14115
3.3104
3.3104
3.3104
3.3104
2.21065
4.76426
5.07737
5.07737
4.10776
4.10776
3.13955
3.13955
4.58586
4.58586
2.19565
2.19565
5.84613
5.84613
3.74198
5.04174
4.00721
5.07211
4.82276
4.82276
4.82276
3.40854
3.40854
3.05681
3.39672
3.39672
2.70714
2.86069
2.86069
2.86069
2.86069
4.91631
5.42385
3.18421
3.18421
3.18421
3.18421
3.18421
4.9773
2.8849
3.8999
4.04617
4.64349
4.64349
4.64349
4.64349
4.64349
4.61219
5.21944
5.21944
4.50855
3.23437
3.23437
4.71706
4.71706
4.71706
4.86913
5.42133
5.42133
4.07077
4.07077
6.24122
6.80854
5.93731
5.93731
5.93731
5.32938
5.32938
3.46029
3.46029
5.25483
5.92221
8.17637
7.23753
7.23753
7.23753
7.23753
7.23753
7.23753
7.07239
4.94847
2.97999
4.85634
4.85634
2.2732
2.2732
4.77248
4.77248
4.77248
4.49691
5.53444
5.53444
5.53444
5.53444
5.53444
5.53444
5.46489
5.46489
4.06221
2.96667
2.96667
5.79755
6.78298
6.78298
6.78298
6.78298
6.78298
6.97924
6.97924
6.97924
6.36302
6.36302
5.58521
5.58521
6.75277
6.70474
6.70474
4.88946
4.88946
6.68771
7.17871
7.17871
7.10149
6.68925
5.11464
5.11464
6.27009
6.27009
6.09111
6.09111
7.21418
7.21418
7.21418
6.85857
6.92616
8.28112
8.28112
8.28112
7.49297
7.49297
7.12766
9.49837
8.77376
7.01158
7.89982
7.89982
7.89982
10.0706
10.0706
9.62141
9.62141
9.62141
9.15725
9.15725
9.15725
9.15725
9.15725
9.15725
8.03597
8.03597
10.488
10.488
12.0719
12.0719
10.3094
10.0002
10.4773
10.4773
11.3863
11.3863
9.83711
8.76253
7.17351
6.89413
6.89413
6.89413
6.89413
6.89413
6.84373
5.46894
5.46894
5.46894
5.46894
5.46894
5.46894
5.46894
5.46894
7.74757
8.10491
8.1016
8.1016
7.00202
5.35976
7.29047
8.04798
6.94883
6.94883
6.94883
7.29998
7.40869
7.40869
4.97754
2.07104
2.07104
2.07104
2.07104
2.07104
2.07104
2.07104
2.07104
2.07104
2.07104
2.07104
2.07104
3.65889
4.23918
5.14184
5.14184
5.14184
5.14184
3.64389
3.64389
4.81228
4.81228
4.81228
4.81228
2.00639
2.00639
5.89928
5.89928
5.89928
4.30884
4.30884
4.23899
5.84288
7.33093
7.33093
7.32967
7.32967
7.47574
7.6244
7.98847
7.98847
7.98847
7.98847
6.65121
7.04994
8.67077
7.41413
7.41413
7.41413
7.41413
5.91554
5.91554
3.48442
3.15929
3.15929
3.15929
3.15929
3.15929
2.97114
2.97114
4.68969
2.18783
4.57555
4.57555
2.76809
2.68461
2.68461
2.62066
4.97805
4.97805
4.97805
4.97805
2.85152
1.27393
2.75824
2.75824
2.75824
2.75824
2.75824
2.75824
2.75824
2.75824
2.75824
2.88093
2.88093
2.88093
2.88093
2.88093
3.35563
3.35563
5.2244
5.2244
5.2244
5.1623
5.1623
4.22323
5.41932
5.41932
5.41932
5.41932
3.65876
3.20176
3.20176
3.12075
2.14688
2.14688
2.14688
2.14688
2.14688
2.14688
2.17656
2.17656
2.17656
2.17656
2.17656
2.17656
2.17656
2.17656
3.50655
4.50064
2.10488
2.10488
4.04365
3.65242
3.65242
3.65242
3.65242
4.66222
4.66222
4.0436
4.0436
4.0436
6.04883
5.00153
6.76537
4.87087
4.55676
4.55676
4.55676
1.49435
1.49435
4.09406
4.09406
3.51708
4.57064
6.35058
6.35058
6.35058
6.35058
6.35058
6.17389
6.17389
6.17389
3.50719
3.50719
3.50719
3.50719
1.93501
1.93501
1.93501
4.17629
4.17629
5.93554
5.93554
4.52239
6.30689
6.30689
7.26646
7.26646
7.14628
6.48579
6.48579
6.48579
4.93997
5.15182
7.41508
4.29031
4.29031
5.37743
2.32165
4.95208
4.04815
4.07923
4.07923
3.07735
4.01938
4.01938
4.01938
4.04656
4.04656
4.04656
4.04656
4.04656
4.04656
4.04656
4.04656
4.75225
4.75225
4.75225
2.02248
2.63596
2.63596
2.63596
2.63596
2.63596
2.74554
2.74554
2.74554
4.35796
4.35796
4.35796
4.35796
4.35796
5.08662
5.08662
5.10128
5.64923
5.24582
5.96547
6.22128
5.4493
4.27799
5.45443
5.45443
6.5871
6.5871
6.5871
6.5871
6.5871
6.5871
7.0891
7.0891
7.0891
6.06674
4.79347
3.14887
4.09224
4.09224
4.09224
4.09224
4.09224
4.09224
4.21197
3.81553
3.81553
3.81553
1.80518
1.80518
1.80518
2.82081
4.01435
4.01435
4.13398
4.13398
4.13398
4.13398
4.13398
4.13398
4.98434
2.56612
0.984528
0.984528
3.43855
3.43855
5.41108
3.8156
4.02493
5.52409
6.29522
6.29522
5.39372
5.39372
5.39372
5.39372
4.22863
5.69654
6.82657
4.29409
4.29409
4.01543
4.04999
4.04999
4.04999
4.04999
4.04999
4.04999
4.04999
4.04999
4.04999
4.93288
4.93288
4.93288
4.93288
5.86071
4.77261
4.77261
3.22694
6.13117
5.52097
4.03704
1.01899
2.16141
2.16141
1.52264
1.52264
1.52264
3.71776
1.33579
4.27638
4.27638
6.14703
8.69825
8.69825
8.34024
8.40152
9.56406
9.13677
9.13677
9.13677
9.13677
7.04909
6.90303
8.00921
8.00921
8.00921
8.00921
6.56611
6.56611
6.56611
6.56611
6.56611
7.83202
5.80412
3.95649
3.95649
5.87501
5.87501
6.89237
6.33964
8.67197
6.25655
6.25655
6.25655
6.51928
6.51928
5.81692
7.85903
7.85903
8.66905
8.66905
5.53262
7.08857
5.42598
5.42598
2.99657
2.99657
2.99657
2.99657
2.99657
2.74951
3.08979
4.81959
4.81959
4.81959
4.81959
4.81959
4.81959
6.04525
5.47785
5.59521
4.38555
4.04377
3.50611
4.99655
6.40985
3.86602
3.86602
5.38501
5.38501
7.77226
7.77226
8.37105
7.85532
7.06105
7.06105
7.06105
8.8377
8.8377
8.8377
8.8377
5.68543
5.68543
5.68543
5.53748
5.53748
8.45871
8.45871
7.62158
6.46931
1.89922
3.03518
3.03518
3.00075
4.55771
3.69849
0.886956
3.02129
3.46149
3.46149
3.46149
3.46149
2.12476
2.98172
2.98172
2.98172
2.82919
0.863515
2.40527
2.40527
2.40527
2.40527
2.40527
6.20176
6.20176
5.39013
6.34767
5.44154
5.44154
5.44154
