0 0.81724 0.0216243
1 0.815708 0.0215742
2 0.812473 0.021488
3 0.810953 0.0213953
4 0.808582 0.0214467
5 0.807213 0.0213602
6 0.804401 0.0213183
7 0.803351 0.0211289
8 0.802049 0.02078
9 0.800294 0.020695
10 0.798293 0.0202105
11 0.796066 0.0203552
12 0.794061 0.0200793
13 0.791996 0.020203
14 0.790637 0.0201205
15 0.788916 0.0201887
16 0.788171 0.0200467
17 0.787059 0.0199661
18 0.785304 0.019771
19 0.78326 0.0194903
20 0.781583 0.0193339
21 0.7807 0.0191396
22 0.779133 0.0190944
23 0.776671 0.0193554
24 0.775293 0.0191538
25 0.774923 0.0193048
26 0.772194 0.01908
27 0.769102 0.0188665
28 0.768483 0.0189667
29 0.765368 0.0189736
30 0.763977 0.0190034
31 0.761734 0.018738
32 0.760565 0.0186532
33 0.758057 0.018581
34 0.756571 0.0186554
35 0.754797 0.0189166
36 0.752481 0.0190792
37 0.751292 0.019148
38 0.748791 0.0192141
39 0.748392 0.0195846
40 0.74682 0.019477
41 0.744191 0.0197003
42 0.741312 0.0192916
43 0.740733 0.0193553
44 0.73868 0.0191769
45 0.736187 0.0188547
46 0.735982 0.0189723
47 0.734362 0.0190757
48 0.733034 0.0190699
49 0.731643 0.0187991
50 0.730991 0.0188019
51 0.730018 0.0187247
52 0.728814 0.0187103
53 0.726783 0.0188542
54 0.725645 0.0190327
55 0.724454 0.0190439
56 0.723058 0.0186552
57 0.721567 0.0188628
58 0.722126 0.0185289
59 0.721943 0.0184779
60 0.719823 0.0183536
61 0.719761 0.0183432
62 0.719075 0.0182354
63 0.717349 0.0180521
64 0.714404 0.0180023
65 0.713841 0.0182874
66 0.713799 0.0182388
67 0.712339 0.0180623
68 0.711108 0.0182178
69 0.710263 0.0183899
70 0.708698 0.0184768
71 0.708267 0.0186653
72 0.707841 0.0183821
73 0.706479 0.0181173
74 0.705742 0.0178942
75 0.703901 0.0176586
76 0.703031 0.0177027
77 0.701243 0.0179945
78 0.700354 0.0184199
79 0.700415 0.0183429
80 0.69799 0.0185024
81 0.697427 0.0183639
82 0.696271 0.0181071
83 0.695224 0.0178666
84 0.69489 0.017646
85 0.695608 0.0173321
86 0.694419 0.0172563
87 0.693141 0.0173089
88 0.692013 0.0173335
89 0.691376 0.0174698
90 0.691429 0.0174997
91 0.692013 0.0173986
92 0.692318 0.0177173
93 0.690637 0.0178795
94 0.689253 0.0179004
95 0.689774 0.0177091
96 0.688927 0.0173213
97 0.688171 0.0173304
98 0.686512 0.0173811
99 0.685765 0.0172482
100 0.686409 0.0172487
101 0.686197 0.0168997
102 0.685273 0.0167984
103 0.685376 0.0166826
104 0.683703 0.0168587
105 0.682805 0.0167974
106 0.681813 0.0169039
107 0.681547 0.0169573
108 0.679832 0.0171285
109 0.679563 0.0172704
110 0.679733 0.0173963
111 0.679638 0.017577
112 0.67963 0.0173142
113 0.678873 0.0171365
114 0.678589 0.0172103
115 0.678572 0.0174921
116 0.677861 0.0175773
117 0.678346 0.01738
118 0.677037 0.0174119
119 0.676894 0.0171083
120 0.676778 0.0171472
121 0.677116 0.0169951
122 0.676976 0.0167893
123 0.676328 0.0167281
124 0.676314 0.0168229
125 0.676583 0.0169792
126 0.676253 0.0168712
127 0.675373 0.0168363
128 0.675289 0.0171611
129 0.674562 0.0172232
130 0.673756 0.0172039
131 0.673311 0.0169088
132 0.672165 0.0168484
133 0.671511 0.0166707
134 0.67164 0.0168755
135 0.670741 0.0171082
136 0.670048 0.0171943
137 0.668944 0.0171761
138 0.668752 0.0170626
139 0.6692 0.0172996
140 0.669762 0.017202
141 0.669233 0.0171281
142 0.669025 0.0173338
143 0.668055 0.0171199
144 0.668292 0.0170501
145 0.66793 0.0171616
146 0.668101 0.0173606
147 0.667683 0.0172969
148 0.666488 0.0171801
149 0.665618 0.0171863
150 0.665863 0.0175239
151 0.665678 0.0179571
152 0.665808 0.0179679
153 0.665412 0.0179698
154 0.66465 0.0177604
155 0.664419 0.0176525
156 0.663875 0.0176671
157 0.662812 0.0176577
158 0.662715 0.017491
159 0.661101 0.0175232
160 0.660073 0.0178395
161 0.659451 0.0179405
162 0.65901 0.0178305
163 0.659774 0.0176709
164 0.660277 0.0175766
165 0.659901 0.0175986
166 0.660898 0.0176279
167 0.660554 0.0177287
168 0.6614 0.0180555
169 0.660937 0.018318
170 0.660315 0.0182236
171 0.660679 0.0181756
172 0.66163 0.0183077
173 0.661073 0.0183311
174 0.661419 0.0182717
175 0.661832 0.018258
176 0.661755 0.0183051
177 0.662615 0.0183631
178 0.662469 0.018125
179 0.662507 0.0183536
180 0.66306 0.0182385
181 0.663903 0.0182604
182 0.664189 0.0182377
183 0.664653 0.0182595
184 0.66476 0.0181758
185 0.664842 0.0182416
186 0.665395 0.0184728
187 0.665748 0.0183132
188 0.665511 0.0182928
189 0.666955 0.0181264
190 0.667643 0.0178592
191 0.667543 0.0176517
192 0.668923 0.0175507
193 0.66917 0.0177258
194 0.670281 0.0177717
195 0.671405 0.0175519
196 0.670824 0.0176951
197 0.673369 0.0178334
198 0.673473 0.0176922
199 0.673722 0.0175362
200 0.675141 0.0175307
201 0.676527 0.017518
202 0.675776 0.0173809
203 0.677593 0.0175246
204 0.678287 0.0174319
205 0.678551 0.0176804
206 0.679782 0.0180436
207 0.680823 0.0179882
208 0.682479 0.0182281
209 0.683781 0.0180795
210 0.684389 0.0180533
211 0.683542 0.0178272
212 0.683681 0.0175301
213 0.68407 0.0172557
214 0.684411 0.0170456
215 0.684964 0.0168036
216 0.685037 0.0167567
217 0.686242 0.0165474
218 0.687188 0.0167668
219 0.688677 0.0166385
220 0.690051 0.0164672
221 0.690416 0.0164061
222 0.690817 0.0165327
223 0.691832 0.0166399
224 0.6927 0.0162921
225 0.695614 0.0165963
226 0.696946 0.0167153
227 0.698673 0.0165774
228 0.69974 0.0167608
229 0.700367 0.0168129
230 0.701019 0.0172377
231 0.701512 0.01695
232 0.702019 0.016846
233 0.703779 0.0168106
234 0.705246 0.016764
235 0.706645 0.016371
236 0.706839 0.0164013
237 0.707661 0.0166498
238 0.709507 0.0169342
239 0.709616 0.0167608
240 0.710346 0.0167056
241 0.712818 0.0168834
242 0.714252 0.0168406
243 0.714472 0.0167076
244 0.71605 0.0167856
245 0.717062 0.0167254
246 0.717948 0.0167844
247 0.72032 0.0170153
248 0.721416 0.0169876
249 0.72256 0.0170758
250 0.723311 0.0171285
251 0.724232 0.0174778
252 0.725404 0.0176689
253 0.727103 0.0175354
254 0.728521 0.0176293
255 0.730817 0.0177825
256 0.732164 0.0177834
257 0.732661 0.0178608
258 0.733873 0.0176234
259 0.734 0.0177987
260 0.734729 0.017794
261 0.735856 0.0176878
262 0.737243 0.0176856
263 0.73866 0.0177902
264 0.74105 0.0177759
265 0.743158 0.0178863
266 0.744661 0.0179124
267 0.746905 0.0179526
268 0.748383 0.017978
269 0.750399 0.0178862
270 0.752624 0.0179948
271 0.753397 0.0182068
272 0.755847 0.0182374
273 0.757414 0.01842
274 0.758963 0.0185143
275 0.75966 0.0182237
276 0.760667 0.0183073
277 0.762862 0.0182282
278 0.764055 0.0178998
279 0.766952 0.0180187
280 0.76821 0.017948
281 0.770577 0.0181016
282 0.772549 0.0181836
283 0.776064 0.0178194
284 0.778669 0.0177309
285 0.780337 0.0175956
286 0.783013 0.0178151
287 0.783919 0.0179092
288 0.787082 0.0178141
289 0.789442 0.0181238
290 0.789949 0.0180932
291 0.791657 0.017976
292 0.795336 0.0183988
293 0.796749 0.0180598
294 0.798291 0.0179398
295 0.800386 0.0178753
296 0.801657 0.0178563
297 0.803907 0.0178959
298 0.806637 0.0177136
299 0.808971 0.0174935
