39.0759	29.1916	2.56241
39.0198	29.3676	3.06453
39.0198	29.3676	3.06453
39.6959	28.1948	2.25225
39.1552	28.3071	1.07013
38.089	28.9308	0.416627
38.089	28.9308	0.416627
37.4961	28.2922	0.347557
37.7822	28.4893	-0.67134
38.8398	29.1115	-0.66679
39.2953	28.7915	-0.294653
39.7322	27.8075	-1.22292
39.7322	27.8075	-1.22292
39.7322	27.8075	-1.22292
40.758	28.8848	-0.455686
39.8611	27.7913	0.066986
39.8611	27.7913	0.066986
39.9546	27.2579	0.0217518
39.2559	26.0771	-0.922936
38.6658	25.1966	0.0622023
38.028	26.009	0.671441
37.2963	25.1741	1.09985
37.0512	24.7501	2.29119
36.8967	23.5958	3.13797
36.8967	23.5958	3.13797
36.8967	23.5958	3.13797
37.832	23.0826	3.8284
37.832	23.0826	3.8284
37.2453	23.9561	3.94547
37.2453	23.9561	3.94547
36.8575	24.593	2.8175
36.1549	24.5839	3.64649
35.0689	23.55	2.63483
35.7866	22.5922	2.2585
35.6435	23.6615	3.27765
34.6098	23.0971	4.26307
34.6098	23.0971	4.26307
33.5325	22.1955	3.07031
32.679	23.3651	3.8637
32.679	23.3651	3.8637
32.92	22.749	4.4963
32.9098	23.698	4.15099
32.9098	23.698	4.15099
32.9098	23.698	4.15099
31.6854	24.0813	3.65228
31.6854	24.0813	3.65228
31.6854	24.0813	3.65228
32.6269	23.3205	4.80193
32.6269	23.3205	4.80193
32.9162	22.4627	4.89671
33.0146	22.1579	5.29563
32.2377	20.9544	5.11435
31.5244	19.8097	4.6891
31.5554	19.7347	4.73883
30.4604	19.9031	5.72764
29.9524	20.1338	5.05822
28.9132	19.198	3.87488
28.0051	19.5961	3.49639
26.9357	18.4268	3.63168
27.5515	17.209	3.36322
27.4641	16.4817	4.14722
27.4641	16.4817	4.14722
27.4641	16.4817	4.14722
27.0153	16.4636	4.72817
26.6225	16.4554	5.3702
26.7773	15.699	5.77979
25.8676	16.1813	5.75539
25.7078	16.5778	5.773
25.4342	15.6195	4.58561
24.7664	15.4861	4.25564
24.5404	14.4897	5.32611
25.213	14.8814	4.38372
25.4596	14.6092	4.54981
25.4596	14.6092	4.54981
24.2594	14.2149	4.63464
23.7795	14.438	5.7517
23.7795	14.438	5.7517
23.5443	14.1644	4.94249
23.5443	14.1644	4.94249
23.5443	14.1644	4.94249
23.5443	14.1644	4.94249
23.3194	13.0628	5.86314
22.4364	11.9234	4.74335
22.4364	11.9234	4.74335
21.8632	11.3151	5.74062
20.8864	10.7719	4.88925
20.8864	10.7719	4.88925
20.8864	10.7719	4.88925
20.8864	10.7719	4.88925
20.8864	10.7719	4.88925
20.3474	10.9637	6.02405
20.3726	10.6983	5.61551
20.3726	10.6983	5.61551
21.4117	10.8592	5.7189
21.4117	10.8592	5.7189
21.4117	10.8592	5.7189
20.441	11.5266	5.5901
20.9789	11.3215	5.61485
20.2949	12.3439	4.96727
19.9138	12.0381	6.15289
19.278	12.7331	7.14962
18.5227	11.744	8.28446
19.3524	11.9007	7.09389
19.8087	11.7659	7.51736
19.6841	10.722	8.69817
19.6841	10.722	8.69817
20.9026	10.6764	8.13324
21.78	9.65131	7.2469
21.9217	8.76316	6.22557
20.8841	9.70787	5.88975
20.3184	9.13436	6.29641
20.6564	8.51142	5.22543
20.6407	8.50805	4.42982
20.6407	8.50805	4.42982
20.9727	8.24247	4.45961
20.9727	8.24247	4.45961
20.4677	7.40584	3.52233
19.6054	7.17543	4.49803
19.593	8.13274	4.95957
19.5497	7.56297	5.2725
19.8686	7.57372	4.20912
19.8686	7.57372	4.20912
19.6614	7.71006	3.23413
18.8385	8.06348	2.77864
18.8385	8.06348	2.77864
18.3755	7.75756	3.48245
17.7466	6.90648	3.97906
17.532	6.87631	3.71496
17.532	6.87631	3.71496
17.532	6.87631	3.71496
17.532	6.87631	3.71496
17.532	6.87631	3.71496
17.7275	7.23098	3.19197
16.8532	6.14971	2.25343
17.6246	7.1494	1.88249
18.6854	6.45915	1.1947
17.4622	6.43666	0.0364503
18.6181	7.1407	0.209103
17.5514	8.23917	1.04604
16.4879	8.30052	0.395254
16.003	8.44248	0.049908
16.3236	7.40343	0.328769
16.4103	6.38914	-0.833046
16.4103	6.38914	-0.833046
17.4703	5.45598	0.255199
17.743	4.75131	0.0741187
17.7417	3.83431	0.798056
17.7417	3.83431	0.798056
17.7693	3.86963	1.42433
17.2918	4.3989	1.12584
16.6246	5.60323	0.446485
15.8327	5.73142	0.876854
14.8585	5.69749	0.70342
14.8585	5.69749	0.70342
14.6252	6.48148	0.974384
13.445	5.9516	0.498826
13.445	5.9516	0.498826
13.445	5.9516	0.498826
13.9569	4.73291	0.330606
13.9905	4.71321	1.3447
12.9062	4.39981	2.12328
12.9062	4.39981	2.12328
12.9062	4.39981	2.12328
12.9062	4.39981	2.12328
12.5347	4.95292	3.11872
12.5347	4.95292	3.11872
12.0751	5.29134	3.47857
12.0751	5.29134	3.47857
13.192	6.22281	3.71547
13.6984	5.901	2.89943
13.6984	5.901	2.89943
14.3987	6.51225	1.85319
13.9014	6.6421	2.30179
13.9014	6.6421	2.30179
13.727	5.46863	2.19001
14.0052	4.28011	2.95499
13.7536	5.10131	3.97261
13.3127	4.13944	3.15209
14.2008	3.25064	2.89805
14.8368	2.14354	1.70078
14.3128	1.19022	0.739373
14.3333	0.0952147	1.51332
13.2938	0.61652	2.00394
13.2938	0.61652	2.00394
13.2938	0.61652	2.00394
13.4927	1.04026	1.56917
12.3823	0.899411	2.7602
12.3823	0.899411	2.7602
12.9291	1.51605	3.33384
12.9291	1.51605	3.33384
12.8955	2.59431	3.94997
12.0659	1.52783	2.82007
11.8286	1.02012	1.66099
11.8943	2.01907	2.39451
11.8943	2.01907	2.39451
10.8622	2.95673	2.78622
9.74218	1.87705	1.95845
9.66084	1.42192	1.6708
9.66084	1.42192	1.6708
9.66084	1.42192	1.6708
9.66084	1.42192	1.6708
9.07605	1.88444	1.65883
9.07605	1.88444	1.65883
9.07605	1.88444	1.65883
9.07605	1.88444	1.65883
8.60925	1.91189	2.09772
8.18087	1.27054	3.29033
8.04952	1.7608	3.44316
7.98406	0.974087	4.228
7.98406	0.974087	4.228
7.56676	0.93677	5.22846
7.56676	0.93677	5.22846
7.56676	0.93677	5.22846
7.56676	0.93677	5.22846
7.56676	0.93677	5.22846
7.56676	0.93677	5.22846
7.90267	0.767898	5.53394
8.48649	-0.275648	4.74016
8.48649	-0.275648	4.74016
8.89503	0.876325	4.05182
8.89503	0.876325	4.05182
7.98869	1.15359	3.65719
6.92674	1.32048	2.96283
6.399	2.43368	1.88816
5.58462	1.55072	2.91077
5.59029	2.49831	2.37698
4.9472	3.04086	1.62391
4.07935	3.71729	0.786475
4.07935	3.71729	0.786475
4.07935	3.71729	0.786475
4.07935	3.71729	0.786475
4.07935	3.71729	0.786475
4.07935	3.71729	0.786475
4.28766	2.98501	1.47455
4.42091	3.88093	0.87558
5.28028	3.51935	1.06008
5.05931	3.57942	0.26571
5.05931	3.57942	0.26571
3.91856	4.21276	0.933543
4.86415	3.26723	0.686029
4.86415	3.26723	0.686029
4.53886	4.39135	1.15471
4.53886	4.39135	1.15471
4.53886	4.39135	1.15471
4.77755	5.51812	0.89447
3.77198	6.03352	0.561005
3.49682	5.78871	0.108675
3.10462	5.23915	0.690736
2.0195	4.49408	-0.110987
2.0195	4.49408	-0.110987
2.0195	4.49408	-0.110987
2.33102	3.35003	-1.26593
2.53531	2.53161	-1.05856
2.53531	2.53161	-1.05856
3.22325	2.06692	-0.691856
2.55143	2.06027	-0.435597
1.93845	2.76637	-1.17764
2.17968	1.79796	-2.2089
2.93655	0.652452	-1.67602
2.54498	1.0779	-0.675008
2.54498	1.0779	-0.675008
3.50194	0.153643	-1.32349
3.50194	0.153643	-1.32349
3.50194	0.153643	-1.32349
4.68344	0.810178	-0.129864
4.68344	0.810178	-0.129864
4.32008	1.5914	-0.952548
3.09645	2.07842	-1.88537
2.36745	1.14205	-1.05839
2.58617	0.193957	-0.0455668
2.86174	-0.064738	-0.320096
2.86174	-0.064738	-0.320096
2.86174	-0.064738	-0.320096
2.01853	-0.880032	0.81175
1.36498	-0.0475485	0.508538
1.36498	-0.0475485	0.508538
1.36498	-0.0475485	0.508538
0.309394	-1.12526	1.14428
0.0450831	-0.903003	0.314709
0.0450831	-0.903003	0.314709
-0.965236	-0.197127	-0.354942
-0.965236	-0.197127	-0.354942
-0.0106712	0.856504	0.126236
0.587954	0.57982	-0.485575
0.587954	0.57982	-0.485575
0.587954	0.57982	-0.485575
0.867548	0.214462	-0.587207
0.994497	0.340584	0.470555
2.07245	0.17828	-0.479759
2.07245	0.17828	-0.479759
2.12705	0.443538	0.046558
2.12705	0.443538	0.046558
0.994532	0.577964	0.984273
0.994532	0.577964	0.984273
0.994532	0.577964	0.984273
0.994532	0.577964	0.984273
0.994532	0.577964	0.984273
0.994532	0.577964	0.984273
0.994532	0.577964	0.984273
0.994532	0.577964	0.984273
0.308393	0.317244	0.152708
0.308393	0.317244	0.152708
0.308393	0.317244	0.152708
0.308393	0.317244	0.152708
0.308393	0.317244	0.152708
0.308393	0.317244	0.152708
0.308393	0.317244	0.152708
0.308393	0.317244	0.152708
-0.864833	-0.300866	0.996698
0.172197	-0.623385	0.532007
0.172197	-0.623385	0.532007
-0.591488	-0.230446	1.48444
-0.591488	-0.230446	1.48444
-0.155491	0.116337	1.25567
0.671418	0.381961	1.45268
0.671418	0.381961	1.45268
0.671418	0.381961	1.45268
0.671418	0.381961	1.45268
0.671418	0.381961	1.45268
1.5716	0.227805	0.861105
1.5716	0.227805	0.861105
0.86859	0.106091	0.031492
0.86859	0.106091	0.031492
0.754559	-0.762941	-0.36574
0.754559	-0.762941	-0.36574
-0.116872	-0.55887	0.675317
0.0382585	0.00435225	0.621213
0.0382585	0.00435225	0.621213
0.0382585	0.00435225	0.621213
0.0382585	0.00435225	0.621213
0.0382585	0.00435225	0.621213
-0.301236	1.06969	0.654815
0.788625	0.743693	0.510445
0.788625	0.743693	0.510445
0.788625	0.743693	0.510445
-0.199703	0.552076	0.534191
-0.199703	0.552076	0.534191
-0.199703	0.552076	0.534191
-0.489555	0.434179	0.907193
-0.225799	-0.777132	0.0223763
-1.00631	-0.619365	1.0289
-1.00631	-0.619365	1.0289
-1.00631	-0.619365	1.0289
-1.00631	-0.619365	1.0289
-0.979451	0.567663	0.0959951
-0.979451	0.567663	0.0959951
-0.979451	0.567663	0.0959951
-0.979451	0.567663	0.0959951
-0.979451	0.567663	0.0959951
-0.979451	0.567663	0.0959951
-0.458818	0.539497	0.397031
-0.458818	0.539497	0.397031
-0.458818	0.539497	0.397031
-0.458818	0.539497	0.397031
-0.458818	0.539497	0.397031
-0.458818	0.539497	0.397031
-0.458818	0.539497	0.397031
-0.708435	-0.3392	0.855963
-0.708435	-0.3392	0.855963
0.00772453	0.452309	1.25744
0.118049	-0.744426	0.762258
0.118049	-0.744426	0.762258
-0.10375	-1.14047	1.44858
-0.10375	-1.14047	1.44858
-0.10375	-1.14047	1.44858
-0.162493	-0.531109	1.2698
-0.162493	-0.531109	1.2698
-0.162493	-0.531109	1.2698
-0.162493	-0.531109	1.2698
-0.162493	-0.531109	1.2698
-0.162493	-0.531109	1.2698
-0.809645	0.216192	0.653731
-0.245896	1.40423	-0.325882
-0.245896	1.40423	-0.325882
-0.245896	1.40423	-0.325882
-0.245896	1.40423	-0.325882
-0.824794	1.55884	0.584199
-0.824794	1.55884	0.584199
-0.824794	1.55884	0.584199
-0.0454558	2.70034	-0.374044
-0.0454558	2.70034	-0.374044
0.0239629	2.76208	-0.797936
0.0788019	2.00523	-0.743555
0.0788019	2.00523	-0.743555
0.0584753	2.63833	0.010417
0.0584753	2.63833	0.010417
0.0584753	2.63833	0.010417
0.0584753	2.63833	0.010417
-0.772014	1.85655	0.732069
-0.772014	1.85655	0.732069
-0.772014	1.85655	0.732069
-1.8871	1.37477	0.763574
-1.91035	0.77243	-0.0657917
-0.968236	1.73001	1.10315
-0.469836	1.18171	1.29536
-0.469836	1.18171	1.29536
0.424928	0.575453	0.780362
1.62144	-0.197314	0.0940645
1.62144	-0.197314	0.0940645
0.585213	-0.642647	0.878155
0.585213	-0.642647	0.878155
0.585213	-0.642647	0.878155
0.585213	-0.642647	0.878155
0.714878	-0.0942148	0.148514
0.714878	-0.0942148	0.148514
1.33374	-1.05476	1.29134
0.557885	-1.51325	1.24656
-0.558708	-1.96021	0.596673
0.595844	-1.24228	0.800285
-0.386591	-0.759323	1.29794
-0.386591	-0.759323	1.29794
-1.09453	-0.366721	1.18494
-1.09453	-0.366721	1.18494
-2.23854	0.123366	0.81293
-3.05847	-0.421478	0.835571
-3.24806	0.518068	0.193979
-2.57253	0.559221	0.144638
-1.62416	1.64599	1.15336
-0.948159	2.2812	0.546657
-0.948159	2.2812	0.546657
-0.948159	2.2812	0.546657
-0.296663	2.15142	0.793262
-0.0281679	2.03827	1.3307
0.531299	1.725	1.48935
0.531299	1.725	1.48935
0.531299	1.725	1.48935
0.531299	1.725	1.48935
0.978129	1.13561	1.50357
0.978129	1.13561	1.50357
0.142629	1.04617	1.09957
-0.732454	0.382791	0.739934
-0.174034	0.923763	-0.268809
-0.665563	1.09378	-0.0853435
-0.665563	1.09378	-0.0853435
0.544362	1.41781	-0.159028
1.25565	1.00295	-0.162847
0.716451	1.38291	0.0115972
-0.10142	0.380515	0.896227
0.000911217	0.209013	1.6255
-0.495575	0.253313	2.64641
-0.335942	-0.748326	2.3956
-0.335942	-0.748326	2.3956
-0.335942	-0.748326	2.3956
0.38731	0.28253	1.89816
-0.831777	-0.597374	1.38325
-0.831777	-0.597374	1.38325
-0.831777	-0.597374	1.38325
-0.831777	-0.597374	1.38325
-1.02207	0.21974	0.319421
0.181687	-0.401609	-0.823022
0.181687	-0.401609	-0.823022
-0.408326	-0.836349	-1.74369
-1.10632	-0.662593	-0.947407
-1.73859	0.0891815	-0.441404
-1.73859	0.0891815	-0.441404
-0.781563	-0.479053	-1.26578
0.308134	-0.385257	-0.0427315
0.308134	-0.385257	-0.0427315
0.308134	-0.385257	-0.0427315
0.0648141	0.131729	0.0587394
0.0648141	0.131729	0.0587394
0.0648141	0.131729	0.0587394
0.0648141	0.131729	0.0587394
0.0648141	0.131729	0.0587394
0.0648141	0.131729	0.0587394
0.0648141	0.131729	0.0587394
0.0648141	0.131729	0.0587394
0.0648141	0.131729	0.0587394
0.0648141	0.131729	0.0587394
0.0648141	0.131729	0.0587394
-0.240749	0.29061	-0.119247
-0.240749	0.29061	-0.119247
-0.146517	-0.120811	-0.618435
-0.421406	-0.553492	-0.0116798
-0.421406	-0.553492	-0.0116798
-0.421406	-0.553492	-0.0116798
-1.57103	-1.51944	0.479145
-2.45546	-0.36509	1.70039
-2.45546	-0.36509	1.70039
-2.58222	0.685137	1.62895
-3.48865	0.689795	1.91547
-2.44413	1.0496	1.86594
-2.44413	1.0496	1.86594
-2.31303	0.0832166	2.89297
-2.63059	-0.196733	2.11955
-2.75579	-0.851248	1.21263
-2.78803	-0.497974	1.84834
-2.78803	-0.497974	1.84834
-3.65908	0.273187	1.88382
-3.95341	-0.0736843	0.730798
-3.85814	0.153054	0.268305
-3.90029	-0.823214	1.17853
-5.05142	-0.546839	2.13934
-4.18515	-0.348649	3.23728
-3.28906	-0.227148	3.00903
-2.23804	0.639438	3.33112
-2.23804	0.639438	3.33112
-2.23804	0.639438	3.33112
-1.5463	0.282938	4.39882
-0.652797	-0.806085	3.27598
-0.394945	-1.51395	3.13199
-0.823394	-1.31362	2.86571
-0.638326	-1.56788	2.28791
0.185149	-0.827455	1.49801
0.822658	-0.121883	1.27731
0.822658	-0.121883	1.27731
0.822658	-0.121883	1.27731
0.822658	-0.121883	1.27731
0.0610579	-0.826046	1.75692
0.83797	-1.44195	1.1848
1.80805	-2.26194	1.71442
2.71692	-2.35103	0.569928
2.71692	-2.35103	0.569928
3.07604	-2.81305	0.213942
2.97804	-1.98451	0.0309837
1.81414	-2.58539	0.858842
2.2982	-1.54608	0.0904676
2.2982	-1.54608	0.0904676
2.2982	-1.54608	0.0904676
2.2982	-1.54608	0.0904676
2.41183	-1.98263	-0.916021
2.41183	-1.98263	-0.916021
2.09299	-2.84825	-1.18961
1.14928	-3.43836	-0.812827
1.14928	-3.43836	-0.812827
1.14928	-3.43836	-0.812827
0.237402	-3.0627	-0.108955
-0.45774	-3.3912	0.432673
-0.45774	-3.3912	0.432673
0.377533	-3.76532	0.461002
0.471491	-3.92622	1.08046
0.509418	-4.42577	0.223482
0.878566	-4.41245	-0.587581
0.167622	-3.65788	0.613239
1.35398	-2.73203	-0.104333
1.35398	-2.73203	-0.104333
0.833691	-3.79647	-0.515755
0.833691	-3.79647	-0.515755
-0.364391	-2.89022	-0.53209
-1.06748	-2.58715	-0.18247
-1.06748	-2.58715	-0.18247
-0.955349	-2.60019	1.03488
-0.7987	-1.9	0.58317
-0.0274774	-1.34074	-0.587044
-0.0274774	-1.34074	-0.587044
-0.0274774	-1.34074	-0.587044
-0.646738	-0.903561	0.247308
-0.646738	-0.903561	0.247308
-0.646738	-0.903561	0.247308
-0.646738	-0.903561	0.247308
-0.646738	-0.903561	0.247308
-0.913154	-0.486037	0.732981
-0.913154	-0.486037	0.732981
-0.913154	-0.486037	0.732981
-0.534882	0.508895	0.920921
-0.534882	0.508895	0.920921
-0.534882	0.508895	0.920921
-0.534882	0.508895	0.920921
0.49175	0.43475	2.06706
-0.0083873	0.577464	0.885766
-0.0083873	0.577464	0.885766
1.01139	0.792128	0.54729
1.35978	-0.260709	0.333919
1.35978	-0.260709	0.333919
0.191315	-1.29788	0.736222
-0.450217	-0.25381	-0.0697198
-0.450217	-0.25381	-0.0697198
-0.450217	-0.25381	-0.0697198
-0.450217	-0.25381	-0.0697198
-0.450217	-0.25381	-0.0697198
-0.450217	-0.25381	-0.0697198
-0.450217	-0.25381	-0.0697198
0.432513	0.0579701	-0.965001
1.54609	-0.339533	-0.73877
1.89786	-0.963299	-0.0803841
1.73623	-1.00886	-0.0194789
1.73623	-1.00886	-0.0194789
1.73623	-1.00886	-0.0194789
0.527676	-0.533087	0.607889
0.527676	-0.533087	0.607889
0.527676	-0.533087	0.607889
0.125757	-0.360972	0.0802688
0.125757	-0.360972	0.0802688
0.125757	-0.360972	0.0802688
0.125757	-0.360972	0.0802688
0.125757	-0.360972	0.0802688
0.125757	-0.360972	0.0802688
0.125757	-0.360972	0.0802688
-0.236988	-0.936668	-0.0346528
-0.236988	-0.936668	-0.0346528
-0.236988	-0.936668	-0.0346528
-0.236988	-0.936668	-0.0346528
-0.11687	-0.864794	-0.87029
-0.11687	-0.864794	-0.87029
0.49517	-1.24348	0.303691
0.49517	-1.24348	0.303691
0.49517	-1.24348	0.303691
0.49517	-1.24348	0.303691
0.292208	-0.967102	1.30427
0.292208	-0.967102	1.30427
-0.197654	-0.225	0.474063
-0.197654	-0.225	0.474063
-0.197654	-0.225	0.474063
-0.197654	-0.225	0.474063
0.225797	0.190646	1.13883
0.225797	0.190646	1.13883
0.225797	0.190646	1.13883
-0.428713	-0.104203	0.872714
-0.428713	-0.104203	0.872714
-0.428713	-0.104203	0.872714
-0.428713	-0.104203	0.872714
-0.428713	-0.104203	0.872714
-0.428713	-0.104203	0.872714
-0.428713	-0.104203	0.872714
0.782703	-1.0263	-0.0242321
0.782703	-1.0263	-0.0242321
0.782703	-1.0263	-0.0242321
0.782703	-1.0263	-0.0242321
-0.410358	-0.159824	0.365773
-0.138039	0.152997	0.717207
-0.138039	0.152997	0.717207
-0.138039	0.152997	0.717207
-1.09422	0.122246	1.2908
-1.09422	0.122246	1.2908
-1.09422	0.122246	1.2908
-0.810295	-0.975035	0.843983
-0.681349	-0.510901	1.25965
-0.681349	-0.510901	1.25965
-0.681349	-0.510901	1.25965
-0.380058	-0.361082	0.910013
-0.380058	-0.361082	0.910013
-0.380058	-0.361082	0.910013
-1.23546	-0.156423	0.612042
-1.20526	0.222506	1.10035
-0.654269	-0.397505	0.1875
-0.494697	-0.28045	-0.373914
-0.494697	-0.28045	-0.373914
-0.144847	0.393925	-0.929353
-0.33039	-0.500585	0.225904
0.595253	0.518034	0.347485
-0.53923	-0.626847	-0.565639
0.21188	-0.208085	0.023196
0.21188	-0.208085	0.023196
0.21188	-0.208085	0.023196
0.21188	-0.208085	0.023196
0.21188	-0.208085	0.023196
0.21188	-0.208085	0.023196
0.21188	-0.208085	0.023196
0.21188	-0.208085	0.023196
-0.331422	0.718326	0.12571
0.143625	1.42406	-0.509771
0.143625	1.42406	-0.509771
0.143625	1.42406	-0.509771
0.143625	1.42406	-0.509771
-0.371386	1.44641	-1.00827
-0.371386	1.44641	-1.00827
0.281238	1.66437	-0.597257
0.281238	1.66437	-0.597257
0.281238	1.66437	-0.597257
0.281238	1.66437	-0.597257
1.32887	0.483591	-0.00729174
1.32887	0.483591	-0.00729174
0.772992	0.576678	0.491982
0.0414925	-0.0572207	-0.529678
0.440531	0.433852	-0.162364
0.0475983	-0.438863	0.623598
0.0475983	-0.438863	0.623598
0.0475983	-0.438863	0.623598
0.0475983	-0.438863	0.623598
0.0475983	-0.438863	0.623598
0.0475983	-0.438863	0.623598
0.0475983	-0.438863	0.623598
0.0475983	-0.438863	0.623598
0.00683023	-1.62664	-0.0768656
0.886404	-0.528943	-0.372738
0.886404	-0.528943	-0.372738
1.16203	0.448359	0.798769
1.16203	0.448359	0.798769
1.16203	0.448359	0.798769
0.624164	0.16418	0.407721
-0.39672	-0.0850676	-0.306673
-0.39672	-0.0850676	-0.306673
-0.39672	-0.0850676	-0.306673
-0.39672	-0.0850676	-0.306673
-0.839129	-0.33634	0.236353
-0.839129	-0.33634	0.236353
-1.60491	0.297848	-0.408024
-1.60491	0.297848	-0.408024
-1.60491	0.297848	-0.408024
-1.60491	0.297848	-0.408024
-1.60491	0.297848	-0.408024
-1.2896	1.13166	0.766577
-1.2896	1.13166	0.766577
-1.2896	1.13166	0.766577
-1.2896	1.13166	0.766577
-1.53005	0.1804	-0.350565
-1.53005	0.1804	-0.350565
-1.53005	0.1804	-0.350565
-1.53005	0.1804	-0.350565
-1.70447	0.173525	-0.505709
-1.50944	1.29612	0.0628672
-1.43091	1.31688	-1.02325
-0.729081	0.317083	-0.0990921
-0.729081	0.317083	-0.0990921
-0.175192	1.2333	-0.144773
-0.725578	1.15275	0.229235
-0.217449	0.276979	1.3821
0.835689	-0.767181	1.56307
1.72134	0.234434	0.847945
1.95699	0.209185	-0.229329
1.14411	1.25286	0.675009
1.14411	1.25286	0.675009
1.14411	1.25286	0.675009
1.76501	0.810346	0.25729
1.76501	0.810346	0.25729
1.06829	1.13215	0.701192
0.408367	0.446108	0.329048
-0.147236	0.163544	-0.55654
0.150783	0.31642	0.48215
0.150783	0.31642	0.48215
0.150783	0.31642	0.48215
0.167337	0.496565	-0.572147
0.509664	0.0165156	-0.511631
0.509664	0.0165156	-0.511631
0.676991	-0.768175	-0.188983
0.676991	-0.768175	-0.188983
0.297786	0.041129	0.664992
0.297786	0.041129	0.664992
0.223053	-0.548918	-0.406997
0.223053	-0.548918	-0.406997
0.322527	0.056227	-0.130262
0.322527	0.056227	-0.130262
0.322527	0.056227	-0.130262
0.322527	0.056227	-0.130262
0.322527	0.056227	-0.130262
0.322527	0.056227	-0.130262
-0.600127	0.0288702	0.111264
-0.600127	0.0288702	0.111264
-0.769879	-0.32785	-0.393951
0.433438	-1.13435	0.208096
0.967743	-0.212012	0.99297
-0.0892053	-0.778086	1.03394
-0.281058	-0.511873	1.34894
-0.439234	0.535719	0.651328
-0.439234	0.535719	0.651328
-0.252907	0.549531	1.36659
-0.252907	0.549531	1.36659
-0.252907	0.549531	1.36659
-1.33816	0.928682	2.00504
-0.362841	-0.0911521	1.57667
-0.362841	-0.0911521	1.57667
-0.0888727	-0.639093	0.724631
1.06992	0.159684	0.516156
0.11646	-0.654916	-0.389309
-0.412796	0.438624	0.577271
0.389201	0.530301	-0.471848
0.389201	0.530301	-0.471848
0.389201	0.530301	-0.471848
-0.420744	0.77924	0.194987
-0.545721	-0.362736	-0.490709
-0.545721	-0.362736	-0.490709
-0.292828	-0.598334	-0.5445
0.574757	0.088219	-0.290377
1.05518	-0.365233	-0.501813
0.236672	-1.19185	0.126525
-0.841279	-0.154953	0.414756
-0.295916	-0.0747178	0.101702
-0.295916	-0.0747178	0.101702
0.690325	0.500129	-0.133248
0.279134	1.39611	-0.057609
0.118989	2.12154	0.246363
-0.671427	0.906877	-0.0650529
-0.408333	-0.0390932	-0.79069
-1.1634	-0.732335	-0.668322
-1.1634	-0.732335	-0.668322
-0.32877	-0.705127	-1.00638
-0.32877	-0.705127	-1.00638
-0.32877	-0.705127	-1.00638
-0.32877	-0.705127	-1.00638
-0.32877	-0.705127	-1.00638
0.180803	-0.925397	-0.637528
0.180803	-0.925397	-0.637528
-0.161193	-1.32232	0.33998
-0.547745	-0.201804	1.25585
-1.2014	-0.444557	0.0933648
-0.225217	-0.377023	1.24963
-1.32736	0.369355	1.78299
-1.12207	-0.838139	0.629729
-1.12207	-0.838139	0.629729
-0.323309	-1.77759	1.04725
-0.323309	-1.77759	1.04725
-0.323309	-1.77759	1.04725
-0.323309	-1.77759	1.04725
-0.239022	-0.728797	1.42576
0.278654	-1.02441	0.979111
1.43838	-0.146867	-0.00390567
1.43838	-0.146867	-0.00390567
1.15399	-0.255688	0.0115078
0.372513	-0.947434	0.848228
0.372513	-0.947434	0.848228
-0.580755	-1.18751	0.3366
-0.580755	-1.18751	0.3366
-0.263918	-0.741144	-0.617274
-0.263918	-0.741144	-0.617274
-0.263918	-0.741144	-0.617274
-0.263918	-0.741144	-0.617274
-0.263918	-0.741144	-0.617274
-0.263918	-0.741144	-0.617274
0.345926	-0.416389	-0.212488
0.345926	-0.416389	-0.212488
0.794569	-1.57448	0.0121021
0.791463	-0.543651	-0.154406
0.791463	-0.543651	-0.154406
0.237854	-0.693282	0.728828
0.237854	-0.693282	0.728828
-0.10048	0.108135	0.802398
-0.785636	0.761808	0.409016
-0.785636	0.761808	0.409016
0.206085	-0.289909	0.888847
-0.548936	0.398334	0.818213
-0.548936	0.398334	0.818213
-0.548936	0.398334	0.818213
-0.548936	0.398334	0.818213
-0.548936	0.398334	0.818213
-0.548936	0.398334	0.818213
-1.58043	-0.00331207	0.909137
-0.824888	0.226257	-0.284827
-0.824888	0.226257	-0.284827
-1.28211	-0.299535	-0.177143
-1.40266	0.547716	-0.0304687
-0.991327	-0.597393	0.401923
-0.991327	-0.597393	0.401923
0.226002	-0.507507	0.416664
0.199779	0.482198	-0.365589
0.199779	0.482198	-0.365589
0.199779	0.482198	-0.365589
1.32755	0.81131	-1.48353
1.32755	0.81131	-1.48353
1.38765	1.69432	-2.15275
1.90955	1.2138	-1.13501
2.38981	1.10961	-0.846782
2.38981	1.10961	-0.846782
2.38981	1.10961	-0.846782
1.30832	2.17076	-1.68129
1.10031	1.25325	-1.1269
-0.0626635	0.0893917	-0.469034
-0.394693	-0.186544	-1.47826
-0.826827	0.215738	-1.98181
-1.21693	1.0116	-1.0096
-0.8218	0.188367	0.0917419
-0.8218	0.188367	0.0917419
-0.280564	-0.633313	-0.965163
-0.280564	-0.633313	-0.965163
-0.280564	-0.633313	-0.965163
-0.280564	-0.633313	-0.965163
-0.756456	-0.0220822	-1.31143
0.0144465	-1.01956	-0.840122
0.0144465	-1.01956	-0.840122
0.0144465	-1.01956	-0.840122
0.447773	-0.412523	-0.347667
0.447773	-0.412523	-0.347667
1.26444	-0.180867	-0.618375
1.26444	-0.180867	-0.618375
1.52096	0.168438	-0.763573
1.52096	0.168438	-0.763573
1.52096	0.168438	-0.763573
1.52096	0.168438	-0.763573
0.435012	-0.788925	-0.971118
0.435012	-0.788925	-0.971118
1.3351	0.41888	-0.898809
1.3351	0.41888	-0.898809
1.58399	0.573563	-0.682709
1.66371	0.367819	-1.89158
1.18291	0.525403	-1.4949
1.18291	0.525403	-1.4949
1.59674	0.132032	-1.38594
0.418103	0.686123	-1.79731
-0.513331	1.08474	-0.930309
-0.761814	1.16112	0.264297
-0.428529	0.217784	-0.317644
-0.428529	0.217784	-0.317644
-0.428529	0.217784	-0.317644
-0.428529	0.217784	-0.317644
-0.428529	0.217784	-0.317644
-1.10489	1.0442	-0.36087
-2.22669	1.95797	-1.50778
-2.42067	1.01421	-1.78327
-3.20809	1.72421	-2.40184
-3.21734	1.46389	-1.94115
-2.26687	0.681118	-2.92475
-1.15957	0.605786	-2.22464
-1.15957	0.605786	-2.22464
-1.48149	-0.563437	-2.02699
-0.951071	-0.461919	-2.2377
-0.951071	-0.461919	-2.2377
-0.584142	0.106612	-1.57352
-0.584142	0.106612	-1.57352
-0.165287	1.16769	-0.446523
-0.165287	1.16769	-0.446523
-0.165287	1.16769	-0.446523
-0.165287	1.16769	-0.446523
-0.302952	0.634239	-1.4386
0.803823	1.62628	-0.499757
0.803823	1.62628	-0.499757
1.10777	2.15105	0.606694
1.10777	2.15105	0.606694
0.271481	2.0846	0.310907
1.48916	1.70391	1.42891
0.676239	2.44868	2.35841
0.676239	2.44868	2.35841
0.519468	3.47855	1.60116
-0.0265602	3.79667	2.24563
0.0467492	3.47485	3.03798
0.376603	4.33161	2.57579
0.11497	4.28615	2.75344
0.237133	3.27872	3.12128
0.237133	3.27872	3.12128
0.237133	3.27872	3.12128
0.702491	4.0233	2.38232
0.702491	4.0233	2.38232
0.871269	3.04061	2.1849
0.871269	3.04061	2.1849
0.871269	3.04061	2.1849
0.36112	2.61499	1.04883
0.36112	2.61499	1.04883
0.872854	3.35946	0.247602
0.872854	3.35946	0.247602
1.89353	2.64065	0.97463
1.89353	2.64065	0.97463
0.938668	2.90745	1.94495
0.938668	2.90745	1.94495
0.508611	2.34717	0.968287
0.283664	2.34907	0.522503
1.23463	1.37113	1.13237
1.23463	1.37113	1.13237
1.23463	1.37113	1.13237
1.23463	1.37113	1.13237
1.23463	1.37113	1.13237
1.23463	1.37113	1.13237
0.902766	0.218501	0.266106
0.902766	0.218501	0.266106
0.535333	-0.301794	0.497204
0.281385	-0.1945	0.326722
0.281385	-0.1945	0.326722
0.281385	-0.1945	0.326722
0.281385	-0.1945	0.326722
1.31291	-0.133775	0.819496
0.463561	-0.962999	-0.0314138
-0.357266	-0.170442	-1.088
-0.710221	0.182847	-1.50836
-1.42382	-0.594528	-1.58892
-1.42382	-0.594528	-1.58892
-1.49857	-0.668645	-0.543952
-1.49857	-0.668645	-0.543952
-1.49857	-0.668645	-0.543952
-1.49857	-0.668645	-0.543952
-1.49857	-0.668645	-0.543952
-1.11629	-0.143041	-0.204762
-1.11629	-0.143041	-0.204762
-1.11629	-0.143041	-0.204762
-0.0355447	-1.04253	0.831125
-0.0355447	-1.04253	0.831125
-0.0355447	-1.04253	0.831125
0.120423	-0.426718	0.956216
0.120423	-0.426718	0.956216
-0.457569	-0.625504	-0.200591
-0.457569	-0.625504	-0.200591
-0.457569	-0.625504	-0.200591
-0.289422	0.246971	-1.05847
-0.289422	0.246971	-1.05847
-0.289422	0.246971	-1.05847
-0.144064	-0.274933	-0.91288
0.870968	-0.0168312	0.154403
0.870968	-0.0168312	0.154403
0.431351	0.731656	0.74751
-0.369394	0.258489	1.29476
-1.3009	-0.0918779	0.517955
-1.12832	0.563132	0.318661
-1.20618	0.0972807	1.20592
-0.201195	0.789534	1.13448
-0.201195	0.789534	1.13448
-0.903692	0.837725	0.747178
-0.903692	0.837725	0.747178
-0.261409	0.985475	-0.351544
-0.261409	0.985475	-0.351544
-0.405857	0.00835111	-0.655737
-0.405857	0.00835111	-0.655737
-0.405857	0.00835111	-0.655737
-0.405857	0.00835111	-0.655737
-0.405857	0.00835111	-0.655737
-0.405857	0.00835111	-0.655737
-0.405857	0.00835111	-0.655737
-0.405857	0.00835111	-0.655737
-0.381674	0.58793	0.0755748
-0.381674	0.58793	0.0755748
-0.381674	0.58793	0.0755748
-0.381674	0.58793	0.0755748
-1.273	-0.407316	0.173778
-1.273	-0.407316	0.173778
-0.697262	-0.876799	0.254875
-1.6187	-0.567241	0.832159
-1.63386	-1.13136	0.34879
-1.36954	-0.155203	1.26492
-1.00214	0.482643	1.62958
-0.696344	0.066301	0.711434
-0.696344	0.066301	0.711434
-0.696344	0.066301	0.711434
-0.696344	0.066301	0.711434
-0.696344	0.066301	0.711434
-0.696344	0.066301	0.711434
-0.630789	0.16592	0.692598
0.422887	0.912146	0.269646
-0.614999	0.341156	-0.244847
-0.053735	1.08995	-0.963302
0.985262	0.699456	-1.66942
1.18115	0.543577	-1.3042
0.268937	0.520013	-0.25115
0.566955	0.79818	0.264625
0.583181	0.0604624	0.102786
0.583181	0.0604624	0.102786
0.583181	0.0604624	0.102786
1.45315	0.0841031	0.396279
1.60745	-1.13367	0.790668
0.755322	-0.450086	1.6226
0.755322	-0.450086	1.6226
1.6503	0.631926	0.658435
1.6503	0.631926	0.658435
1.6503	0.631926	0.658435
1.6503	0.631926	0.658435
1.36747	1.38217	0.124235
1.36747	1.38217	0.124235
1.74546	1.57879	1.31292
2.87967	1.49114	0.506028
2.63312	1.00496	0.962464
2.63312	1.00496	0.962464
2.63312	1.00496	0.962464
2.63312	1.00496	0.962464
2.20882	1.84635	0.277493
2.20882	1.84635	0.277493
1.18397	0.681288	-0.0686127
0.411435	1.19776	-0.0708509
0.411435	1.19776	-0.0708509
-0.353917	1.08782	-0.69784
-0.679741	-0.132295	-0.472486
-0.679741	-0.132295	-0.472486
-0.383156	-0.873006	-0.219246
-1.01578	-0.703417	0.143401
-1.01578	-0.703417	0.143401
-0.225838	-0.190548	1.22886
0.0699519	0.785985	1.12696
0.0699519	0.785985	1.12696
0.0699519	0.785985	1.12696
0.0699519	0.785985	1.12696
-0.433942	0.960398	0.0439677
0.679948	0.465551	0.700026
-0.153725	-0.44974	0.126794
-0.153725	-0.44974	0.126794
-0.153725	-0.44974	0.126794
-0.153725	-0.44974	0.126794
-0.153725	-0.44974	0.126794
-0.153725	-0.44974	0.126794
-0.153725	-0.44974	0.126794
-0.153725	-0.44974	0.126794
-0.153725	-0.44974	0.126794
-0.153725	-0.44974	0.126794
0.106191	-0.549328	0.893149
0.106191	-0.549328	0.893149
0.106191	-0.549328	0.893149
0.106191	-0.549328	0.893149
-0.976222	-0.386168	1.16568
-0.976222	-0.386168	1.16568
-0.221147	-0.580581	1.20785
-0.335343	-0.37238	0.656069
-0.335343	-0.37238	0.656069
0.770332	0.268067	0.163123
0.114981	-0.937588	0.396768
0.114981	-0.937588	0.396768
0.456912	-0.642001	0.562652
0.883629	-1.22825	-0.444037
1.56491	-0.438878	0.184295
1.56491	-0.438878	0.184295
0.36031	-1.37558	-1.01547
0.36031	-1.37558	-1.01547
1.5206	-0.624976	0.206158
1.5206	-0.624976	0.206158
1.97868	-0.599998	0.627507
2.63007	-0.238801	-0.382681
2.40765	0.493488	-1.32288
1.48083	1.60803	-1.20595
2.1838	0.863985	-0.0959691
2.1838	0.863985	-0.0959691
2.1838	0.863985	-0.0959691
1.5102	-0.141428	-0.686207
1.5102	-0.141428	-0.686207
0.968032	0.629961	-1.62742
0.968032	0.629961	-1.62742
0.968032	0.629961	-1.62742
0.0345197	-0.154476	-2.36241
0.0345197	-0.154476	-2.36241
0.0345197	-0.154476	-2.36241
0.846307	0.617536	-1.95144
0.846307	0.617536	-1.95144
0.177512	0.360274	-1.95663
0.177512	0.360274	-1.95663
0.31286	1.45512	-2.09583
1.28557	0.469414	-1.89615
1.39064	0.657158	-1.45752
0.677433	0.0526994	-1.60279
0.677433	0.0526994	-1.60279
0.387228	-0.758046	-0.861855
-0.608068	-0.413788	0.27745
-0.608068	-0.413788	0.27745
-0.608068	-0.413788	0.27745
-0.176547	0.115646	-0.119016
-0.176547	0.115646	-0.119016
-0.176547	0.115646	-0.119016
-0.176547	0.115646	-0.119016
-0.176547	0.115646	-0.119016
-0.176547	0.115646	-0.119016
-0.176547	0.115646	-0.119016
-0.176547	0.115646	-0.119016
-0.176547	0.115646	-0.119016
-0.22582	0.0275416	0.227103
-0.22582	0.0275416	0.227103
-0.22582	0.0275416	0.227103
-0.22582	0.0275416	0.227103
-0.22582	0.0275416	0.227103
-0.22582	0.0275416	0.227103
-0.22582	0.0275416	0.227103
-0.22582	0.0275416	0.227103
-0.22582	0.0275416	0.227103
0.0758734	-0.133305	0.420588
0.0758734	-0.133305	0.420588
0.0758734	-0.133305	0.420588
0.0758734	-0.133305	0.420588
1.01037	-1.2038	-0.069699
2.10395	-0.205101	0.394048
2.10395	-0.205101	0.394048
2.64622	-0.540259	0.544472
2.55087	0.447949	0.0948618
2.55087	0.447949	0.0948618
1.57638	-0.674602	1.2964
1.57638	-0.674602	1.2964
1.57638	-0.674602	1.2964
0.363797	-1.11165	1.05918
0.737536	-1.44515	0.590752
-0.243416	-1.72578	0.962924
-1.37297	-0.773679	0.168991
-0.947856	-0.151351	0.658142
-1.40906	0.434837	-0.475931
-0.66099	0.672738	-0.63423
-0.66099	0.672738	-0.63423
-0.66099	0.672738	-0.63423
-0.66099	0.672738	-0.63423
-0.66099	0.672738	-0.63423
0.372148	-0.215922	-0.617368
0.143028	-0.599606	-0.602154
-0.440157	-1.78675	-0.687423
-0.537493	-1.99308	0.417885
-0.537493	-1.99308	0.417885
-0.537493	-1.99308	0.417885
-1.67109	-1.35291	-0.00754639
-1.13274	-0.573249	-1.11939
-0.203881	-0.533732	0.031624
-0.203881	-0.533732	0.031624
-0.203881	-0.533732	0.031624
-0.310371	-1.4487	1.11128
0.213862	-1.98017	0.103718
0.213862	-1.98017	0.103718
-0.147811	-0.887855	0.408285
-1.14031	0.0106393	0.624138
-1.26386	0.735437	1.38082
-1.36263	-0.174349	0.781459
-1.29459	-0.220493	-0.180746
-1.29459	-0.220493	-0.180746
-1.92373	-1.0023	-1.32599
-1.72393	-1.30031	-2.10717
-0.713526	-0.345752	-0.89573
-0.411751	-0.883004	-0.84516
-0.0310892	-1.64366	-0.0251813
0.333186	-0.924181	-1.1769
-0.587457	-1.10437	-0.751595
-0.587457	-1.10437	-0.751595
-0.587457	-1.10437	-0.751595
-0.443309	-0.811407	-1.59292
0.574406	-1.51717	-0.626192
0.574406	-1.51717	-0.626192
0.574406	-1.51717	-0.626192
-0.414761	-0.298003	-0.813926
-0.447607	-0.0174578	-0.387087
-0.447607	-0.0174578	-0.387087
-0.447607	-0.0174578	-0.387087
-0.447607	-0.0174578	-0.387087
-0.447607	-0.0174578	-0.387087
-1.08154	-0.136158	0.37998
-0.314063	0.907343	0.149121
-0.314063	0.907343	0.149121
-0.420227	0.476826	0.833388
-0.420227	0.476826	0.833388
-0.420227	0.476826	0.833388
0.580519	-0.736313	-0.0539643
0.580519	-0.736313	-0.0539643
0.580519	-0.736313	-0.0539643
0.580519	-0.736313	-0.0539643
-0.231088	-0.520641	0.887828
0.181731	-0.0050131	1.45597
0.181731	-0.0050131	1.45597
0.71911	0.395319	2.02309
1.92475	0.332483	1.90161
1.16918	-0.350361	3.09568
1.16918	-0.350361	3.09568
1.16918	-0.350361	3.09568
1.27349	0.196522	1.94507
1.27349	0.196522	1.94507
1.27349	0.196522	1.94507
0.586649	0.414454	2.21356
-0.162071	1.21789	2.31045
-1.03842	0.607854	1.18744
-1.03842	0.607854	1.18744
-1.03842	0.607854	1.18744
-1.03842	0.607854	1.18744
-1.03842	0.607854	1.18744
-1.03842	0.607854	1.18744
-0.482111	0.480318	0.856313
0.173575	0.6702	0.143438
-0.0869982	0.655274	0.351241
-0.0869982	0.655274	0.351241
-0.0869982	0.655274	0.351241
-0.0869982	0.655274	0.351241
-0.223156	-0.258778	-0.421798
-0.223156	-0.258778	-0.421798
-0.223156	-0.258778	-0.421798
-0.223156	-0.258778	-0.421798
-0.223156	-0.258778	-0.421798
0.931787	-1.35737	0.436709
1.73412	-1.01158	1.30435
1.73412	-1.01158	1.30435
2.0537	-0.103255	0.967942
2.50045	-0.513587	-0.250638
2.50045	-0.513587	-0.250638
2.50045	-0.513587	-0.250638
2.50045	-0.513587	-0.250638
2.30645	0.114314	0.517682
2.17953	-0.864695	0.0664111
2.48726	-0.469303	-1.12612
2.50415	0.494972	-0.881933
3.26385	0.651204	-1.24272
2.47013	1.09487	-0.803988
2.47013	1.09487	-0.803988
1.77262	1.8022	-1.92556
1.77262	1.8022	-1.92556
1.77262	1.8022	-1.92556
2.45433	0.988315	-1.07667
1.40927	0.56226	0.0789638
1.40927	0.56226	0.0789638
1.40927	0.56226	0.0789638
0.577011	0.915499	-0.987811
1.68628	1.59444	-1.49254
1.84015	1.17607	-2.44993
2.08186	1.3157	-1.39244
1.75952	2.09435	-0.584556
1.75952	2.09435	-0.584556
1.97169	1.3713	-0.801093
1.97169	1.3713	-0.801093
1.50612	1.69308	-1.02982
0.477066	1.65515	-1.12985
-0.15196	0.622094	-1.09406
-0.15196	0.622094	-1.09406
-0.392366	0.529651	-0.791283
-0.392366	0.529651	-0.791283
-0.392366	0.529651	-0.791283
-0.392366	0.529651	-0.791283
-1.12525	-0.06713	-0.994059
-1.31334	-0.991103	-0.429686
-1.54329	0.176863	0.520192
-1.08188	0.748206	0.487706
-0.725809	-0.192795	1.66114
-0.687714	-0.993181	1.19718
-1.37484	-0.589476	0.282357
-0.921175	-0.361974	-0.623564
-0.921175	-0.361974	-0.623564
-0.921175	-0.361974	-0.623564
-1.75828	-0.220825	-0.591189
-1.08475	-0.297818	-0.773748
-1.08475	-0.297818	-0.773748
-0.0620495	-1.11587	0.0660521
-0.0200497	-0.211583	-0.670827
0.846187	-0.0843699	-0.912296
0.632727	0.580593	-2.03334
0.632727	0.580593	-2.03334
1.2854	0.0373398	-1.1826
0.435861	0.659574	-1.51857
0.435861	0.659574	-1.51857
-0.753281	1.50509	-1.08859
-0.753281	1.50509	-1.08859
-0.197728	1.70004	-1.76282
-1.0646	0.598958	-0.66738
-0.213719	-0.114467	-0.676139
0.693595	-0.386046	0.0703112
0.693595	-0.386046	0.0703112
0.0606584	0.657787	0.389169
0.0606584	0.657787	0.389169
-0.447347	0.0365646	0.785514
-0.447347	0.0365646	0.785514
0.63486	0.911749	-0.369551
0.63486	0.911749	-0.369551
0.63486	0.911749	-0.369551
0.63486	0.911749	-0.369551
0.63486	0.911749	-0.369551
1.31206	-0.141245	-0.671364
1.31206	-0.141245	-0.671364
1.34608	0.928688	-0.167303
1.34608	0.928688	-0.167303
1.34608	0.928688	-0.167303
1.34608	0.928688	-0.167303
1.34608	0.928688	-0.167303
1.34608	0.928688	-0.167303
0.826929	2.05181	0.664945
0.826929	2.05181	0.664945
0.678163	2.48316	1.14626
1.266	2.42833	0.971817
1.20053	1.77008	0.579245
0.559541	1.49927	1.38333
0.356107	0.535524	0.513749
0.356107	0.535524	0.513749
0.356107	0.535524	0.513749
-0.0224288	0.313135	1.70075
-0.96457	0.103606	2.23002
-0.0427244	-0.778951	2.05774
-0.827334	-0.713333	1.69374
0.12509	-1.42535	1.40475
0.344349	-1.77134	0.843206
-0.317013	-1.89774	0.460776
-0.317013	-1.89774	0.460776
-0.317013	-1.89774	0.460776
-0.317013	-1.89774	0.460776
-1.47073	-2.62543	0.665167
-1.47073	-2.62543	0.665167
-0.568197	-2.11195	-0.548912
-0.479148	-1.06294	-1.37306
0.119254	-1.86603	-2.14844
0.119254	-1.86603	-2.14844
-0.823406	-2.34303	-1.1192
-0.823406	-2.34303	-1.1192
-0.823406	-2.34303	-1.1192
-0.0757812	-2.51458	-1.77368
0.681969	-2.40495	-2.59835
0.681969	-2.40495	-2.59835
-0.478151	-1.33509	-3.28622
-0.478151	-1.33509	-3.28622
-0.478151	-1.33509	-3.28622
-0.478151	-1.33509	-3.28622
-1.05948	-2.50797	-2.20537
-0.596248	-2.4523	-1.98687
0.271961	-1.35013	-2.7475
-0.561506	-1.63468	-2.9061
0.168333	-1.14087	-3.67939
0.168333	-1.14087	-3.67939
-0.302821	-2.23461	-3.7383
-0.953784	-3.13329	-2.77454
-0.953784	-3.13329	-2.77454
-1.1392	-2.04192	-2.45782
-1.1392	-2.04192	-2.45782
-1.1392	-2.04192	-2.45782
-1.31559	-0.889172	-1.9472
-0.891983	-1.43501	-1.95325
-0.440709	-0.827462	-1.10096
0.323079	-1.80408	-0.0886978
0.545061	-1.44131	-0.376248
-0.209259	-1.7381	0.758877
-0.69524	-1.05099	0.51304
-0.69524	-1.05099	0.51304
-0.69524	-1.05099	0.51304
-0.69524	-1.05099	0.51304
-0.568678	-0.131566	-0.489495
-0.568678	-0.131566	-0.489495
-0.568678	-0.131566	-0.489495
-0.568678	-0.131566	-0.489495
0.0513722	-0.463812	0.103086
1.09368	-0.661954	0.74178
1.09368	-0.661954	0.74178
1.09368	-0.661954	0.74178
1.79518	-0.70102	1.25054
1.79518	-0.70102	1.25054
1.79518	-0.70102	1.25054
1.79518	-0.70102	1.25054
1.79518	-0.70102	1.25054
1.01271	-1.05414	0.388595
-0.115404	-1.3675	-0.0333801
0.729352	-0.408886	0.715715
0.746405	-1.56754	-0.0604026
-0.252826	-0.934344	-1.05824
-0.252826	-0.934344	-1.05824
-0.252826	-0.934344	-1.05824
-0.252826	-0.934344	-1.05824
-0.252826	-0.934344	-1.05824
0.77676	-1.93951	-2.21211
0.945093	-0.79589	-1.96747
0.218118	-1.06893	-1.44111
0.540304	-0.486497	-1.09241
0.540304	-0.486497	-1.09241
1.69022	-0.209385	-0.707301
0.945306	-0.326296	0.353557
0.945306	-0.326296	0.353557
0.290598	-0.684972	-0.133553
0.266746	0.012936	0.91904
0.266746	0.012936	0.91904
0.266746	0.012936	0.91904
0.266746	0.012936	0.91904
0.266746	0.012936	0.91904
0.266746	0.012936	0.91904
0.266746	0.012936	0.91904
0.266746	0.012936	0.91904
0.266746	0.012936	0.91904
0.266746	0.012936	0.91904
0.266746	0.012936	0.91904
0.966259	1.19144	0.292641
0.764254	0.0548832	0.016456
0.764254	0.0548832	0.016456
-0.164543	0.617721	-0.553318
-0.164543	0.617721	-0.553318
0.33653	0.96572	-0.0931854
0.33653	0.96572	-0.0931854
-0.236924	0.0325311	0.843679
-0.236924	0.0325311	0.843679
-0.236924	0.0325311	0.843679
-0.569852	-0.640017	0.690595
-1.70112	-0.929632	-0.27743
-1.38687	0.278387	-0.809525
-1.53532	-0.421266	-0.915594
-0.855623	-0.409369	-0.326409
-0.855623	-0.409369	-0.326409
-0.855623	-0.409369	-0.326409
-0.984719	-0.0894661	-0.132354
-0.984719	-0.0894661	-0.132354
-0.449265	1.02584	0.393995
0.0774871	0.376313	-0.390422
0.0774871	0.376313	-0.390422
0.0774871	0.376313	-0.390422
0.0774871	0.376313	-0.390422
0.0774871	0.376313	-0.390422
0.0774871	0.376313	-0.390422
0.0774871	0.376313	-0.390422
0.355265	-0.650231	-0.221183
0.355265	-0.650231	-0.221183
0.355265	-0.650231	-0.221183
0.355265	-0.650231	-0.221183
0.574693	-0.364253	-0.188574
0.574693	-0.364253	-0.188574
0.574693	-0.364253	-0.188574
-0.171873	0.239388	-0.343418
-0.171873	0.239388	-0.343418
-0.171873	0.239388	-0.343418
-0.171873	0.239388	-0.343418
-0.171873	0.239388	-0.343418
-0.171873	0.239388	-0.343418
-0.171873	0.239388	-0.343418
0.361489	-0.187339	0.677012
0.361489	-0.187339	0.677012
0.361489	-0.187339	0.677012
-0.565287	-0.433316	0.514803
-0.565287	-0.433316	0.514803
-0.565287	-0.433316	0.514803
-0.598476	0.314187	0.784109
-0.598476	0.314187	0.784109
-0.598476	0.314187	0.784109
-0.218744	0.553147	0.590753
-0.839986	1.06902	0.666163
-1.7353	0.68251	-0.52899
-1.7353	0.68251	-0.52899
-1.95113	1.39619	-0.44133
-2.218	1.0515	-0.0716755
-3.16899	1.4894	1.10417
-2.19803	1.27215	1.24687
-2.19803	1.27215	1.24687
-2.19803	1.27215	1.24687
-2.19803	1.27215	1.24687
-1.03313	1.8659	1.59741
-1.77111	2.71259	0.54259
-1.77111	2.71259	0.54259
-0.653765	1.862	-0.227881
-1.47993	0.964662	-0.419385
-0.282853	0.395603	0.540657
-0.282853	0.395603	0.540657
-0.229541	0.0159005	-0.511472
-0.229541	0.0159005	-0.511472
-0.229541	0.0159005	-0.511472
-0.229541	0.0159005	-0.511472
0.879346	0.943462	-0.970875
1.90671	-0.167858	0.115381
1.15857	0.830528	-0.894192
1.99333	1.04274	-0.314555
1.82519	1.02579	0.282407
1.82519	1.02579	0.282407
2.28008	1.2512	0.535042
2.28008	1.2512	0.535042
2.55628	2.11299	-0.504809
3.39295	1.83788	-0.721796
3.39295	1.83788	-0.721796
3.39295	1.83788	-0.721796
2.96831	0.992593	-1.03858
2.94893	0.164438	-0.202674
2.94893	0.164438	-0.202674
2.21862	0.428342	0.537756
2.21862	0.428342	0.537756
1.95822	-0.402382	-0.0590386
2.15287	-1.19639	-0.250464
2.15287	-1.19639	-0.250464
1.33431	-1.69681	-1.27552
1.33431	-1.69681	-1.27552
