37.6612	28.5645	-0.875766
37.9919	28.6002	0.456467
40.2232	27.407	-2.21828
40.2232	27.407	-2.21828
40.4899	26.4903	-3.41657
40.8837	24.0505	-3.34394
40.4192	25.8219	-5.01048
40.4192	25.8219	-5.01048
39.0183	25.1018	-5.3267
36.3389	25.9855	-4.96398
34.3577	25.4172	-4.63396
34.3577	25.4172	-4.63396
35.3383	22.449	-6.13454
32.7862	19.6583	-7.28144
32.7862	19.6583	-7.28144
32.7862	19.6583	-7.28144
32.4298	17.9656	-5.07935
32.4585	15.7218	-6.25339
31.3101	16.1344	-9.07236
31.3101	16.1344	-9.07236
30.31	18.0451	-6.55835
28.6427	19.4851	-6.82221
26.2937	16.7568	-9.68982
26.2937	16.7568	-9.68982
26.2937	16.7568	-9.68982
24.7814	19.6499	-9.9712
27.1769	17.1715	-11.4189
27.1769	17.1715	-11.4189
24.556	18.9905	-8.67162
24.0503	16.9944	-9.99903
24.0503	16.9944	-9.99903
24.0503	16.9944	-9.99903
21.0896	18.6892	-7.4521
21.0896	18.6892	-7.4521
21.0896	18.6892	-7.4521
20.9381	19.196	-9.08024
20.9381	19.196	-9.08024
20.9381	19.196	-9.08024
20.5476	18.1412	-9.34382
20.5476	18.1412	-9.34382
20.5476	18.1412	-9.34382
17.9979	15.9856	-12.1862
16.2924	17.7335	-10.7739
18.3558	18.4425	-9.31899
18.4658	16.1292	-10.0704
17.5258	15.7057	-11.1923
17.5258	15.7057	-11.1923
14.8975	12.9113	-8.57335
16.1782	12.871	-6.89031
16.9293	12.9582	-4.30591
15.8526	15.393	-2.21083
16.7614	14.6392	-3.65951
16.7614	14.6392	-3.65951
16.7614	14.6392	-3.65951
14.2105	12.821	-5.35477
14.2105	12.821	-5.35477
13.8136	12.9037	-6.86913
12.8512	10.2211	-5.59026
11.1373	7.76989	-5.26013
8.75642	7.33563	-7.45132
7.88629	5.22809	-7.72269
7.88629	5.22809	-7.72269
7.63364	5.43396	-5.77385
9.50554	2.77033	-6.72101
9.50554	2.77033	-6.72101
7.38077	2.82814	-5.20709
6.25581	3.37486	-6.93894
6.35153	1.04842	-3.98176
5.66823	2.42756	-3.81679
4.99348	0.323543	-2.89401
4.99348	0.323543	-2.89401
3.73276	-0.166093	-2.73243
3.73276	-0.166093	-2.73243
2.32431	-0.850507	-3.54223
2.32431	-0.850507	-3.54223
2.32431	-0.850507	-3.54223
1.28053	2.00109	-2.90935
1.28053	2.00109	-2.90935
1.59906	1.61341	-4.20803
1.59906	1.61341	-4.20803
1.61701	1.08013	-2.86739
1.28421	-1.49618	-4.40844
2.57884	-1.83868	-3.11148
1.20144	0.921009	-2.93116
-1.00045	-1.55054	-2.31245
-2.17317	-0.555437	-0.990002
-2.59591	-0.124943	-3.72539
-1.83134	2.66778	-3.83721
-2.46913	3.97668	-3.28229
-0.490495	2.8117	-5.32329
-0.490495	2.8117	-5.32329
-0.490495	2.8117	-5.32329
-3.20385	0.710611	-5.80366
-3.20385	0.710611	-5.80366
-3.20385	0.710611	-5.80366
-3.20385	0.710611	-5.80366
-0.501667	3.10928	-3.5771
-0.501667	3.10928	-3.5771
0.49117	2.28366	-4.15293
0.49117	2.28366	-4.15293
-1.17083	2.13059	-3.72559
0.892186	1.64351	-5.76942
-2.00894	2.54409	-4.68521
-0.882099	1.07703	-5.25212
-1.60884	1.72225	-3.56268
-1.60884	1.72225	-3.56268
-0.810511	-0.237166	-3.97467
-0.810511	-0.237166	-3.97467
1.41611	1.30048	-1.43193
2.16907	0.88877	-3.35154
-0.178139	-0.450677	-1.88351
-0.178139	-0.450677	-1.88351
-0.178139	-0.450677	-1.88351
-0.379731	1.77841	-3.82618
-1.05617	4.42093	-1.6248
-1.05617	4.42093	-1.6248
1.64497	2.26927	-1.58401
1.69877	3.10955	-2.7835
1.69877	3.10955	-2.7835
1.69877	3.10955	-2.7835
1.69877	3.10955	-2.7835
1.30912	1.11605	-5.11843
1.30912	1.11605	-5.11843
1.30912	1.11605	-5.11843
1.30912	1.11605	-5.11843
-1.61469	2.91667	-4.59344
-4.45253	2.27428	-4.46782
-2.75631	3.52813	-3.8178
-3.67018	5.00103	-6.6927
-3.67018	5.00103	-6.6927
-3.67018	5.00103	-6.6927
-3.67018	5.00103	-6.6927
-3.40056	5.09158	-5.89718
-3.11804	2.40133	-7.96063
-3.01777	0.973376	-7.02512
-4.67117	-0.375629	-4.643
-3.22391	0.193339	-4.4977
-2.49693	2.58626	-5.96736
-2.42796	5.00227	-4.29028
-2.42796	5.00227	-4.29028
0.531961	7.63186	-4.44844
3.12621	5.45835	-7.0585
3.12621	5.45835	-7.0585
4.35662	2.78203	-5.72003
2.93312	4.47578	-4.51919
2.93312	4.47578	-4.51919
4.89559	3.53925	-1.80114
4.89559	3.53925	-1.80114
4.89559	3.53925	-1.80114
7.79506	3.32025	1.09263
4.96727	2.02339	3.01064
6.83515	2.58293	2.29979
6.83515	2.58293	2.29979
3.91203	4.82076	5.12353
3.15597	4.70656	5.86486
4.34609	5.83348	5.15239
4.34609	5.83348	5.15239
4.34609	5.83348	5.15239
6.26056	4.41785	6.06007
6.26056	4.41785	6.06007
3.38795	1.96301	8.81942
5.77579	1.16132	7.7847
5.77579	1.16132	7.7847
4.63802	3.84309	6.52564
4.63802	3.84309	6.52564
4.63802	3.84309	6.52564
5.4729	3.3641	5.41568
3.89513	4.83661	6.74263
2.14172	7.24458	4.11393
2.14172	7.24458	4.11393
2.14172	7.24458	4.11393
1.71575	6.90973	1.63121
0.947677	5.78538	3.67369
0.947677	5.78538	3.67369
0.947677	5.78538	3.67369
0.947677	5.78538	3.67369
0.947677	5.78538	3.67369
0.947677	5.78538	3.67369
0.947677	5.78538	3.67369
0.645049	7.23535	4.75072
0.645049	7.23535	4.75072
0.462251	8.19298	2.42629
0.462251	8.19298	2.42629
-0.389368	6.43631	0.812754
-3.27621	3.86265	0.875934
-3.90243	3.63333	1.23482
-3.90243	3.63333	1.23482
-3.90243	3.63333	1.23482
-3.90243	3.63333	1.23482
-4.80342	4.32963	3.02631
-4.80863	3.34163	3.74679
-4.80863	3.34163	3.74679
-4.67921	4.27425	4.80577
-5.54295	2.06577	2.25154
-2.92616	2.82518	5.00254
-1.55551	0.348369	4.30533
-1.55551	0.348369	4.30533
-2.53415	0.848836	5.39288
-2.53415	0.848836	5.39288
-2.53415	0.848836	5.39288
-0.480924	-0.557664	6.09277
-0.520505	2.355	5.6986
0.346251	2.03413	3.53832
1.33341	1.5343	1.88102
1.33341	1.5343	1.88102
-0.872504	0.519934	0.696094
-0.872504	0.519934	0.696094
-1.28368	0.807865	1.19263
0.213712	-1.60422	-1.13761
2.36143	-1.72442	1.17769
-0.146155	0.52704	0.595448
0.19961	1.05633	2.0115
0.19961	1.05633	2.0115
0.19961	1.05633	2.0115
0.19961	1.05633	2.0115
1.11621	0.641351	2.10885
1.11621	0.641351	2.10885
1.11621	0.641351	2.10885
1.11621	0.641351	2.10885
1.11621	0.641351	2.10885
1.11621	0.641351	2.10885
1.11621	0.641351	2.10885
1.11621	0.641351	2.10885
1.11621	0.641351	2.10885
1.11621	0.641351	2.10885
1.11621	0.641351	2.10885
-0.0263159	1.03307	1.51529
-0.0263159	1.03307	1.51529
-0.0263159	1.03307	1.51529
-0.0263159	1.03307	1.51529
-0.0263159	1.03307	1.51529
-0.0263159	1.03307	1.51529
-0.0263159	1.03307	1.51529
-0.0263159	1.03307	1.51529
-1.50501	0.49969	2.83406
-1.50501	0.49969	2.83406
-0.426961	2.0282	3.85677
-0.426961	2.0282	3.85677
-0.426961	2.0282	3.85677
-0.426961	2.0282	3.85677
-0.410019	-0.707102	6.62132
-2.4115	-1.31718	6.90329
-2.4115	-1.31718	6.90329
-0.628389	-1.92123	6.11775
-2.48442	-0.0242467	7.05781
-2.48442	-0.0242467	7.05781
-0.920642	2.74457	7.6871
-0.920642	2.74457	7.6871
0.353648	0.7393	9.05215
0.353648	0.7393	9.05215
0.353648	0.7393	9.05215
0.760028	0.52408	10.5527
-0.756593	-0.333246	13.0848
-0.756593	-0.333246	13.0848
-0.756593	-0.333246	13.0848
-0.756593	-0.333246	13.0848
-2.73474	-3.08662	11.0938
-2.73474	-3.08662	11.0938
-2.73474	-3.08662	11.0938
-4.06989	-5.87585	9.01924
-2.64845	-5.14085	9.34917
-2.59205	-4.8417	6.62386
-3.07004	-5.1361	4.47415
-0.115984	-2.58705	2.92432
-0.115984	-2.58705	2.92432
-0.115984	-2.58705	2.92432
-0.115984	-2.58705	2.92432
-0.115984	-2.58705	2.92432
-0.115984	-2.58705	2.92432
-2.40434	-0.174957	3.97329
-4.54365	-0.686162	5.10757
-4.54365	-0.686162	5.10757
-6.25577	-0.693368	4.1205
-5.64626	1.31916	4.67922
-3.27033	-1.60433	2.34364
-3.27033	-1.60433	2.34364
-2.90138	1.00922	5.29997
-2.90138	1.00922	5.29997
-0.837578	2.26972	6.82827
-2.74125	4.61953	6.28488
-1.61233	4.16974	4.86653
-1.61233	4.16974	4.86653
-2.51054	4.68954	2.3775
-2.51054	4.68954	2.3775
-1.99833	2.29453	1.90838
-1.99833	2.29453	1.90838
-0.0136703	4.20725	3.25279
2.60322	3.74307	4.98014
2.60322	3.74307	4.98014
4.93667	4.89795	5.70218
2.18789	7.30105	5.27004
2.18789	7.30105	5.27004
0.957786	6.04389	6.69213
-1.31894	8.44101	8.02485
-2.77249	6.78457	8.86179
-4.32902	9.27125	9.77931
-2.01696	7.78956	11.0558
-2.57654	9.03862	12.8284
-2.57654	9.03862	12.8284
-2.57654	9.03862	12.8284
-2.57654	9.03862	12.8284
-0.108511	11.4353	12.7573
1.39945	11.8506	9.99872
1.39945	11.8506	9.99872
4.09507	10.0478	10.4253
1.91263	10.4946	8.45114
2.47875	10.5397	8.18977
1.29813	12.4293	6.87442
1.29813	12.4293	6.87442
-0.506609	9.54744	8.06025
1.61767	9.70082	5.74861
1.61767	9.70082	5.74861
2.31469	9.42727	7.2819
2.42272	9.45991	5.4261
4.56097	7.89033	5.95363
4.56097	7.89033	5.95363
4.55135	6.3073	5.77799
2.64678	4.1723	6.60263
0.566789	2.33329	5.07676
-0.0590228	-0.499411	5.64845
1.26369	-1.73349	4.1194
-1.24569	-3.06063	6.79902
0.214578	-4.6638	5.40081
0.214578	-4.6638	5.40081
-2.60876	-7.13727	5.0038
-3.76699	-5.70927	2.8443
-3.76699	-5.70927	2.8443
-3.76699	-5.70927	2.8443
-2.51105	-6.04163	2.6037
-2.51105	-6.04163	2.6037
-2.51105	-6.04163	2.6037
-2.51105	-6.04163	2.6037
-2.51105	-6.04163	2.6037
-3.89357	-7.41194	2.99552
-4.79389	-8.08957	2.85554
-4.79389	-8.08957	2.85554
-7.37077	-7.67218	4.97068
-5.65104	-7.05406	5.15277
-5.65104	-7.05406	5.15277
-5.65104	-7.05406	5.15277
-5.65104	-7.05406	5.15277
-5.65104	-7.05406	5.15277
-5.65104	-7.05406	5.15277
-7.38314	-4.98886	5.17405
-5.74389	-7.31959	2.35587
-5.23603	-7.57346	4.48921
-5.33601	-4.68532	5.32627
-3.28402	-5.17581	4.18005
-4.20634	-2.28909	3.14616
-1.24877	-0.240429	2.27876
-1.24877	-0.240429	2.27876
-1.24877	-0.240429	2.27876
0.685538	-0.246668	1.83925
0.685538	-0.246668	1.83925
0.685538	-0.246668	1.83925
-1.51863	0.354697	2.63071
-0.750157	0.828526	2.53122
-0.750157	0.828526	2.53122
-0.750157	0.828526	2.53122
-0.750157	0.828526	2.53122
0.48612	2.64978	3.63399
0.48612	2.64978	3.63399
0.48612	2.64978	3.63399
0.899236	0.898482	2.69798
0.899236	0.898482	2.69798
0.899236	0.898482	2.69798
0.899236	0.898482	2.69798
0.899236	0.898482	2.69798
0.899236	0.898482	2.69798
0.940437	-1.55426	1.99979
0.940437	-1.55426	1.99979
-1.78797	-1.26328	3.32751
-1.78797	-1.26328	3.32751
-1.78797	-1.26328	3.32751
-0.902322	0.698828	2.73699
-0.902322	0.698828	2.73699
-0.902322	0.698828	2.73699
-0.902322	0.698828	2.73699
2.0422	-0.667347	5.3623
4.51018	-0.0460212	5.8534
4.51018	-0.0460212	5.8534
4.51018	-0.0460212	5.8534
1.57623	2.28048	3.14251
1.57623	2.28048	3.14251
1.57623	2.28048	3.14251
1.57623	2.28048	3.14251
0.370151	0.216064	2.95594
0.370151	0.216064	2.95594
0.370151	0.216064	2.95594
0.370151	0.216064	2.95594
-0.708449	0.788266	2.96246
-1.30897	0.859265	4.94828
0.949065	1.59197	2.73924
0.949065	1.59197	2.73924
0.169331	0.170213	0.401024
0.169331	0.170213	0.401024
0.169331	0.170213	0.401024
1.2555	0.618316	1.65404
-0.109726	-0.552072	3.84791
-0.109726	-0.552072	3.84791
2.47727	-1.81688	2.26812
2.47727	-1.81688	2.26812
-0.15584	-1.27466	2.27632
-0.657787	-1.62035	2.72728
-0.657787	-1.62035	2.72728
0.558551	-1.84874	3.6605
0.71015	-1.85287	1.89803
0.71015	-1.85287	1.89803
-1.62631	0.0693229	1.57722
-0.809246	-1.32888	-0.94368
-0.809246	-1.32888	-0.94368
-1.45771	-0.274933	1.64451
-1.45771	-0.274933	1.64451
-1.45771	-0.274933	1.64451
-1.45771	-0.274933	1.64451
0.892686	-1.87103	2.49402
2.45285	0.847665	1.54787
2.17671	-0.696195	1.54911
1.3616	1.85135	2.17875
1.3616	1.85135	2.17875
1.3616	1.85135	2.17875
1.3616	1.85135	2.17875
1.3616	1.85135	2.17875
1.3616	1.85135	2.17875
1.3616	1.85135	2.17875
1.3616	1.85135	2.17875
1.3616	1.85135	2.17875
0.739502	0.395808	4.62239
2.42755	-0.336807	1.83378
2.69978	1.29162	2.71679
1.89724	-0.905396	3.58938
3.1387	-3.16092	1.68913
3.1387	-3.16092	1.68913
1.4532	-3.11068	1.15005
2.53325	-0.674043	3.02722
1.16157	0.518732	1.92957
1.16157	0.518732	1.92957
0.538484	2.56095	4.59242
-1.58085	2.36468	4.9848
-1.58085	2.36468	4.9848
-1.72106	2.5	4.98962
0.827031	4.07049	2.42224
0.827031	4.07049	2.42224
0.14374	3.6904	3.31145
0.14374	3.6904	3.31145
0.14374	3.6904	3.31145
-1.99902	2.20746	5.14597
-2.06975	1.21289	2.88646
-2.06975	1.21289	2.88646
-0.549731	2.93869	4.27984
-0.549731	2.93869	4.27984
-0.549731	2.93869	4.27984
-0.611356	3.0838	5.73371
-3.15636	5.94766	7.23649
-3.39149	7.43852	6.093
-3.73723	7.72603	8.37201
-6.42015	7.14902	7.17644
-4.06934	6.99634	4.82836
-2.21377	9.81266	3.27544
0.568823	9.19179	0.680148
3.12485	7.84815	0.68801
1.24159	9.23241	-0.980183
1.24159	9.23241	-0.980183
2.19679	11.434	-3.87131
2.9893	8.6783	-6.1811
5.19775	5.87916	-3.33078
4.00964	6.97891	-4.61262
4.00964	6.97891	-4.61262
4.00964	6.97891	-4.61262
4.00964	6.97891	-4.61262
4.00964	6.97891	-4.61262
4.00964	6.97891	-4.61262
1.62134	9.9167	-3.09987
1.85456	11.8047	-5.61443
4.50454	10.1473	-6.03353
5.83906	7.25194	-6.89402
5.83906	7.25194	-6.89402
6.85607	7.43938	-9.47301
5.13789	6.20944	-10.1141
3.64654	4.60556	-11.7187
6.5937	4.79002	-12.0501
6.5937	4.79002	-12.0501
6.56642	3.6115	-11.0174
6.56642	3.6115	-11.0174
5.78885	5.50932	-8.73817
3.45965	4.7697	-10.3663
2.03986	3.71828	-9.20145
2.03986	3.71828	-9.20145
3.69366	3.07372	-11.3877
4.3747	0.493593	-10.206
4.3747	0.493593	-10.206
2.94617	-1.21344	-12.0666
2.94617	-1.21344	-12.0666
2.94617	-1.21344	-12.0666
5.25227	1.17068	-9.97516
4.06258	3.34276	-9.99711
5.26085	5.93494	-8.37299
5.49956	3.21456	-8.63695
8.0081	2.19599	-8.18232
7.40928	4.8566	-5.39749
7.40928	4.8566	-5.39749
5.03366	5.39194	-6.0618
5.03366	5.39194	-6.0618
3.57265	2.47757	-4.64939
3.57265	2.47757	-4.64939
5.03785	3.92383	-1.74791
5.32073	4.69752	-4.60557
5.32073	4.69752	-4.60557
5.32073	4.69752	-4.60557
5.32073	4.69752	-4.60557
5.32073	4.69752	-4.60557
5.32073	4.69752	-4.60557
6.29197	1.72829	-4.88109
6.29197	1.72829	-4.88109
5.03127	-0.0114795	-4.73986
3.71413	0.164825	-1.87474
3.71413	0.164825	-1.87474
3.71413	0.164825	-1.87474
3.71413	0.164825	-1.87474
2.78908	1.78347	-4.61206
2.78908	1.78347	-4.61206
2.78908	1.78347	-4.61206
2.78908	1.78347	-4.61206
0.196081	3.8306	-2.2684
-2.45383	2.42611	-2.34392
-2.45383	2.42611	-2.34392
-2.45383	2.42611	-2.34392
-2.45383	2.42611	-2.34392
-2.45383	2.42611	-2.34392
-0.513846	2.98088	-2.89269
2.07269	3.86815	-2.8124
0.0720585	4.02844	-1.14068
2.30847	1.28882	-3.70131
-0.0515906	1.1871	-2.32551
-0.0515906	1.1871	-2.32551
-1.19558	2.88761	-2.97166
-0.548068	1.1119	-2.8664
-0.548068	1.1119	-2.8664
0.0631279	0.771549	-1.08819
0.0631279	0.771549	-1.08819
-2.51209	0.188532	-0.979947
-2.51209	0.188532	-0.979947
-2.51209	0.188532	-0.979947
-2.51209	0.188532	-0.979947
-1.65714	0.50715	-2.18295
-3.29607	-0.317869	-4.07883
-1.46165	-0.621862	-2.10462
0.656956	-0.252812	-3.79197
0.656956	-0.252812	-3.79197
0.656956	-0.252812	-3.79197
1.56146	2.14637	-2.28078
1.56146	2.14637	-2.28078
1.56146	2.14637	-2.28078
1.56146	2.14637	-2.28078
1.82253	2.11464	-3.36997
1.34692	-0.227082	-3.80469
1.34692	-0.227082	-3.80469
1.34692	-0.227082	-3.80469
1.34692	-0.227082	-3.80469
1.34692	-0.227082	-3.80469
1.34692	-0.227082	-3.80469
-0.980737	-0.124502	-2.50267
1.47718	1.60328	-3.22816
1.47718	1.60328	-3.22816
1.47718	1.60328	-3.22816
1.47718	1.60328	-3.22816
1.47718	1.60328	-3.22816
-0.594894	2.49046	-2.09455
-0.594894	2.49046	-2.09455
-0.594894	2.49046	-2.09455
-0.594894	2.49046	-2.09455
1.46183	3.33498	-2.13087
3.64277	2.92229	-3.81979
3.64277	2.92229	-3.81979
2.40052	1.0824	-2.17102
1.34926	-1.19116	-3.63193
-0.797267	1.68818	-5.13764
-1.22357	1.90832	-4.54156
-2.52021	-0.684241	-4.65616
-3.06228	0.418018	-3.82194
-3.06228	0.418018	-3.82194
-3.06228	0.418018	-3.82194
-3.58201	-1.20338	-3.40051
-3.58201	-1.20338	-3.40051
-3.16704	-2.18671	-5.41716
-3.16704	-2.18671	-5.41716
-3.16704	-2.18671	-5.41716
-3.60941	-2.64092	-2.65721
-2.91398	-4.08977	-1.92957
-3.83518	-1.14019	-1.44442
-3.83518	-1.14019	-1.44442
-1.10534	-0.960099	-2.59029
-1.10534	-0.960099	-2.59029
-1.10534	-0.960099	-2.59029
-1.10534	-0.960099	-2.59029
-1.10534	-0.960099	-2.59029
-1.10534	-0.960099	-2.59029
-1.10534	-0.960099	-2.59029
-1.10534	-0.960099	-2.59029
-1.10534	-0.960099	-2.59029
-1.10534	-0.960099	-2.59029
-1.10534	-0.960099	-2.59029
-0.976315	-3.03493	-3.6309
-0.976315	-3.03493	-3.6309
-0.976315	-3.03493	-3.6309
-0.976315	-3.03493	-3.6309
-0.0740161	-3.94141	-4.12211
-0.0740161	-3.94141	-4.12211
-0.0740161	-3.94141	-4.12211
-0.934429	-3.98584	-1.68625
-1.90835	-5.00541	-2.98781
-1.90835	-5.00541	-2.98781
-2.91961	-4.23422	-2.3955
-2.91961	-4.23422	-2.3955
-3.11337	-2.9833	-0.897932
-3.11337	-2.9833	-0.897932
-5.66636	-0.64692	1.72724
-3.42508	-1.40377	2.08097
-3.42508	-1.40377	2.08097
-3.42508	-1.40377	2.08097
-3.42508	-1.40377	2.08097
-3.42508	-1.40377	2.08097
-3.42508	-1.40377	2.08097
-3.42508	-1.40377	2.08097
-3.42508	-1.40377	2.08097
-1.0552	-2.05265	1.41688
-1.0552	-2.05265	1.41688
-1.0552	-2.05265	1.41688
-1.0552	-2.05265	1.41688
-0.427259	-0.891122	3.9115
-1.26298	-0.577257	4.19269
-1.26298	-0.577257	4.19269
-0.00632007	-2.88526	4.58867
-0.00632007	-2.88526	4.58867
-0.00632007	-2.88526	4.58867
-0.00632007	-2.88526	4.58867
-0.0871059	-3.13096	4.67317
-0.0871059	-3.13096	4.67317
-0.0871059	-3.13096	4.67317
-2.81291	-3.399	2.48506
-2.81291	-3.399	2.48506
-2.86516	-2.5891	1.08999
-0.960768	-1.4114	-0.166319
1.87771	-3.06896	1.57006
-0.940372	-2.38706	-1.15663
-0.940372	-2.38706	-1.15663
-1.95995	-3.50478	1.53321
-1.95995	-3.50478	1.53321
0.267947	-3.99151	1.19945
0.645954	-1.96244	1.9251
0.645954	-1.96244	1.9251
0.645954	-1.96244	1.9251
-0.899674	0.760816	3.06384
-2.25079	1.82607	2.92929
-1.02928	-0.724377	3.6893
-0.671198	0.978652	3.61884
0.720003	0.790566	3.21627
0.720003	0.790566	3.21627
-0.675931	-0.575843	5.34923
-1.43682	-1.54238	4.15908
1.34745	-0.794299	6.20199
1.34745	-0.794299	6.20199
1.34745	-0.794299	6.20199
2.22831	0.197943	6.82659
4.2736	2.17841	5.88352
4.2736	2.17841	5.88352
4.31129	0.854166	4.0579
4.31129	0.854166	4.0579
3.12807	0.856834	3.35683
3.12807	0.856834	3.35683
1.18855	3.67686	2.34944
2.35795	5.14574	3.8737
2.35795	5.14574	3.8737
1.992	4.83603	5.21733
1.992	4.83603	5.21733
1.992	4.83603	5.21733
4.28625	2.29084	5.34593
3.94865	0.395339	3.84677
1.81041	0.962305	3.39016
1.81041	0.962305	3.39016
1.81041	0.962305	3.39016
2.02295	3.09843	3.80634
2.77548	4.33066	2.3442
2.77548	4.33066	2.3442
4.40369	2.41218	3.65532
3.4958	0.175888	3.16584
4.5077	-0.313624	2.51891
4.5077	-0.313624	2.51891
4.1365	-0.153282	2.97014
2.5999	1.30751	3.80651
-0.112366	2.02183	3.46982
-0.112366	2.02183	3.46982
1.50497	2.78347	4.51119
1.50497	2.78347	4.51119
1.50497	2.78347	4.51119
2.23649	0.102595	6.62104
1.42104	1.58825	5.09732
1.19273	1.09977	6.22691
1.19273	1.09977	6.22691
0.515629	3.69322	4.89048
0.515629	3.69322	4.89048
0.515629	3.69322	4.89048
0.645295	2.01882	7.5759
0.645295	2.01882	7.5759
0.645295	2.01882	7.5759
1.99235	1.50967	8.0047
1.67316	-0.939604	6.46754
0.115302	-1.93686	4.38661
0.115302	-1.93686	4.38661
0.115302	-1.93686	4.38661
0.0717663	-0.919589	3.32072
-0.107522	0.228898	1.32927
-0.107522	0.228898	1.32927
-0.107522	0.228898	1.32927
-0.107522	0.228898	1.32927
-0.107522	0.228898	1.32927
-0.107522	0.228898	1.32927
1.76997	-0.559611	3.22351
0.216609	1.33091	2.58764
0.216609	1.33091	2.58764
1.69557	0.61349	2.11665
-1.01241	-0.610957	3.83329
-1.01241	-0.610957	3.83329
-1.01241	-0.610957	3.83329
0.3186	-1.5935	2.81924
0.3186	-1.5935	2.81924
-2.12213	-0.558766	3.09219
0.627474	-2.6556	1.63949
0.627474	-2.6556	1.63949
1.59993	-1.34409	2.36678
1.59993	-1.34409	2.36678
1.59993	-1.34409	2.36678
-0.673756	0.0210902	1.89437
0.530703	0.433042	0.730925
0.530703	0.433042	0.730925
0.530703	0.433042	0.730925
1.42638	-0.835455	2.07033
2.18115	1.94613	2.73915
2.18115	1.94613	2.73915
1.32129	2.14896	4.61619
1.4798	-0.765901	2.09277
1.4798	-0.765901	2.09277
1.4798	-0.765901	2.09277
1.4798	-0.765901	2.09277
-0.514872	0.250192	3.99591
-0.737348	-1.14385	3.30945
-0.737348	-1.14385	3.30945
1.85779	1.17901	2.17352
-0.364163	0.893971	3.81125
-0.364163	0.893971	3.81125
-0.364163	0.893971	3.81125
1.14676	-1.26287	4.7564
0.258097	-3.96917	3.04199
0.258097	-3.96917	3.04199
0.258097	-3.96917	3.04199
0.258097	-3.96917	3.04199
0.687534	-6.39673	1.90001
0.687534	-6.39673	1.90001
0.687534	-6.39673	1.90001
2.351	-7.61115	2.45283
2.351	-7.61115	2.45283
2.351	-7.61115	2.45283
2.351	-7.61115	2.45283
2.3447	-5.78423	1.47844
-0.160319	-7.06288	1.65636
-1.97227	-4.2913	4.05431
-1.97227	-4.2913	4.05431
-1.97227	-4.2913	4.05431
-0.441973	-4.63491	3.52119
-0.441973	-4.63491	3.52119
-0.441973	-4.63491	3.52119
-2.80319	-5.94262	1.8986
-2.80319	-5.94262	1.8986
-1.91625	-5.75103	-0.782283
-3.19034	-2.84758	-1.13762
-3.14981	-2.91918	1.2728
-2.9765	-2.40718	0.979846
-2.9765	-2.40718	0.979846
-2.9765	-2.40718	0.979846
-3.37285	-5.35512	2.42853
-3.37285	-5.35512	2.42853
-3.84825	-3.99725	2.66678
-4.62851	-5.49377	5.04105
-5.26381	-5.38171	4.57025
-4.90452	-6.09534	3.89093
-4.90452	-6.09534	3.89093
-4.90452	-6.09534	3.89093
-6.4846	-4.22841	5.18702
-6.16536	-5.26856	5.74804
-6.16536	-5.26856	5.74804
-5.58827	-4.44679	6.31768
-5.29864	-4.93493	4.61506
-4.98061	-4.76371	2.38815
-4.98061	-4.76371	2.38815
-6.95719	-1.84169	4.97527
-6.24125	-3.48664	4.52342
-6.24125	-3.48664	4.52342
-6.24125	-3.48664	4.52342
-6.24125	-3.48664	4.52342
-6.24125	-3.48664	4.52342
-6.24125	-3.48664	4.52342
-3.72252	-0.980264	1.80861
-3.72252	-0.980264	1.80861
-3.72252	-0.980264	1.80861
-3.72252	-0.980264	1.80861
-3.72252	-0.980264	1.80861
-4.03647	-0.309999	0.787153
-6.22518	2.06424	2.37683
-6.22518	2.06424	2.37683
-4.91957	1.81467	5.29164
-4.92623	3.00809	4.34497
-4.92623	3.00809	4.34497
-2.26291	3.23004	3.51103
-2.61392	1.64135	2.19535
-1.01307	-0.0854015	1.52632
-1.01307	-0.0854015	1.52632
-1.01307	-0.0854015	1.52632
-0.166164	-0.857746	1.88924
-0.166164	-0.857746	1.88924
-0.950384	0.489107	1.24798
-0.950384	0.489107	1.24798
-0.950384	0.489107	1.24798
-0.950384	0.489107	1.24798
-0.950384	0.489107	1.24798
-1.99011	-0.941355	4.15092
-1.99011	-0.941355	4.15092
-2.2038	-0.351334	1.72853
-1.41927	2.37053	3.03207
-1.57847	1.01216	3.0738
-1.57847	1.01216	3.0738
0.459506	-1.52319	2.94901
-0.153652	-4.0299	2.71758
0.897323	-5.17634	5.15061
3.1402	-6.05757	5.25521
4.05581	-7.45885	3.71184
1.96742	-8.11602	2.76706
1.96742	-8.11602	2.76706
3.84602	-8.89632	3.4475
2.16935	-7.8946	4.03753
2.16935	-7.8946	4.03753
2.11022	-7.58889	5.64313
2.11022	-7.58889	5.64313
2.84916	-4.79288	7.7334
4.29406	-6.3436	5.77013
2.44457	-6.97429	4.19872
2.44457	-6.97429	4.19872
-0.0710269	-4.22078	5.41159
0.0948259	-4.75849	4.85546
-2.02909	-5.90865	4.70349
-2.6774	-6.08862	1.74033
-1.98393	-5.7335	2.06858
-2.0322	-4.59547	2.20675
-3.92214	-1.89538	1.08796
-3.4642	-1.39651	3.84848
-3.4642	-1.39651	3.84848
-3.33903	0.695812	2.94376
-3.33903	0.695812	2.94376
-3.33903	0.695812	2.94376
-1.97132	3.2097	2.44986
-3.19238	1.76151	1.81221
-3.46413	0.396934	2.46837
-2.40023	0.838129	2.26643
-2.40023	0.838129	2.26643
-2.40023	0.838129	2.26643
-2.40023	0.838129	2.26643
-2.40023	0.838129	2.26643
-2.40023	0.838129	2.26643
-2.40023	0.838129	2.26643
-2.40023	0.838129	2.26643
-2.40023	0.838129	2.26643
-1.78596	-1.81264	3.08105
-1.89533	-3.17333	3.09321
-0.49989	-2.4916	4.96825
-0.49989	-2.4916	4.96825
-0.896512	-2.78789	3.73058
-0.896512	-2.78789	3.73058
-0.298964	-1.26505	4.40511
-0.298964	-1.26505	4.40511
-0.298964	-1.26505	4.40511
-0.298964	-1.26505	4.40511
0.59071	-2.81103	1.67597
-1.74556	-0.194391	1.89265
-1.74556	-0.194391	1.89265
-0.834209	-1.28575	2.43365
-0.834209	-1.28575	2.43365
-0.505338	-0.121185	3.44272
-0.505338	-0.121185	3.44272
1.24103	-0.722832	1.39112
-0.0177463	-1.47968	-1.40511
0.415367	-0.880179	1.16178
0.410677	2.03244	2.71061
0.410677	2.03244	2.71061
0.410677	2.03244	2.71061
0.410677	2.03244	2.71061
0.410677	2.03244	2.71061
0.410677	2.03244	2.71061
0.410677	2.03244	2.71061
0.410677	2.03244	2.71061
0.410677	2.03244	2.71061
1.08735	-0.638372	3.37502
1.08735	-0.638372	3.37502
-1.44318	0.382938	2.1244
-1.44318	0.382938	2.1244
-1.2732	0.985742	2.07165
-1.2732	0.985742	2.07165
-1.2732	0.985742	2.07165
-1.14671	0.921209	1.83918
0.757966	-0.594124	3.60855
1.44027	0.419499	1.04075
-0.286421	2.82299	2.12562
-0.286421	2.82299	2.12562
-0.286421	2.82299	2.12562
0.675128	2.24723	4.61113
-0.616945	0.303863	2.27146
-0.616945	0.303863	2.27146
-0.616945	0.303863	2.27146
-0.616945	0.303863	2.27146
-0.616945	0.303863	2.27146
-0.616945	0.303863	2.27146
1.05918	-1.10709	2.00361
1.48267	-0.355126	1.53802
1.48267	-0.355126	1.53802
-0.69944	2.36787	1.25876
1.11937	-0.314236	3.7098
-1.24325	-1.08931	3.10889
-1.24325	-1.08931	3.10889
-2.28363	-1.78455	3.58869
-1.44408	-0.0749035	2.57913
-1.44408	-0.0749035	2.57913
-1.44408	-0.0749035	2.57913
0.000594602	-0.482802	3.19999
0.000594602	-0.482802	3.19999
0.000594602	-0.482802	3.19999
0.000594602	-0.482802	3.19999
0.000594602	-0.482802	3.19999
-0.833037	2.481	3.42458
0.872078	-0.152287	2.4352
0.872078	-0.152287	2.4352
2.17471	0.0707245	4.18643
2.17471	0.0707245	4.18643
-0.735639	2.83602	2.03485
-0.132849	2.46047	1.23301
0.415522	-0.343087	1.91594
0.415522	-0.343087	1.91594
0.415522	-0.343087	1.91594
0.415522	-0.343087	1.91594
0.415522	-0.343087	1.91594
-0.958626	-0.187609	3.31465
-0.958626	-0.187609	3.31465
-2.59573	-1.45081	1.49864
-4.16266	0.458705	0.934499
-1.45561	-0.258163	-1.61222
-1.45561	-0.258163	-1.61222
-0.691427	1.02646	-4.16141
0.100153	-1.62476	-3.49003
0.100153	-1.62476	-3.49003
0.100153	-1.62476	-3.49003
0.100153	-1.62476	-3.49003
0.100153	-1.62476	-3.49003
1.34594	0.246628	-2.32969
1.34594	0.246628	-2.32969
2.5366	-0.883057	-4.42129
1.68563	-1.96748	-2.87766
1.68563	-1.96748	-2.87766
1.68563	-1.96748	-2.87766
1.11055	-3.41243	-5.04406
-0.68204	-4.3903	-3.29719
-0.68204	-4.3903	-3.29719
1.00835	-2.11678	-4.5619
3.92384	-4.60795	-3.11123
3.92384	-4.60795	-3.11123
3.92384	-4.60795	-3.11123
3.92384	-4.60795	-3.11123
3.92384	-4.60795	-3.11123
1.25707	-7.45966	-4.37452
-1.59373	-4.79995	-6.84224
-1.59373	-4.79995	-6.84224
-2.15544	-4.10638	-5.49973
-2.14616	-2.50336	-4.0305
-2.14616	-2.50336	-4.0305
-0.237497	0.342012	-5.00598
-0.237497	0.342012	-5.00598
0.619061	2.69459	-2.25095
0.619061	2.69459	-2.25095
0.619061	2.69459	-2.25095
0.619061	2.69459	-2.25095
0.365822	2.74326	-2.46902
0.365822	2.74326	-2.46902
0.365822	2.74326	-2.46902
0.365822	2.74326	-2.46902
0.365822	2.74326	-2.46902
0.365822	2.74326	-2.46902
-0.970738	0.510528	-5.30061
-2.5299	3.29015	-4.18429
-2.09128	1.37166	-6.0702
-2.09128	1.37166	-6.0702
-2.09128	1.37166	-6.0702
-2.09128	1.37166	-6.0702
-2.09128	1.37166	-6.0702
0.667402	0.675813	-6.70232
0.667402	0.675813	-6.70232
1.20573	1.24652	-6.43233
3.08636	1.75301	-4.98502
0.26506	4.16635	-2.6831
0.26506	4.16635	-2.6831
1.30154	5.1466	-2.90146
1.30154	5.1466	-2.90146
1.30154	5.1466	-2.90146
1.30154	5.1466	-2.90146
-0.500028	5.47381	-4.60203
-0.500028	5.47381	-4.60203
-0.500028	5.47381	-4.60203
-3.24706	3.1226	-5.06422
-3.82573	3.53331	-4.15978
-4.45521	2.28993	-6.62956
-4.45521	2.28993	-6.62956
-4.45521	2.28993	-6.62956
-2.32842	4.59411	-5.34919
-2.32842	4.59411	-5.34919
-0.541345	5.01472	-5.08015
-3.37294	4.14744	-7.97177
-4.46369	2.11417	-7.36762
-3.63445	0.229832	-6.23734
-3.63445	0.229832	-6.23734
-3.63445	0.229832	-6.23734
-3.63445	0.229832	-6.23734
-3.63445	0.229832	-6.23734
-3.63445	0.229832	-6.23734
-0.970938	-1.05276	-6.9805
-0.970938	-1.05276	-6.9805
-0.970938	-1.05276	-6.9805
0.237215	0.195181	-6.78448
0.237215	0.195181	-6.78448
0.237215	0.195181	-6.78448
0.237215	0.195181	-6.78448
0.237215	0.195181	-6.78448
0.237215	0.195181	-6.78448
1.35308	0.747171	-5.71718
1.35308	0.747171	-5.71718
1.36958	-1.3493	-8.22628
1.36958	-1.3493	-8.22628
2.92066	-0.854902	-9.79774
2.92066	-0.854902	-9.79774
3.84935	0.281854	-7.86049
3.09347	0.313158	-7.67037
5.57405	2.38938	-7.13282
5.57405	2.38938	-7.13282
6.85534	2.1285	-7.65166
6.85534	2.1285	-7.65166
5.26702	2.21086	-6.59336
2.55469	-0.290632	-6.5128
3.52419	-2.81184	-4.33786
3.52419	-2.81184	-4.33786
3.52419	-2.81184	-4.33786
3.52419	-2.81184	-4.33786
0.567106	-3.58334	-6.29158
0.567106	-3.58334	-6.29158
3.46857	-1.3563	-4.29873
0.577009	-4.09448	-4.01671
0.577009	-4.09448	-4.01671
3.12533	-1.41902	-1.14029
3.12533	-1.41902	-1.14029
3.12533	-1.41902	-1.14029
4.79906	-0.462796	-4.01671
3.93914	-2.2124	-6.0411
3.93914	-2.2124	-6.0411
6.5557	-0.364746	-7.95337
5.27757	-3.264	-8.12485
6.1811	-3.58225	-6.98132
6.1811	-3.58225	-6.98132
3.65971	-5.16185	-4.81324
3.62141	-3.20271	-4.83545
3.55795	-3.73402	-7.62136
3.55795	-3.73402	-7.62136
5.01578	-3.87464	-5.62536
5.01578	-3.87464	-5.62536
5.01578	-3.87464	-5.62536
4.80068	-3.59568	-6.39762
1.87185	-5.95124	-5.03725
1.87185	-5.95124	-5.03725
0.851076	-3.40414	-4.03708
1.20247	-1.03532	-2.17849
1.20247	-1.03532	-2.17849
1.20247	-1.03532	-2.17849
1.20247	-1.03532	-2.17849
1.20247	-1.03532	-2.17849
1.20247	-1.03532	-2.17849
1.20247	-1.03532	-2.17849
0.456335	-2.9551	-1.37746
0.456335	-2.9551	-1.37746
-1.92469	-2.93415	-1.81461
0.116078	-4.68219	-1.19125
-2.83177	-3.51755	0.435595
-2.40252	-3.28773	-1.56259
-2.40252	-3.28773	-1.56259
-2.35319	-4.6451	-1.86673
-2.35319	-4.6451	-1.86673
-2.35319	-4.6451	-1.86673
-2.35319	-4.6451	-1.86673
-1.86669	-3.60569	-0.831221
-1.86669	-3.60569	-0.831221
-1.15062	-2.62902	-3.27455
-1.15062	-2.62902	-3.27455
-1.15062	-2.62902	-3.27455
-1.15062	-2.62902	-3.27455
-1.15062	-2.62902	-3.27455
-0.402624	-3.17181	-1.87539
2.43022	-4.82739	-4.7382
4.22699	-2.25056	-2.01263
4.22699	-2.25056	-2.01263
2.44497	-1.91442	-0.949296
2.44497	-1.91442	-0.949296
4.43229	-0.433928	-0.583957
3.78223	-1.56912	-2.56641
3.69536	-2.92056	-3.65876
3.69536	-2.92056	-3.65876
1.69874	-3.45588	-3.67529
1.69874	-3.45588	-3.67529
1.69874	-3.45588	-3.67529
3.75087	-1.57118	-6.06108
3.75087	-1.57118	-6.06108
3.75087	-1.57118	-6.06108
3.75087	-1.57118	-6.06108
2.40256	-2.0758	-7.27496
-0.00438549	-1.97983	-6.36192
-0.00438549	-1.97983	-6.36192
1.62358	0.566562	-8.55094
2.12622	-2.33644	-6.89721
2.12622	-2.33644	-6.89721
2.12622	-2.33644	-6.89721
2.12622	-2.33644	-6.89721
0.373425	0.347835	-5.60856
0.373425	0.347835	-5.60856
0.858363	-0.339505	-3.19576
1.37056	-1.65052	-2.47767
-1.02577	-0.0513014	-3.46186
-1.02577	-0.0513014	-3.46186
-1.02577	-0.0513014	-3.46186
-1.02577	-0.0513014	-3.46186
1.94026	0.544263	-2.12015
1.94026	0.544263	-2.12015
1.94026	0.544263	-2.12015
-0.911736	-0.79356	-1.13019
-1.40271	-3.6942	-1.69473
-1.40271	-3.6942	-1.69473
-0.632947	-1.26601	-1.39963
-0.528523	0.757331	-1.81497
-0.528523	0.757331	-1.81497
-0.528523	0.757331	-1.81497
-3.20687	-0.169493	-3.13891
-3.20687	-0.169493	-3.13891
-3.20687	-0.169493	-3.13891
-3.20687	-0.169493	-3.13891
-1.32727	-0.473261	-2.10733
-1.32727	-0.473261	-2.10733
-0.652615	-1.90829	-0.585094
-0.652615	-1.90829	-0.585094
0.812887	0.317396	-3.28104
0.812887	0.317396	-3.28104
0.812887	0.317396	-3.28104
2.44447	-2.39858	-3.21677
2.7186	-2.47273	-4.38044
3.50517	0.428845	-2.28983
1.80666	1.16538	-4.35711
1.80666	1.16538	-4.35711
1.80666	1.16538	-4.35711
1.80666	1.16538	-4.35711
1.80666	1.16538	-4.35711
0.167425	2.14755	-2.48957
2.68822	1.22889	-3.24898
2.68822	1.22889	-3.24898
2.68822	1.22889	-3.24898
2.68822	1.22889	-3.24898
2.68822	1.22889	-3.24898
2.68822	1.22889	-3.24898
1.56105	-0.0478872	-6.14062
0.610015	-2.76323	-6.2551
-0.331266	-1.57937	-4.16291
-0.331266	-1.57937	-4.16291
-0.331266	-1.57937	-4.16291
-0.331266	-1.57937	-4.16291
-0.331266	-1.57937	-4.16291
0.619802	-2.8021	-4.64487
1.14318	-1.11276	-7.18198
1.14318	-1.11276	-7.18198
1.14318	-1.11276	-7.18198
1.14318	-1.11276	-7.18198
1.14318	-1.11276	-7.18198
1.14318	-1.11276	-7.18198
1.14318	-1.11276	-7.18198
1.14318	-1.11276	-7.18198
0.745305	-0.809696	-7.28015
0.745305	-0.809696	-7.28015
-0.815278	-2.19827	-5.137
-0.815278	-2.19827	-5.137
-2.81072	0.168761	-5.66784
-2.81072	0.168761	-5.66784
-2.81072	0.168761	-5.66784
-2.81072	0.168761	-5.66784
-5.65666	-2.68316	-4.92005
-2.79648	-3.97419	-6.37606
-2.02819	-1.96477	-4.35219
0.121489	-2.36599	-2.51475
1.0161	-0.370195	-5.18504
-0.323864	-3.20421	-4.45897
-0.323864	-3.20421	-4.45897
-0.323864	-3.20421	-4.45897
2.17523	-1.50075	-5.3144
4.35252	-0.743634	-5.84567
4.35252	-0.743634	-5.84567
2.66168	0.0582799	-6.39447
4.40428	-1.46285	-3.70363
4.40428	-1.46285	-3.70363
3.62496	-2.24872	-5.7733
3.62496	-2.24872	-5.7733
3.78103	-2.60799	-7.80367
2.39657	-1.17901	-5.79537
3.05079	-2.44086	-5.63695
3.17099	-1.79062	-7.36224
3.17099	-1.79062	-7.36224
0.499152	-2.2579	-4.73485
1.4606	-0.654722	-4.73699
3.45888	1.1146	-6.5339
3.45888	1.1146	-6.5339
3.37247	1.64894	-5.08335
3.37247	1.64894	-5.08335
2.76173	1.86956	-7.33678
2.76173	1.86956	-7.33678
2.76173	1.86956	-7.33678
2.76173	1.86956	-7.33678
2.76173	1.86956	-7.33678
5.31447	0.403987	-6.10218
5.31447	0.403987	-6.10218
5.21226	2.41846	-4.91588
3.07652	2.14824	-3.23705
3.07652	2.14824	-3.23705
3.07652	2.14824	-3.23705
3.07652	2.14824	-3.23705
2.0253	0.563652	-1.61259
-0.355074	-1.59023	-2.18948
-0.355074	-1.59023	-2.18948
-2.5376	-0.63715	-4.96157
-2.5376	-0.63715	-4.96157
-3.72852	1.41977	-6.07041
-3.72852	1.41977	-6.07041
-2.97098	-0.884502	-5.1575
-5.26531	-0.705411	-5.88291
-5.26531	-0.705411	-5.88291
-3.22805	-2.04544	-7.7954
-3.22805	-2.04544	-7.7954
-4.34804	-0.350838	-7.44388
-2.59015	-0.772031	-7.32351
-2.59015	-0.772031	-7.32351
-2.59015	-0.772031	-7.32351
-4.81563	-0.93059	-4.42392
-3.78138	-1.89846	-5.25254
-4.02458	-3.01652	-7.37378
-1.55056	-0.364396	-5.25656
1.20068	0.646098	-2.33929
0.922418	2.65533	-2.98955
0.922418	2.65533	-2.98955
1.86255	1.11441	-5.24076
0.504828	0.916045	-4.41029
0.504828	0.916045	-4.41029
0.504828	0.916045	-4.41029
-0.0594158	2.29289	-2.88746
-0.0594158	2.29289	-2.88746
-0.0594158	2.29289	-2.88746
-0.0594158	2.29289	-2.88746
-1.22973	0.750589	-2.46678
-1.22973	0.750589	-2.46678
-1.22973	0.750589	-2.46678
-1.22973	0.750589	-2.46678
-1.22973	0.750589	-2.46678
-1.22973	0.750589	-2.46678
-1.22973	0.750589	-2.46678
-1.22973	0.750589	-2.46678
0.231621	0.78476	-4.2614
0.231621	0.78476	-4.2614
0.231621	0.78476	-4.2614
0.231621	0.78476	-4.2614
0.914147	-0.00456644	-4.39573
0.914147	-0.00456644	-4.39573
0.914147	-0.00456644	-4.39573
0.914147	-0.00456644	-4.39573
0.914147	-0.00456644	-4.39573
0.914147	-0.00456644	-4.39573
0.914147	-0.00456644	-4.39573
0.914147	-0.00456644	-4.39573
0.914147	-0.00456644	-4.39573
0.914147	-0.00456644	-4.39573
0.914147	-0.00456644	-4.39573
0.914147	-0.00456644	-4.39573
0.914147	-0.00456644	-4.39573
1.14247	0.150606	-5.10971
1.14247	0.150606	-5.10971
-0.721737	1.17793	-4.61681
-0.721737	1.17793	-4.61681
0.71382	-1.3562	-3.38431
2.75697	-2.44745	-2.30292
3.42483	-0.743739	-3.25798
1.86844	0.838769	-3.77548
3.1734	1.31806	-0.806538
0.918604	-1.25404	-3.61712
0.918604	-1.25404	-3.61712
0.38587	-0.989225	-5.12082
0.38587	-0.989225	-5.12082
0.38587	-0.989225	-5.12082
0.38587	-0.989225	-5.12082
0.38587	-0.989225	-5.12082
0.38587	-0.989225	-5.12082
0.38587	-0.989225	-5.12082
0.38587	-0.989225	-5.12082
0.38587	-0.989225	-5.12082
-2.32946	0.813279	-3.63997
-1.89292	2.7581	-1.60557
-1.89292	2.7581	-1.60557
-1.38857	3.8024	-1.80192
-1.38857	3.8024	-1.80192
1.23809	3.0041	-4.37492
1.76535	3.88916	-1.92446
1.76535	3.88916	-1.92446
1.76535	3.88916	-1.92446
0.430084	4.31835	-1.64096
2.91681	2.30974	-2.23697
2.91681	2.30974	-2.23697
2.91681	2.30974	-2.23697
1.22498	0.994758	-1.09547
0.738411	2.80833	-3.59435
-0.769629	2.35719	-3.58748
-0.769629	2.35719	-3.58748
2.02023	5.11357	-3.43583
-0.0413103	3.81575	-4.52479
-2.25827	1.41517	-2.1906
-2.25827	1.41517	-2.1906
-2.25827	1.41517	-2.1906
-2.25827	1.41517	-2.1906
-2.25827	1.41517	-2.1906
-2.25827	1.41517	-2.1906
-5.11761	-0.436643	-4.03339
-2.4438	-0.292303	-4.05583
-0.792544	-0.627704	-4.89877
-0.792544	-0.627704	-4.89877
0.196303	-3.14976	-4.23969
0.196303	-3.14976	-4.23969
0.196303	-3.14976	-4.23969
-0.678975	-0.455448	-4.698
0.444767	-1.12999	-4.45746
-1.23446	-3.57393	-5.0992
-0.616389	-3.35397	-3.39276
-0.616389	-3.35397	-3.39276
-0.616389	-3.35397	-3.39276
-0.616389	-3.35397	-3.39276
-0.616389	-3.35397	-3.39276
-0.616389	-3.35397	-3.39276
-1.0126	-3.35884	-6.30836
-2.69184	-3.35757	-3.48645
-2.69184	-3.35757	-3.48645
-0.52788	-1.91498	-5.5238
-0.52788	-1.91498	-5.5238
-0.52788	-1.91498	-5.5238
-0.217124	-1.91566	-5.22241
-0.217124	-1.91566	-5.22241
-0.217124	-1.91566	-5.22241
2.1468	-2.54468	-2.55237
-0.362594	-3.40252	-3.27996
0.628344	-2.94324	-5.01293
0.628344	-2.94324	-5.01293
0.628344	-2.94324	-5.01293
0.628344	-2.94324	-5.01293
1.60037	-1.95088	-2.50871
1.60037	-1.95088	-2.50871
1.60037	-1.95088	-2.50871
1.60037	-1.95088	-2.50871
1.66239	0.666697	-0.864274
1.66239	0.666697	-0.864274
1.66239	0.666697	-0.864274
1.65716	-1.80498	-2.55157
3.68194	-4.70413	-2.26988
3.16718	-3.93644	-1.92782
1.11673	-3.46877	-2.26029
0.655063	-1.04705	-4.48129
0.655063	-1.04705	-4.48129
-1.37236	-0.617213	-3.36756
-1.37236	-0.617213	-3.36756
-1.37236	-0.617213	-3.36756
-1.92802	1.95051	-4.64591
-0.470987	3.2334	-2.70915
-1.42469	0.699071	-4.63961
0.562356	1.91871	-1.95099
0.562356	1.91871	-1.95099
0.562356	1.91871	-1.95099
-0.648622	1.53181	0.795763
-0.648622	1.53181	0.795763
-0.648622	1.53181	0.795763
1.3702	1.20683	1.86741
2.81776	-0.575651	3.35781
1.75977	-2.3341	2.37065
-0.904235	-1.91344	3.20491
-0.904235	-1.91344	3.20491
-0.904235	-1.91344	3.20491
-0.904235	-1.91344	3.20491
-2.09723	0.417943	3.53012
-2.50782	1.52026	4.70576
-2.50782	1.52026	4.70576
-3.77573	-0.746484	4.34646
-3.77573	-0.746484	4.34646
-4.84601	-1.6453	1.73392
-6.9759	-2.6925	2.87511
-6.9759	-2.6925	2.87511
-7.77679	-0.00815554	4.4991
-7.49882	-1.65987	5.73828
-8.28739	0.508249	6.78443
-6.7278	-2.08485	5.25982
-4.03954	-1.92755	4.66958
-1.18153	-3.48867	3.64807
-3.57762	-0.580027	4.60895
-3.57762	-0.580027	4.60895
-1.73292	0.376919	6.34756
1.10331	1.33459	5.32494
2.79036	4.06687	5.51572
3.61187	1.42302	3.74236
3.61187	1.42302	3.74236
3.61187	1.42302	3.74236
3.17316	0.409065	5.17869
3.17316	0.409065	5.17869
2.15646	1.38482	4.21382
2.98328	0.465873	6.88466
2.98328	0.465873	6.88466
0.175719	2.05883	7.73202
1.35334	4.91761	8.16291
0.133175	2.84291	5.59501
1.33585	2.37913	7.44908
-1.57066	1.6402	5.20437
-1.57066	1.6402	5.20437
0.437014	0.283646	3.4303
-0.928224	-1.31902	1.27457
0.781058	-0.992592	3.46769
0.781058	-0.992592	3.46769
0.781058	-0.992592	3.46769
-0.100248	1.79828	0.515033
2.57604	-0.893735	3.42179
1.47525	-1.7102	5.2463
1.47525	-1.7102	5.2463
1.47525	-1.7102	5.2463
1.47525	-1.7102	5.2463
1.47525	-1.7102	5.2463
1.47525	-1.7102	5.2463
0.603138	1.10549	6.35706
-0.155534	2.4955	4.89717
0.0849647	0.470489	5.93144
2.40547	1.65488	4.28074
1.7996	-1.18236	4.55019
3.18564	-0.941803	3.58064
1.76493	0.533917	5.4625
0.0493484	-1.55505	6.75384
2.80382	0.182534	4.13161
2.80382	0.182534	4.13161
3.41759	2.05723	4.88853
3.41759	2.05723	4.88853
5.36213	0.755501	7.16695
5.36213	0.755501	7.16695
4.28872	0.665646	8.36367
5.87913	2.14751	6.49051
5.66424	2.6341	5.28558
5.66424	2.6341	5.28558
5.66424	2.6341	5.28558
8.60949	2.77067	4.56121
8.60949	2.77067	4.56121
7.52904	4.07501	2.27237
7.52904	4.07501	2.27237
7.52904	4.07501	2.27237
7.52904	4.07501	2.27237
7.52904	4.07501	2.27237
7.07006	3.39503	3.60057
8.64107	0.522322	2.02811
10.4791	2.0128	3.76993
10.4791	2.0128	3.76993
8.49949	2.68607	3.77031
8.26301	2.53087	2.06131
5.40971	-0.32052	-0.256736
7.43031	-2.03231	-2.07852
7.43031	-2.03231	-2.07852
7.43031	-2.03231	-2.07852
5.58205	0.00683855	0.8458
5.4267	2.92177	-1.03324
7.94607	1.06468	-3.79268
5.05475	-0.299179	-1.55104
5.05475	-0.299179	-1.55104
3.88552	-1.47122	-3.81455
3.35672	-2.43357	-1.89424
3.35672	-2.43357	-1.89424
5.14331	-1.79466	-3.97178
2.44768	-1.66164	-2.28818
2.44768	-1.66164	-2.28818
2.44768	-1.66164	-2.28818
3.04939	-2.26112	-2.68537
3.78981	0.184725	-5.30035
4.72863	-1.06542	-6.64241
5.0577	-2.84227	-3.88565
5.0577	-2.84227	-3.88565
5.0577	-2.84227	-3.88565
5.0577	-2.84227	-3.88565
7.84033	-2.81043	-6.71283
7.84033	-2.81043	-6.71283
8.5295	-3.57505	-4.4995
9.00021	-2.66646	-5.81413
8.44985	-4.10434	-4.38013
8.44985	-4.10434	-4.38013
8.44985	-4.10434	-4.38013
