47.2765
47.5559
48.7235
48.7235
48.5061
47.5509
48.2244
48.2244
46.7001
44.9489
42.9879
42.9879
42.3129
38.9153
38.9153
38.9153
37.42
36.6037
36.3724
36.3724
35.8795
35.3074
32.6503
32.6503
32.6503
33.1612
34.1151
34.1151
32.2309
31.1
31.1
31.1
29.1477
29.1477
29.1477
29.8218
29.8218
29.8218
28.9588
28.9588
28.9588
26.9809
26.3817
27.6388
26.5056
26.0594
26.0594
21.4974
21.7916
21.7498
22.2067
22.5531
22.5531
22.5531
19.8743
19.8743
20.1124
17.3458
14.563
13.6385
12.2134
12.2134
11.0063
11.9667
11.9667
9.46509
9.93347
7.56938
7.25188
5.78055
5.78055
4.62896
4.62896
4.32124
4.32124
4.32124
3.75612
3.75612
4.78201
4.78201
3.46458
4.82929
4.43987
3.299
2.95846
2.45179
4.54235
5.01946
5.71699
6.04017
6.04017
6.04017
6.66723
6.66723
6.66723
6.66723
4.76602
4.76602
4.76478
4.76478
4.44862
6.06493
5.69732
5.4335
4.27167
4.27167
4.06339
4.06339
2.3973
4.08994
1.94485
1.94485
1.94485
4.23634
4.82702
4.82702
3.21941
4.50589
4.50589
4.50589
4.50589
5.39978
5.39978
5.39978
5.39978
5.67573
6.70513
5.88393
9.12539
9.12539
9.12539
9.12539
8.50087
8.88033
7.70757
6.59685
5.53718
6.96655
7.02312
7.02312
8.84968
9.45459
9.45459
7.70964
7.0042
7.0042
6.30375
6.30375
6.30375
8.54288
6.15076
7.66028
7.66028
8.04949
8.15527
8.91432
8.91432
8.91432
9.76916
9.76916
9.64955
9.76268
9.76268
8.88057
8.88057
8.88057
8.40235
9.16667
8.60205
8.60205
8.60205
7.30404
6.91843
6.91843
6.91843
6.91843
6.91843
6.91843
6.91843
8.67962
8.67962
8.55718
8.55718
6.49909
5.14012
5.4731
5.4731
5.4731
5.4731
7.13982
6.95182
6.95182
7.9536
6.32938
6.44744
4.59095
4.59095
6.01877
6.01877
6.01877
6.13711
6.18797
4.09601
2.76953
2.76953
1.23132
1.23132
1.92947
1.97822
3.15229
0.808511
2.28075
2.28075
2.28075
2.28075
2.47073
2.47073
2.47073
2.47073
2.47073
2.47073
2.47073
2.47073
2.47073
2.47073
2.47073
1.83413
1.83413
1.83413
1.83413
1.83413
1.83413
1.83413
1.83413
3.24756
3.24756
4.37842
4.37842
4.37842
4.37842
6.67158
7.43005
7.43005
6.44304
7.48235
7.48235
8.21412
8.21412
9.08917
9.08917
9.08917
10.593
13.1109
13.1109
13.1109
13.1109
11.8355
11.8355
11.8355
11.5081
10.9932
8.60444
7.47146
3.90614
3.90614
3.90614
3.90614
3.90614
3.90614
4.64742
6.87043
6.87043
7.5229
7.45087
4.33147
4.33147
6.12586
6.12586
7.2442
8.26766
6.60828
6.60828
5.82642
5.82642
3.59167
3.59167
5.31807
6.75197
6.75197
8.99308
9.26637
9.26637
9.06811
11.7213
11.4999
14.1538
13.6739
15.9029
15.9029
15.9029
15.9029
17.1326
15.5683
15.5683
15.0471
13.6094
13.5758
14.2629
14.2629
12.5051
11.3916
11.3916
12.135
11.1715
10.886
10.886
9.68927
8.24671
5.61596
5.67079
4.64449
7.55949
7.13903
7.13903
9.09858
7.40783
7.40783
7.40783
7.04173
7.04173
7.04173
7.04173
7.04173
8.89213
9.82734
9.82734
11.743
10.4041
10.4041
10.4041
10.4041
10.4041
10.4041
10.3039
9.59786
10.2434
8.87662
7.41934
5.72989
2.60959
2.60959
2.60959
1.97829
1.97829
1.97829
3.05822
2.76699
2.76699
2.76699
2.76699
4.52366
4.52366
4.52366
2.98244
2.98244
2.98244
2.98244
2.98244
2.98244
2.70172
2.70172
3.98309
3.98309
3.98309
2.96541
2.96541
2.96541
2.96541
5.77669
7.38959
7.38959
7.38959
4.19052
4.19052
4.19052
4.19052
2.98685
2.98685
2.98685
2.98685
3.14634
5.19011
3.30734
3.30734
0.467403
0.467403
0.467403
2.16667
3.88886
3.88886
3.81867
3.81867
2.61356
3.23979
3.23979
4.13872
2.7459
2.7459
2.26657
1.81971
1.81971
2.21471
2.21471
2.21471
2.21471
3.24311
3.02174
2.76089
3.16677
3.16677
3.16677
3.16677
3.16677
3.16677
3.16677
3.16677
3.16677
4.69787
3.06092
4.04203
4.15968
4.76403
4.76403
3.62087
4.00447
2.31118
2.31118
5.28571
5.73925
5.73925
5.84024
4.80834
4.80834
4.96038
4.96038
4.96038
5.94558
3.75321
3.75321
5.22065
5.22065
5.22065
6.53904
9.88454
10.196
11.9895
11.9928
9.42451
10.5791
9.23446
8.47535
9.36695
9.36695
12.2699
11.0659
8.52497
9.27678
9.27678
9.27678
9.27678
9.27678
9.27678
10.5156
13.2027
12.6357
11.585
11.585
13.8596
12.9325
13.1086
14.5474
14.5474
13.3246
13.3246
11.8414
11.9239
10.1318
10.1318
12.36
11.1151
11.1151
12.4801
12.4801
12.4801
11.334
11.2969
11.5329
10.732
11.6577
10.3739
10.3739
9.54758
9.54758
6.36545
6.36545
6.62054
8.46098
8.46098
8.46098
8.46098
8.46098
8.46098
8.14867
8.14867
6.91232
4.16372
4.16372
4.16372
4.16372
5.67722
5.67722
5.67722
5.67722
4.45619
4.17148
4.17148
4.17148
4.17148
4.17148
4.18538
5.21231
4.18744
4.5486
2.61149
2.61149
4.31259
3.12297
3.12297
1.33545
1.33545
2.70304
2.70304
2.70304
2.70304
2.78722
5.25376
2.63677
3.85675
3.85675
3.85675
3.49957
3.49957
3.49957
3.49957
4.37607
4.04245
4.04245
4.04245
4.04245
4.04245
4.04245
2.69086
3.89532
3.89532
3.89532
3.89532
3.89532
3.30809
3.30809
3.30809
3.30809
4.21896
6.03327
6.03327
3.41284
4.05343
5.46634
5.07589
5.33849
4.91524
4.91524
4.91524
5.08354
5.08354
6.64511
6.64511
6.64511
5.20222
5.37966
4.25382
4.25382
2.97542
2.97542
2.97542
2.97542
2.97542
2.97542
2.97542
2.97542
2.97542
2.97542
2.97542
4.83192
4.83192
4.83192
4.83192
5.70368
5.70368
5.70368
4.42758
6.13375
6.13375
5.67372
5.67372
4.40448
4.40448
5.95898
4.24643
4.24643
4.24643
4.24643
4.24643
4.24643
4.24643
4.24643
2.70821
2.70821
2.70821
2.70821
4.03442
4.41668
4.41668
5.4204
5.4204
5.4204
5.4204
5.62574
5.62574
5.62574
5.06372
5.06372
4.01256
1.71546
3.92548
2.81428
2.81428
4.29833
4.29833
4.17644
2.8239
2.8239
2.8239
3.28258
4.12084
3.89808
3.80845
3.38936
3.38936
5.42243
4.66276
6.39618
6.39618
6.39618
7.18379
7.59111
7.59111
5.98192
5.98192
4.66769
4.66769
4.52237
6.85888
6.85888
7.38754
7.38754
7.38754
7.22488
5.52682
3.96192
3.96192
3.96192
5.30856
5.65271
5.65271
6.21068
4.71954
5.17326
5.17326
5.09469
4.79151
4.01747
4.01747
5.51031
5.51031
5.51031
6.98932
5.5249
6.43479
6.43479
6.15
6.15
6.15
7.86678
7.86678
7.86678
8.38593
6.74621
4.79657
4.79657
4.79657
3.44644
1.35311
1.35311
1.35311
1.35311
1.35311
1.35311
3.71981
2.9179
2.9179
2.78056
4.01153
4.01153
4.01153
3.25405
3.25405
3.79174
3.18337
3.18337
3.15721
3.15721
3.15721
2.01073
1.00171
1.00171
1.00171
2.6493
4.00597
4.00597
5.26052
2.67509
2.67509
2.67509
2.67509
4.0367
3.57835
3.57835
3.09283
3.93159
3.93159
3.93159
5.05305
5.00746
5.00746
5.00746
5.00746
6.70827
6.70827
6.70827
8.33505
8.33505
8.33505
8.33505
6.41411
7.25627
6.22435
6.22435
6.22435
5.83751
5.83751
5.83751
6.8394
6.8394
6.11214
4.42506
4.47917
3.95148
3.95148
3.95148
6.77874
6.77874
6.1562
8.77592
8.80668
8.73767
8.73767
8.73767
9.31851
9.94029
9.94029
9.53498
8.5865
7.29402
7.29402
8.74915
8.45998
8.45998
8.45998
8.45998
8.45998
8.45998
4.25313
4.25313
4.25313
4.25313
4.25313
4.12417
6.97591
6.97591
7.44961
7.22461
7.22461
5.28028
3.78763
1.83392
1.83392
1.83392
2.08148
2.08148
1.64314
1.64314
1.64314
1.64314
1.64314
4.6986
4.6986
2.82276
4.1021
3.60059
3.60059
3.35081
4.86302
7.3572
8.61233
9.26616
8.79756
8.79756
10.287
9.12866
9.12866
9.68964
9.68964
9.53388
9.59033
8.49976
8.49976
6.86333
6.7991
7.81999
6.87521
6.41
5.48798
4.48991
5.363
5.363
4.50544
4.50544
4.50544
4.49334
4.07165
4.27207
3.40592
3.40592
3.40592
3.40592
3.40592
3.40592
3.40592
3.40592
3.40592
3.99602
4.81977
5.58046
5.58046
4.74271
4.74271
4.5929
4.5929
4.5929
4.5929
3.32561
2.58203
2.58203
2.87606
2.87606
3.48172
3.48172
1.99946
2.04061
1.51558
3.41275
3.41275
3.41275
3.41275
3.41275
3.41275
3.41275
3.41275
3.41275
3.60286
3.60286
2.59663
2.59663
2.62383
2.62383
2.62383
2.35502
3.73486
1.82579
3.54536
3.54536
3.54536
5.17381
2.37328
2.37328
2.37328
2.37328
2.37328
2.37328
2.52229
2.16562
2.16562
2.77137
3.88772
3.521
3.521
4.61284
2.95684
2.95684
2.95684
3.23621
3.23621
3.23621
3.23621
3.23621
4.31011
2.59112
2.59112
4.71811
4.71811
3.56719
2.75534
1.99027
1.99027
1.99027
1.99027
1.99027
3.45558
3.45558
3.32995
4.29085
2.1874
2.1874
4.34154
3.851
3.851
3.851
3.851
3.851
2.70182
2.70182
5.1732
3.87212
3.87212
3.87212
6.19036
5.53276
5.53276
5.12918
6.80511
6.80511
6.80511
6.80511
6.80511
8.7386
8.50857
8.50857
7.19412
5.20747
5.20747
5.02326
5.02326
3.56522
3.56522
3.56522
3.56522
3.70882
3.70882
3.70882
3.70882
3.70882
3.70882
5.4129
5.89353
6.56523
6.56523
6.56523
6.56523
6.56523
6.76929
6.76929
6.66201
6.11956
4.96263
4.96263
6.0498
6.0498
6.0498
6.0498
7.16877
7.16877
7.16877
6.77793
6.66515
8.30926
8.30926
8.30926
7.42572
7.42572
7.1588
9.59828
8.86995
7.22263
7.22263
7.22263
7.22263
7.22263
7.22263
7.12589
7.12589
7.12589
6.79143
6.79143
6.79143
6.79143
6.79143
6.79143
5.92243
5.92243
8.44796
8.44796
10.2595
10.2595
8.75695
8.2766
9.36249
9.36249
10.4916
10.4916
8.72363
7.00197
6.25647
6.25647
6.25647
6.25647
7.26264
7.26264
5.68767
5.76469
5.76469
3.61684
3.61684
3.61684
6.27528
7.54364
7.54364
10.3134
10.2235
9.98886
9.98886
7.95018
6.83765
9.20256
9.20256
8.47441
8.47441
8.47441
8.76955
8.01842
8.01842
5.34888
2.69511
2.69511
2.69511
2.69511
2.69511
2.69511
2.69511
3.29215
3.29215
3.9505
4.83275
4.53672
4.36153
4.36153
5.53165
5.53165
5.53165
5.53165
4.14444
4.14444
4.35411
4.35411
4.35411
4.35411
4.35411
3.70669
7.18751
5.19453
5.19453
3.24716
3.24716
4.4916
4.83259
5.96421
5.96421
5.32321
5.32321
5.32321
7.29893
7.29893
7.29893
7.29893
7.93765
6.66287
6.66287
8.72213
7.58625
7.58625
7.58625
7.58625
5.63173
5.63173
3.3264
3.27742
3.611
3.611
3.611
3.611
2.92504
2.92504
2.92504
1.65479
4.29963
4.29963
1.99057
2.03642
2.03642
2.03642
4.4906
4.4906
4.4906
4.4906
2.53504
2.53504
2.09995
2.09995
3.3951
3.3951
3.3951
4.69853
5.71782
4.20873
4.85866
4.85866
4.85866
4.85866
4.85866
3.29211
4.39233
4.39233
4.39233
4.39233
4.39233
4.39233
6.33612
6.86541
4.46475
4.46475
4.46475
4.46475
4.46475
5.45993
7.35703
7.35703
7.35703
7.35703
7.35703
7.35703
7.35703
7.35703
7.36286
7.36286
5.64676
5.64676
6.32874
6.32874
6.32874
6.32874
7.96267
8.01677
5.18801
3.45494
5.29662
5.50039
5.50039
5.50039
5.93522
7.32594
7.32594
6.92656
5.93755
5.93755
7.17831
7.17831
9.05511
6.38122
6.8586
8.21365
8.21365
5.26935
5.0001
7.4765
7.4765
6.31926
6.31926
8.0592
8.0592
8.0592
8.0592
8.0592
8.10206
8.10206
7.56191
4.95564
4.95564
4.95564
4.95564
2.64952
2.72924
2.72924
5.60914
5.60914
7.26412
7.26412
6.01738
7.92652
7.92652
8.68173
8.68173
8.62786
7.80632
7.80632
7.80632
6.6051
6.74479
8.92576
5.49258
2.70765
4.10354
4.10354
5.67244
4.53262
4.53262
4.53262
3.68759
3.68759
3.68759
3.68759
2.85669
2.85669
2.85669
2.85669
2.85669
2.85669
2.85669
2.85669
4.33924
4.33924
4.33924
4.33924
4.48978
4.48978
4.48978
4.48978
4.48978
4.48978
4.48978
4.48978
4.48978
4.48978
4.48978
4.48978
4.48978
5.23804
5.23804
4.81906
4.81906
3.71515
4.34676
4.78509
4.29522
3.52962
3.93701
3.93701
5.22975
5.22975
5.22975
5.22975
5.22975
5.22975
5.22975
5.22975
5.22975
4.3974
3.71054
3.71054
4.43095
4.43095
5.44954
4.68461
4.68461
4.68461
4.6396
4.34128
4.34128
4.34128
1.92098
4.62075
4.36105
4.36105
6.48343
5.91907
3.44981
3.44981
3.44981
3.44981
3.44981
3.44981
6.53061
4.74419
5.00201
5.00201
5.28531
5.28531
5.28531
4.76861
4.61992
6.34813
4.8104
4.8104
4.8104
4.8104
4.8104
4.8104
7.21821
5.53847
5.53847
5.87011
5.87011
5.87011
5.56691
5.56691
5.56691
4.19509
4.73991
5.84696
5.84696
5.84696
5.84696
3.5582
3.5582
3.5582
3.5582
1.98872
1.98872
1.98872
3.5376
6.39045
5.40769
4.28817
4.64838
4.64838
3.68846
3.68846
3.68846
5.39502
4.24455
4.90351
2.79357
2.79357
2.79357
1.84401
1.84401
1.84401
2.61172
4.4211
3.76361
3.84062
3.84062
3.84062
3.84062
4.12732
5.54478
5.54478
5.8056
5.8056
5.40345
8.01118
8.01118
8.98446
9.58725
10.7223
8.79065
6.46826
5.18413
5.86329
5.86329
6.59064
5.59941
7.39923
5.3922
5.3922
5.3922
6.08729
6.08729
4.93198
7.51768
7.51768
8.00336
9.62536
6.27727
7.93307
5.67827
5.67827
3.46964
2.0557
3.69055
3.69055
3.69055
1.87327
4.37531
5.71182
5.71182
5.71182
5.71182
5.71182
5.71182
6.48059
5.49855
5.95067
5.18167
5.03396
4.88429
5.76533
6.93072
4.99649
4.99649
6.3095
6.3095
8.98268
8.98268
9.4227
9.0168
8.18287
8.18287
8.18287
10.1294
10.1294
8.85753
8.85753
8.85753
8.85753
8.85753
8.62995
8.89124
11.3171
11.3171
9.6784
8.88435
5.42528
7.97872
7.97872
7.97872
5.64577
6.24927
8.86894
5.29582
5.29582
5.64026
4.55828
4.55828
6.74162
3.74004
3.74004
3.74004
4.65002
6.51847
8.22294
6.98263
6.98263
6.98263
6.98263
10.6973
10.6973
10.2849
11.0416
10.3649
10.3649
10.3649
