48.843
48.9325
48.9325
48.742
48.3277
47.8324
47.8324
46.9737
47.3242
48.5433
48.7151
48.5119
48.5119
48.5119
49.9575
48.5929
48.5929
48.3669
47.137
46.151
46.0766
45.0107
44.6162
43.9087
43.9087
43.9087
44.4828
44.4828
44.4598
44.4598
44.3985
43.873
42.3246
42.3815
42.9076
41.8269
41.8269
40.3298
40.3581
40.3581
40.2674
40.7661
40.7661
40.7661
39.9652
39.9652
39.9652
40.3908
40.3908
40.1501
40.1121
38.7881
37.526
37.5188
36.8344
36.4431
34.9221
34.3586
32.837
32.658
32.2974
32.2974
32.2974
31.988
31.755
31.5735
31.0498
31.1294
30.1976
29.5178
28.9922
29.6035
29.7039
29.7039
28.4967
28.4078
28.4078
27.9176
27.9176
27.9176
27.9176
27.3643
25.8468
25.8468
25.2781
24.0037
24.0037
24.0037
24.0037
24.0037
23.8853
23.6861
23.6861
24.6798
24.6798
24.6798
24.1236
24.4912
24.2678
24.0693
24.1845
23.4445
23.8005
24.2349
24.0434
24.0434
24.8406
24.9005
24.4154
23.7714
23.1499
22.9442
22.7607
22.7607
22.9713
22.9713
22.0495
21.3563
21.7859
21.6145
21.6758
21.6758
21.3653
20.6792
20.6792
20.2476
19.4545
19.1952
19.1952
19.1952
19.1952
19.1952
19.4098
18.0811
19.1124
19.8064
18.6107
19.9416
19.4172
18.4636
18.0935
17.927
17.6299
17.6299
18.3042
18.3683
18.1688
18.1688
18.2414
17.8781
17.5492
16.8609
15.9289
15.9289
16.0267
14.7118
14.7118
14.7118
14.7412
14.8242
13.7999
13.7999
13.7999
13.7999
13.8339
13.8339
13.6348
13.6348
15.0518
15.1945
15.1945
15.9112
15.5777
15.5777
14.9376
14.9398
15.1976
14.2933
14.8535
15.087
14.3813
14.4133
13.4581
13.4581
13.4581
13.6234
12.7181
12.7181
13.4378
13.4378
13.7341
12.4849
11.9881
12.2998
12.2998
11.5971
10.1128
9.90683
9.90683
9.90683
9.90683
9.41687
9.41687
9.41687
9.41687
9.06504
8.90883
8.93031
9.08681
9.08681
9.24501
9.24501
9.24501
9.24501
9.24501
9.24501
9.67814
9.72449
9.72449
9.8136
9.8136
8.86144
7.64864
7.10178
6.48578
6.56832
6.02982
5.57476
5.57476
5.57476
5.57476
5.57476
5.57476
5.42851
5.9475
6.43358
6.20318
6.20318
5.82872
5.89961
5.89961
6.42017
6.42017
6.42017
7.35355
7.13765
6.76378
6.12898
4.92823
4.92823
4.92823
4.27305
3.73596
3.73596
3.89104
3.30821
3.57732
3.58649
3.44356
2.84507
2.84507
3.74685
3.74685
3.74685
4.75477
4.75477
4.70138
4.17882
2.8336
2.59383
2.88032
2.88032
2.88032
2.34688
1.45741
1.45741
1.45741
1.63442
0.957334
0.957334
1.04715
1.04715
0.865822
0.957948
0.957948
0.957948
1.06932
1.15171
2.13472
2.13472
2.1733
2.1733
1.51391
1.51391
1.51391
1.51391
1.51391
1.51391
1.51391
1.51391
0.468049
0.468049
0.468049
0.468049
0.468049
0.468049
0.468049
0.468049
1.35346
0.837432
0.837432
1.61448
1.61448
1.2706
1.64529
1.64529
1.64529
1.64529
1.64529
1.80647
1.80647
0.875612
0.875612
1.13367
1.13367
0.884335
0.622406
0.622406
0.622406
0.622406
0.622406
1.28987
1.19815
1.19815
1.19815
0.793743
0.793743
0.793743
1.11856
0.80958
1.56682
1.56682
1.56682
1.56682
1.13613
1.13613
1.13613
1.13613
1.13613
1.13613
0.811914
0.811914
0.811914
0.811914
0.811914
0.811914
0.811914
1.16173
1.16173
1.33634
1.07198
1.07198
1.84656
1.84656
1.84656
1.38596
1.38596
1.38596
1.38596
1.38596
1.38596
1.06284
1.46237
1.46237
1.46237
1.46237
1.85783
1.85783
1.85783
2.72651
2.72651
2.87513
2.1401
2.1401
2.639
2.639
2.639
2.639
2.1398
2.1398
2.1398
2.45645
2.06165
2.26877
1.81525
1.81525
1.05862
1.63611
1.63611
1.23557
1.23557
1.23557
1.23557
0.736195
0.736195
2.13517
2.0384
2.12382
1.59334
1.55263
1.55263
1.65426
1.65426
2.38477
3.19845
3.29483
2.63658
2.58407
2.53016
2.53016
2.53016
2.31211
2.43435
2.3401
2.3401
2.3401
2.3401
2.12298
2.12298
1.52442
1.10929
0.977693
1.2832
1.2832
1.52702
1.61527
1.55752
0.978929
1.63888
2.7043
2.53214
2.53214
2.53214
1.95777
1.72107
1.72107
1.72107
1.72107
1.09314
0.93363
0.93363
1.97653
1.60017
1.79597
1.79597
1.56286
0.495172
0.495172
0.495172
0.158126
0.158126
0.158126
0.158126
0.158126
0.158126
0.158126
0.158126
0.158126
0.158126
0.158126
0.395771
0.395771
0.646935
0.695753
0.695753
0.695753
2.2375
3.00897
3.00897
3.12901
4.03925
3.24917
3.24917
3.70491
3.38396
3.12882
3.38193
3.38193
4.12459
4.02106
3.87049
4.15679
5.51295
5.30255
4.46361
4.06375
4.06375
4.06375
4.67126
3.43627
3.50106
3.2582
2.84609
1.72134
1.52418
1.52418
1.52418
1.52418
1.94239
2.04576
3.36521
3.63783
3.63783
4.17386
3.57882
3.27306
2.77133
2.77133
2.77133
2.77133
3.25374
3.25374
3.72939
3.71535
3.71535
3.71535
3.07382
3.4492
3.4492
3.81218
4.09937
4.46059
4.53727
3.71272
3.05092
3.05092
3.921
3.921
2.96129
2.80467
2.80467
2.95713
2.14197
1.46388
1.46388
1.46388
1.13836
1.13836
1.13836
1.13836
1.13836
1.26781
1.26781
1.26781
1.18033
1.18033
1.18033
1.18033
2.16877
1.05741
1.05741
1.39639
1.42424
1.42424
1.50436
0.521513
0.521513
0.521513
0.521513
0.521513
0.521513
0.521513
1.05908
1.74684
2.12985
2.00815
2.00815
2.00815
0.96548
0.96548
0.96548
0.390588
0.390588
0.390588
0.390588
0.390588
0.390588
0.390588
0.966805
0.966805
0.966805
0.966805
1.23245
1.23245
1.37247
1.37247
1.37247
1.37247
1.64979
1.64979
0.560739
0.560739
0.560739
0.560739
1.17655
1.17655
1.17655
0.977898
0.977898
0.977898
0.977898
0.977898
0.977898
0.977898
1.29093
1.29093
1.29093
1.29093
0.572475
0.746223
0.746223
0.746223
1.69659
1.69659
1.69659
1.52302
1.52052
1.52052
1.52052
1.05021
1.05021
1.05021
1.3876
1.6471
0.788184
0.68058
0.68058
1.01973
0.640918
0.862225
1.00183
0.297877
0.297877
0.297877
0.297877
0.297877
0.297877
0.297877
0.297877
0.801022
1.51935
1.51935
1.51935
1.51935
1.80184
1.80184
1.79051
1.79051
1.79051
1.79051
1.41415
1.41415
1.08265
0.534373
0.639263
0.76403
0.76403
0.76403
0.76403
0.76403
0.76403
0.76403
0.76403
1.62847
1.09746
1.09746
1.47966
1.47966
1.47966
0.763395
0.508598
0.508598
0.508598
0.508598
0.934411
0.934411
1.68254
1.68254
1.68254
1.68254
1.68254
1.87919
1.87919
1.87919
1.87919
1.58003
1.58003
1.58003
1.58003
1.78636
1.99055
2.19743
0.801199
0.801199
1.25406
1.38124
1.42626
1.93136
1.93313
1.98146
1.826
1.826
1.826
1.95912
1.95912
1.70724
0.688512
0.598467
0.596093
0.596093
0.596093
0.775842
0.722355
0.722355
1.04121
1.04121
0.729782
0.729782
0.718825
0.718825
0.352354
0.352354
0.352354
0.352354
0.352354
0.352354
0.611036
0.611036
0.924876
1.23204
1.40266
1.29708
1.46992
0.950868
0.950868
1.4945
1.4945
1.4945
2.58327
1.62045
1.62045
0.970272
1.1986
0.770739
0.834286
0.809529
0.809529
0.809529
0.906785
0.818647
0.818647
0.860368
0.64996
1.22418
1.22169
0.950675
0.321702
0.321702
0.862805
1.42491
2.13911
1.13025
0.890761
1.52855
1.52855
1.27204
1.27204
1.27204
1.27204
1.27204
1.1382
1.1382
1.37481
1.38489
1.28441
1.32456
2.2533
1.5356
1.5356
2.08833
2.08833
2.08833
2.08833
1.61897
1.4442
1.44586
1.44586
1.18204
1.3251
1.3251
1.36409
1.36409
0.999987
0.999987
0.999987
0.999987
0.999987
0.999987
0.581546
0.581546
1.76366
0.972528
0.972528
1.03364
1.03364
0.815862
1.16828
1.16828
0.957375
1.06277
1.06277
1.06277
1.06277
1.06277
1.06277
1.82327
0.901532
0.901532
1.3285
1.50611
1.22521
1.22521
0.694442
0.637245
0.637245
0.637245
2.14976
2.14976
3.07093
2.53139
2.76758
2.76758
2.76758
3.04148
2.01276
0.481571
1.54137
2.15819
1.87711
0.848089
0.848089
1.188
1.188
1.188
1.188
1.51412
1.32118
1.32118
1.32118
0.701105
0.701105
1.41912
1.41912
1.71019
1.71019
1.71019
1.71019
1.32465
1.32465
1.66307
1.66307
1.81772
2.54584
1.97738
1.97738
2.11845
1.96873
1.51844
1.41365
0.576164
0.576164
0.576164
0.576164
0.576164
1.56249
3.32644
3.17306
4.36275
4.03265
3.76255
2.58082
2.58082
2.57312
2.47491
2.47491
1.68183
1.68183
1.26103
1.26103
1.26103
1.26103
1.60112
1.88167
1.88167
2.49444
2.49444
2.12507
2.67632
3.46632
3.46632
3.86444
4.41115
4.61586
5.05365
5.09566
4.53306
4.53306
4.53306
4.7282
4.7282
3.84424
3.84424
3.84424
2.84054
2.84054
3.47982
3.47982
3.3924
3.3924
3.62177
3.62177
2.58949
2.42314
2.16485
2.16485
2.16485
2.16485
2.16485
2.16485
0.9662
0.9662
0.790489
0.473028
0.473028
0.473028
0.473028
1.55344
1.06923
1.15778
1.6772
2.21482
2.21482
1.72878
1.72878
1.72878
1.72878
1.72878
1.14389
1.14389
1.14389
1.33375
1.33375
1.33375
1.05401
1.05401
0.800539
0.800539
0.800539
1.12478
1.12478
1.12478
0.964205
0.884709
0.884709
1.13144
1.37101
1.40323
1.30068
1.70838
1.39674
1.39674
1.44108
1.44108
1.07846
1.07846
0.77122
0.77122
0.77122
0.77122
0.77122
0.77122
0.77122
0.77122
0.705016
0.705016
0.705016
0.705016
1.34782
1.34782
1.14887
1.90642
2.0177
1.87076
1.97301
0.997712
0.997712
0.997712
0.997712
0.997712
0.997712
0.951377
1.04094
0.744689
1.45562
2.06081
1.84161
0.637038
1.01418
0.595248
0.595248
0.595248
1.50856
2.11996
1.84552
1.84552
1.88583
1.88583
1.88583
1.88583
1.94829
1.94829
2.69498
3.28208
2.97819
2.97819
2.97819
2.97819
2.89221
2.89221
1.36772
1.26843
1.26843
1.33999
0.838327
0.838327
0.978273
1.24385
1.24385
1.26389
1.37576
1.37576
1.37576
1.37576
1.0548
1.08125
0.491909
0.491909
0.491909
0.491909
0.491909
0.491909
0.491909
0.491909
0.491909
0.491909
1.05392
1.05392
1.05392
1.05392
1.56874
1.56874
1.35827
0.825559
0.825559
0.831794
1.02456
1.02456
0.968251
1.57688
1.6357
1.6357
1.74735
1.74735
1.6569
1.6569
2.16077
2.66848
2.79111
2.49658
2.35046
2.35046
2.35046
1.66481
1.66481
1.9956
1.9956
1.9956
2.36771
2.36771
2.36771
2.21488
2.21488
1.99743
1.99743
2.57056
2.33846
2.11899
1.74087
1.74087
1.21135
0.786095
0.786095
0.786095
0.242296
0.242296
0.242296
0.242296
0.242296
0.242296
0.242296
0.242296
0.242296
0.321448
0.321448
0.321448
0.321448
0.321448
0.321448
0.321448
0.321448
0.321448
0.447685
0.447685
0.447685
0.447685
1.57316
2.15034
2.15034
2.75514
2.59164
2.59164
2.14958
2.14958
2.14958
1.57797
1.72668
1.99118
1.58499
1.16383
1.54953
1.13654
1.13654
1.13654
1.13654
1.13654
0.752502
0.861727
1.96437
2.10616
2.10616
2.10616
2.15011
1.69256
0.572221
0.572221
0.572221
1.85202
1.99439
1.99439
0.988347
1.29999
2.01118
1.58045
1.32562
1.32562
2.54236
3.0171
1.19624
1.28978
1.64414
1.53304
1.45933
1.45933
1.45933
1.84182
1.73893
1.73893
1.73893
0.960889
0.592025
0.592025
0.592025
0.592025
0.592025
1.1544
0.971671
0.971671
1.04809
1.04809
1.04809
0.939186
0.939186
0.939186
0.939186
1.05485
1.46727
1.46727
2.18318
2.72605
3.32761
3.32761
3.32761
2.33318
2.33318
2.33318
2.32718
2.61681
1.69051
1.69051
1.69051
1.69051
1.69051
1.69051
1.0938
0.707015
0.748548
0.748548
0.748548
0.748548
0.542843
0.542843
0.542843
0.542843
0.542843
1.70334
2.39412
2.39412
2.27272
2.56493
2.56493
2.56493
2.56493
2.36659
2.34573
2.77036
2.70067
3.55262
2.81899
2.81899
3.17772
3.17772
3.17772
2.85652
1.51935
1.51935
1.51935
1.46521
2.75925
3.28199
2.82915
2.79713
2.79713
2.53175
2.53175
2.48906
2.06002
1.2677
1.2677
1.02986
1.02986
1.02986
1.02986
1.50295
1.70052
1.63818
1.4029
1.82301
1.70076
1.5223
1.1698
1.1698
1.1698
1.8681
1.36531
1.36531
1.11955
0.703689
1.24717
2.20723
2.20723
1.74705
1.71204
1.71204
2.00443
2.00443
2.45698
1.39195
0.718291
0.7969
0.7969
0.766692
0.766692
0.904703
0.904703
1.17086
1.17086
1.17086
1.17086
1.17086
1.4806
1.4806
1.64389
1.64389
1.64389
1.64389
1.64389
1.64389
2.30995
2.30995
2.81778
2.90585
2.21585
2.1153
0.823126
0.823126
0.823126
1.72948
2.43189
2.20066
2.01546
2.00514
1.99179
1.97844
1.97844
1.97844
1.97844
3.08194
3.08194
2.25488
1.80131
2.84818
2.84818
2.72404
2.72404
2.72404
3.07812
3.60559
3.60559
3.57915
3.57915
3.57915
3.57915
3.50373
3.212
3.07336
3.38126
3.85588
3.85588
4.36578
4.29247
4.29247
3.39236
3.39236
3.39236
2.51256
2.58265
1.44604
1.83492
1.5862
1.90806
1.36057
1.36057
1.36057
1.36057
0.761781
0.761781
0.761781
0.761781
0.477899
1.47802
1.47802
1.47802
2.29737
2.29737
2.29737
2.29737
2.29737
1.51255
1.37276
1.10063
1.73723
1.43415
1.43415
1.43415
1.43415
1.43415
3.04277
2.32327
1.80748
1.31224
1.31224
1.84417
1.0607
1.0607
0.755957
0.957055
0.957055
0.957055
0.957055
0.957055
0.957055
0.957055
0.957055
0.957055
0.957055
0.957055
1.56167
0.766399
0.766399
0.845467
0.845467
1.02691
1.02691
0.876919
0.876919
0.876919
1.10058
1.95831
1.62979
1.83657
1.0031
1.0031
1.0031
0.997594
0.997594
1.18719
0.547763
0.547763
0.547763
0.547763
0.547763
0.547763
0.547763
0.773263
0.773263
0.773263
0.773263
0.706054
0.706054
0.706054
0.452529
0.452529
0.452529
0.452529
0.452529
0.452529
0.452529
0.79001
0.79001
0.79001
0.878825
0.878825
0.878825
1.03524
1.03524
1.03524
0.838338
1.51398
1.93827
1.93827
2.43947
2.45567
3.67151
2.8292
2.8292
2.8292
2.8292
2.66471
3.28472
3.28472
1.98655
1.81567
0.727198
0.727198
0.560844
0.560844
0.560844
0.560844
1.6143
1.91756
1.68275
2.27147
2.11265
2.11265
2.65528
2.65528
3.35472
3.92567
3.92567
3.92567
3.29769
2.96046
2.96046
2.3227
2.3227
2.00001
2.47567
2.47567
2.50729
2.50729
