2.85
2.84058
2.82328
2.79682
2.76049
2.71537
2.66388
2.6088
2.55263
2.49769
2.44562
2.39654
2.3495
2.30476
2.26637
2.24203
2.23896
2.25837
2.29411
2.33631
2.37597
2.40691
2.42572
2.43155
2.42605
2.41286
2.3966
2.38201
2.37338
2.37352
2.38237
2.39609
2.40816
2.41176
2.40274
2.38157
2.35389
2.32882
2.31522
2.31748
2.33299
2.35389
2.37188
2.38281
2.38843
2.3939
2.40247
2.41203
2.41711
2.41366
2.40133
2.38253
2.3601
2.33574
2.31029
2.28469
2.26099
2.242
2.23014
2.2263
2.23085
2.24618
2.27784
2.3301
2.39865
2.46991
2.52895
2.56724
2.58417
2.58365
2.57021
2.54795
2.52191
2.49804
2.48063
2.47083
2.46789
2.47104
2.48038
2.49668
2.51998
2.5481
2.57631
2.5985
2.60896
2.60374
2.58126
2.54217
2.48942
2.42869
2.36841
2.31804
2.28455
2.27029
2.27442
2.29505
2.32879
2.36957
2.40934
2.44041
2.45802
2.46139
2.4531
2.43752
2.41968
2.40517
2.39911
2.40366
2.41669
2.43332
2.44819
2.4568
2.45629
2.44637
2.42943
2.40935
2.38918
2.36966
2.35073
2.33463
2.32655
2.33153
2.35081
2.38063
2.41363
2.44215
2.46105
2.468
2.46261
2.44523
2.41656
2.37788
2.33206
2.28484
2.24498
2.22155
2.21963
2.23802
2.27029
2.3081
2.34445
2.37587
2.40267
2.42712
2.45107
2.47504
2.49913
2.52356
2.54812
2.57144
2.59088
2.60331
2.60624
2.59878
2.58214
2.55961
2.53646
2.51945
2.51465
2.52427
2.54525
2.57125
2.59559
2.61303
2.61976
2.61283
2.5902
2.55211
2.50291
2.45103
2.40615
2.3754
2.36173
2.36428
2.37952
2.40261
2.42801
2.44973
2.46189
2.45961
2.44048
2.40624
2.36356
2.32251
2.29207
2.27475
2.26511
2.25458
2.23771
2.21379
2.18456
2.15307
2.12531
2.10963
2.11061
2.1259
2.15145
2.18508
2.22449
2.26589
2.85
2.88032
2.89542
2.89626
2.88866
2.8798
2.87531
2.87697
2.88264
2.88815
2.88899
2.88076
2.85971
2.82433
2.77807
2.73074
2.69567
2.68202
2.68821
2.70386
2.71754
2.72066
2.70706
2.67425
2.62774
2.58267
2.55615
2.55549
2.57533
2.6042
2.63114
2.64929
2.65784
2.66229
2.6708
2.6882
2.71397
2.74606
2.78355
2.82427
2.86188
2.8871
2.89176
2.87431
2.84331
2.8147
2.80171
2.8076
2.82835
2.85677
2.88234
2.89248
2.87767
2.83562
2.77232
2.7016
2.64262
2.61244
2.61677
2.6484
2.69433
2.74307
2.78827
2.82917
2.86772
2.90264
2.92631
2.9285
2.90229
2.8478
2.77366
2.69588
2.63127
2.58859
2.56734
2.56451
2.57829
2.60558
2.64045
2.67737
2.71474
2.75411
2.79592
2.83708
2.87276
2.89945
2.91617
2.92356
2.92312
2.9173
2.90942
2.90267
2.89771
2.8916
2.87909
2.85558
2.81971
2.7742
2.72479
2.67823
2.63972
2.61133
2.59298
2.58609
2.594
2.61529
2.64005
2.65732
2.66242
2.65675
2.64521
2.63472
2.63212
2.64048
2.65703
2.67557
2.69126
2.70358
2.71507
2.72748
2.73947
2.7486
2.75435
2.75895
2.7664
2.78109
2.80658
2.84419
2.89168
2.94297
2.98941
3.02203
3.03306
3.01653
2.97008
2.89983
2.82637
2.77847
2.76706
2.77602
2.78482
2.78317
2.76841
2.7419
2.70876
2.67929
2.66841
2.68891
2.73865
2.79613
2.83275
2.82903
2.78576
2.72691
2.68237
2.65754
2.63395
2.5982
2.5551
2.5201
2.50676
2.51737
2.54181
2.56721
2.58873
2.61024
2.6365
2.66671
2.6951
2.71595
2.72722
2.73123
2.73341
2.73999
2.75528
2.77968
2.81001
2.84258
2.87552
2.90773
2.9366
2.95739
2.96453
2.95376
2.92474
2.88273
2.83761
2.80012
2.77801
2.77485
2.78931
2.8134
2.83466
2.8432
2.8368
2.81925
2.79538
2.76767
2.73669
2.70283
2.85
2.81608
2.7893
2.78705
2.82009
2.88382
2.96055
3.02938
3.07383
3.08502
3.06219
3.01114
2.9413
2.86203
2.78057
2.70386
2.64315
2.61269
2.61729
2.64594
2.68289
2.71894
2.75253
2.78496
2.8139
2.83188
2.83337
2.82372
2.82063
2.84298
2.89366
2.95664
3.01186
3.04798
3.06315
3.062
3.05323
3.04686
3.0503
3.06652
3.09445
3.13034
3.16873
3.20314
3.22681
3.23346
3.21818
3.17811
3.1133
3.02789
2.93107
2.83679
2.76125
2.71855
2.71662
2.7541
2.81879
2.8911
2.95264
2.9931
3.01109
3.01131
3.00117
2.98739
2.97359
2.95949
2.94249
2.92043
2.89362
2.86547
2.84064
2.82206
2.81004
2.80564
2.81305
2.83431
2.86492
2.90013
2.94078
2.98825
3.03658
3.07228
3.0816
3.05731
3.00129
2.92474
2.84643
2.78935
2.77254
2.797
2.84175
2.87978
2.89508
2.8864
2.86278
2.83671
2.8173
2.80724
2.80501
2.80923
2.82074
2.84106
2.86914
2.89939
2.92242
2.92893
2.91452
2.8827
2.84355
2.80717
2.77767
2.75452
2.73896
2.73712
2.75619
2.79737
2.85351
2.91416
2.9713
3.0211
3.06301
3.09711
3.12074
3.12842
3.1161
3.08485
3.03922
2.98414
2.92612
2.87579
2.84324
2.82987
2.82851
2.83252
2.84308
2.86685
2.9071
2.95763
3.00588
3.04007
3.05304
3.04256
3.00984
2.95817
2.89284
2.82182
2.75462
2.69989
2.66522
2.65806
2.68232
2.73203
2.79229
2.84848
2.89351
2.92728
2.95178
2.96703
2.97046
2.95903
2.93199
2.89253
2.84731
2.80438
2.76969
2.74425
2.72518
2.70959
2.69575
2.68149
2.66418
2.64359
2.6256
2.62189
2.64147
2.6803
2.72293
2.75489
2.77038
2.77005
2.75491
2.72405
2.67936
2.63272
2.60476
2.6107
2.64963
2.70835
2.77022
2.82173
2.85599
2.87355
2.88054
2.88505
2.89275
2.90287
2.90837
2.90204
2.8831
2.85884
2.85
2.84298
2.8402
2.83342
2.8181
2.79505
2.7676
2.73948
2.71473
2.69748
2.6907
2.69454
2.70543
2.71719
2.72492
2.72931
2.73614
2.75128
2.77592
2.80592
2.83541
2.86132
2.8835
2.90083
2.91069
2.91272
2.90929
2.90147
2.8868
2.8622
2.83007
2.80098
2.78575
2.78428
2.78849
2.79374
2.80206
2.81755
2.8418
2.87272
2.90675
2.94213
2.97847
3.01128
3.03114
3.03102
3.01009
2.97008
2.91208
2.83756
2.75065
2.65765
2.56514
2.48034
2.41301
2.37498
2.37436
2.40687
2.45433
2.49649
2.52433
2.54224
2.56148
2.59212
2.6373
2.69161
2.7433
2.77952
2.79225
2.78345
2.7664
2.75863
2.77009
2.79907
2.83962
2.88755
2.93694
2.97558
2.98773
2.96148
2.89527
2.8008
2.69994
2.61558
2.56102
2.53505
2.52825
2.53342
2.54887
2.5747
2.6083
2.64289
2.67086
2.69039
2.70708
2.72589
2.74466
2.758
2.76419
2.76767
2.77787
2.80318
2.84108
2.87871
2.90599
2.92113
2.92469
2.91526
2.89141
2.85624
2.81882
2.78995
2.77586
2.77611
2.78714
2.80605
2.83061
2.85742
2.88231
2.90288
2.91955
2.93383
2.94599
2.95418
2.95538
2.94706
2.92956
2.90939
2.89921
2.90971
2.93731
2.96487
2.97546
2.96264
2.93172
2.89522
2.86549
2.84935
2.84696
2.85352
2.86379
2.8781
2.90161
2.93453
2.9676
2.98942
2.99343
2.97916
2.95196
2.92097
2.89425
2.8747
2.86084
2.85071
2.84459
2.84431
2.8511
2.86337
2.8754
2.87873
2.86741
2.84366
2.8193
2.81054
2.82807
2.86973
2.92316
2.9744
3.01406
3.03927
3.05253
3.05826
3.05903
3.0534
3.03685
3.00593
2.96306
2.91745
2.88182
2.86774
2.87908
2.90608
2.92936
2.93306
2.91522
2.88821
2.86839
2.8616
2.8597
2.85045
2.82698
2.79046
2.74903
2.71499
2.69936
2.70577
2.72786
2.75297
2.77004
2.77546
2.85
2.84349
2.8382
2.84076
2.85494
2.87663
2.89483
2.89683
2.87311
2.821
2.747
2.66696
2.60251
2.57323
2.58597
2.6308
2.68921
2.74583
2.79379
2.83349
2.86917
2.90487
2.94111
2.97534
3.00578
3.03312
3.05876
3.08325
3.10587
3.12358
3.13117
3.1235
3.09793
3.05526
2.99956
2.93786
2.88082
2.84279
2.83723
2.86701
2.9193
2.97398
3.01484
3.03333
3.02722
2.99961
2.95838
2.91306
2.86937
2.82806
2.7914
2.76748
2.76633
2.7919
2.83765
2.88924
2.93123
2.95266
2.94903
2.92184
2.87706
2.82387
2.77339
2.73668
2.7225
2.73449
2.76711
2.80576
2.83351
2.83807
2.81394
2.76335
2.69747
2.63501
2.59435
2.58308
2.59597
2.62418
2.66345
2.71268
2.76866
2.82498
2.8744
2.91052
2.92941
2.93277
2.92858
2.92529
2.92503
2.92289
2.91224
2.89124
2.86584
2.84791
2.84697
2.85977
2.87143
2.86906
2.85195
2.82913
2.80948
2.79526
2.7847
2.77774
2.77523
2.77278
2.76136
2.73735
2.70841
2.68702
2.68028
2.68764
2.7047
2.72516
2.74119
2.74669
2.74135
2.73091
2.72375
2.72659
2.74169
2.7652
2.78794
2.79899
2.79035
2.76231
2.72927
2.71602
2.7365
2.78421
2.84981
2.92745
3.00471
3.06373
3.09314
3.09354
3.07334
3.04172
3.00458
2.96423
2.92086
2.87417
2.82446
2.77279
2.72148
2.67683
2.65106
2.6549
2.68382
2.7206
2.75307
2.78166
2.81313
2.8538
2.90523
2.96304
3.0193
3.066
3.09616
3.10419
3.08734
3.04728
2.99027
2.92605
2.86586
2.82019
2.79588
2.79365
2.80752
2.82966
2.85713
2.89264
2.9376
2.98681
3.03125
3.06439
3.08574
3.09929
3.10889
3.11496
3.11513
3.10673
3.08822
3.05965
3.02295
2.98266
2.94677
2.92677
2.9342
2.97218
3.02963
3.08831
3.13496
3.16566
3.18317
3.19248
3.19767
3.2011
3.20394
3.20682
2.85
2.85273
2.8522
2.83946
2.80933
2.76379
2.71163
2.6654
2.63716
2.63424
2.65705
2.69991
2.75411
2.81102
2.86415
2.90893
2.94124
2.95683
2.95295
2.93124
2.89869
2.86374
2.83141
2.80362
2.78301
2.77297
2.77447
2.7839
2.79366
2.79494
2.78182
2.75474
2.7209
2.68976
2.66801
2.65945
2.66667
2.6896
2.7239
2.76257
2.79852
2.82582
2.8406
2.84167
2.83021
2.80883
2.7799
2.74467
2.70296
2.65423
2.59893
2.5397
2.48266
2.43846
2.4197
2.43329
2.47443
2.52886
2.58088
2.62036
2.64622
2.6659
2.68912
2.71974
2.75385
2.78538
2.81125
2.83129
2.84581
2.85403
2.85435
2.846
2.83066
2.81211
2.79372
2.77551
2.75444
2.72756
2.69498
2.66005
2.62735
2.60032
2.58001
2.56584
2.55799
2.5592
2.57398
2.60531
2.65151
2.70603
2.75994
2.80523
2.83683
2.8528
2.85439
2.84562
2.8314
2.816
2.80348
2.79883
2.80483
2.81767
2.82935
2.83408
2.83013
2.81718
2.79515
2.76588
2.7349
2.71101
2.70335
2.71647
2.74634
2.78088
2.80585
2.81225
2.80076
2.78126
2.76665
2.76504
2.77646
2.79513
2.81277
2.8211
2.81447
2.79192
2.7577
2.71911
2.68311
2.65392
2.6329
2.62018
2.616
2.62109
2.63597
2.65939
2.6872
2.71326
2.73247
2.74316
2.74662
2.74511
2.74126
2.73765
2.73546
2.73324
2.72765
2.71576
2.69739
2.676
2.65735
2.64665
2.64597
2.65378
2.66683
2.68215
2.69792
2.71335
2.72819
2.74218
2.75436
2.76259
2.76377
2.75476
2.7339
2.70221
2.66361
2.62293
2.58353
2.54705
2.51485
2.48873
2.47044
2.46095
2.4604
2.46855
2.48546
2.51149
2.54612
2.58644
2.62677
2.66007
2.68016
2.68323
2.66848
2.63776
2.59531
2.5476
2.50354
2.47374
2.46783
2.49023
2.53746
2.59995
2.66649
2.72804
2.77886
2.8162
2.83954
2.84939
2.85
2.8332
2.80291
2.7605
2.70884
2.65306
2.59992
2.55579
2.52388
2.50321
2.49097
2.48665
2.49364
2.51673
2.55805
2.61515
2.6813
2.74749
2.80545
2.84995
2.8792
2.89337
2.89222
2.8741
2.83754
2.7846
2.72352
2.66938
2.63991
2.64459
2.67628
2.71635
2.74814
2.76536
2.77078
2.77025
2.76734
2.76115
2.74829
2.72714
2.70007
2.67062
2.6406
2.61458
2.60549
2.62806
2.68618
2.76902
2.8574
2.93222
2.97977
2.99275
2.96973
2.91503
2.83941
2.75937
2.69147
2.64529
2.6252
2.63269
2.66048
2.69199
2.71115
2.71221
2.70314
2.69905
2.70805
2.72687
2.75119
2.77943
2.80617
2.82296
2.82577
2.81907
2.81424
2.82215
2.84351
2.86751
2.87962
2.8689
2.83166
2.77219
2.70079
2.62978
2.56961
2.52667
2.50317
2.49853
2.51032
2.53391
2.56202
2.58617
2.59914
2.59696
2.58002
2.55381
2.52821
2.51449
2.51994
2.5441
2.57934
2.61595
2.64631
2.66524
2.66942
2.65926
2.64102
2.62348
2.61075
2.59939
2.58317
2.55957
2.53207
2.50729
2.49078
2.48512
2.49107
2.5088
2.53722
2.57269
2.60945
2.64234
2.66934
2.69172
2.71122
2.7276
2.73891
2.74367
2.74217
2.7359
2.72599
2.71246
2.69615
2.68243
2.68193
2.704
2.74834
2.80424
2.85716
2.8953
2.91237
2.90727
2.88252
2.84271
2.79383
2.74315
2.69919
2.67051
2.66252
2.6741
2.69743
2.72185
2.73884
2.74441
2.73861
2.72427
2.70642
2.69193
2.6863
2.68864
2.69252
2.69658
2.71042
2.74212
2.78512
2.82593
2.85472
2.86552
2.85475
2.82334
2.77934
2.73544
2.70107
2.67725
2.66152
2.65512
2.65888
2.66132
2.63994
2.57865
2.48283
2.38411
2.3275
2.3362
2.39144
2.45914
2.5192
2.56696
2.60498
2.63811
2.67064
2.70466
2.74055
2.77688
2.8096
2.83324
2.84486
2.84651
2.84336
2.83978
