-5.07139
-5.06032
-5.04227
-5.0149
-4.97842
-4.93345
-4.88166
-4.82551
-4.76919
-4.71455
-4.66309
-4.61431
-4.56713
-4.52178
-4.48338
-4.45919
-4.45537
-4.47433
-4.50901
-4.55167
-4.59239
-4.62364
-4.64365
-4.64827
-4.64141
-4.62836
-4.61255
-4.59736
-4.58948
-4.59053
-4.59938
-4.61235
-4.62518
-4.62893
-4.62127
-4.59965
-4.57181
-4.54719
-4.53419
-4.53691
-4.55318
-4.57393
-4.59253
-4.60255
-4.60802
-4.61212
-4.61934
-4.62859
-4.63353
-4.62918
-4.61775
-4.59925
-4.57681
-4.5517
-4.52625
-4.50186
-4.47785
-4.45751
-4.4467
-4.44196
-4.44711
-4.46228
-4.49409
-4.54635
-4.61582
-4.68754
-4.74583
-4.78458
-4.8018
-4.80309
-4.79026
-4.76829
-4.74271
-4.71958
-4.70157
-4.6901
-4.68687
-4.68986
-4.69996
-4.71701
-4.74122
-4.76919
-4.79665
-4.8187
-4.82855
-4.82318
-4.80055
-4.76025
-4.70765
-4.64721
-4.58708
-4.53761
-4.50684
-4.49273
-4.49581
-4.51674
-4.55109
-4.59233
-4.63089
-4.66181
-4.67988
-4.68234
-4.67328
-4.65801
-4.64032
-4.62595
-4.62035
-4.62414
-4.63747
-4.65305
-4.66717
-4.67577
-4.67482
-4.66505
-4.64916
-4.62893
-4.60921
-4.58879
-4.56925
-4.553
-4.54507
-4.54929
-4.56872
-4.59855
-4.63261
-4.66219
-4.68109
-4.68819
-4.68235
-4.66542
-4.63705
-4.59898
-4.5527
-4.50547
-4.46576
-4.44172
-4.44041
-4.4585
-4.49123
-4.52904
-4.56524
-4.59771
-4.62451
-4.64972
-4.67291
-4.69597
-4.72127
-4.74419
-4.76814
-4.79131
-4.81045
-4.82304
-4.82612
-4.81775
-4.80247
-4.78099
-4.75769
-4.74052
-4.73512
-4.74535
-4.76648
-4.79157
-4.81683
-4.83427
-4.84161
-4.83453
-4.8119
-4.77456
-4.72551
-4.67302
-4.62768
-4.59526
-4.58099
-4.58279
-4.59728
-4.62067
-4.64607
-4.66704
-4.678
-4.67632
-4.65614
-4.62129
-4.5783
-4.53815
-4.50741
-4.4901
-4.48122
-4.47024
-4.45382
-4.42899
-4.39976
-4.36903
-4.34096
-4.32437
-4.32369
-4.33959
-4.36499
-4.39816
-4.43773
-4.47927
-4.52241
-4.55289
-4.5695
-4.57094
-4.56394
-4.55582
-4.55058
-4.55209
-4.55821
-4.56508
-4.56654
-4.55831
-4.53711
-4.50263
-4.45516
-4.40843
-4.37289
-4.36075
-4.36695
-4.38276
-4.39539
-4.39836
-4.38431
-4.35075
-4.30423
-4.25884
-4.23231
-4.2312
-4.25045
-4.27932
-4.30627
-4.32472
-4.33312
-4.33802
-4.34623
-4.36452
-4.38985
-4.42194
-4.45913
-4.50015
-4.53822
-4.56495
-4.57083
-4.55307
-4.52085
-4.49208
-4.47863
-4.48438
-4.50558
-4.53537
-4.56004
-4.56913
-4.55326
-4.51075
-4.4482
-4.37792
-4.31787
-4.28572
-4.29006
-4.3229
-4.36869
-4.41774
-4.46339
-4.50489
-4.54193
-4.57715
-4.60084
-4.60363
-4.57924
-4.52384
-4.45059
-4.37341
-4.30955
-4.26657
-4.24593
-4.2434
-4.25748
-4.28433
-4.31874
-4.35521
-4.39288
-4.4318
-4.47331
-4.51478
-4.55045
-4.57775
-4.59477
-4.60125
-4.60142
-4.59665
-4.58908
-4.58156
-4.57645
-4.56853
-4.55649
-4.53191
-4.49544
-4.44993
-4.40067
-4.35486
-4.3162
-4.28856
-4.26946
-4.26271
-4.27033
-4.29177
-4.31639
-4.33426
-4.3386
-4.33218
-4.32094
-4.31135
-4.30798
-4.31741
-4.33457
-4.35189
-4.36819
-4.38126
-4.39396
-4.40668
-4.41912
-4.4272
-4.43264
-4.43633
-4.44317
-4.45786
-4.4832
-4.52066
-4.56725
-4.61854
-4.66544
-4.69913
-4.71031
-4.69423
-4.64734
-4.57737
-4.50284
-4.45418
-4.44247
-4.45069
-4.46025
-4.4574
-4.44294
-4.41627
-4.38389
-4.35515
-4.34472
-4.36492
-4.41528
-4.47324
-4.51047
-4.50721
-4.46468
-4.4055
-4.36006
-4.33539
-4.3103
-4.27424
-4.23083
-4.19612
-4.18323
-4.19475
-4.2189
-4.24551
-4.26793
-4.28928
-4.31555
-4.34621
-4.3749
-4.3956
-4.40687
-4.41013
-4.41215
-4.41782
-4.43463
-4.45826
-4.48799
-4.51997
-4.55381
-4.58663
-4.61534
-4.63734
-4.64434
-4.63327
-4.6044
-4.56313
-4.51846
-4.48188
-4.46037
-4.4566
-4.47092
-4.49486
-4.51522
-4.52346
-4.51736
-4.49966
-4.47442
-4.44717
-4.41619
-4.38263
-4.34335
-4.30694
-4.27954
-4.27608
-4.30897
-4.37256
-4.4493
-4.51769
-4.56351
-4.57454
-4.55156
-4.5008
-4.43157
-4.3529
-4.27325
-4.19668
-4.1349
-4.10535
-4.10875
-4.13802
-4.17467
-4.21147
-4.24506
-4.27735
-4.30538
-4.32292
-4.3238
-4.31414
-4.31179
-4.33459
-4.38573
-4.44827
-4.50486
-4.54007
-4.55539
-4.55348
-4.54365
-4.53712
-4.54041
-4.55587
-4.5835
-4.61864
-4.65673
-4.69205
-4.71512
-4.72117
-4.70665
-4.66612
-4.60025
-4.51514
-4.41922
-4.32598
-4.25134
-4.20985
-4.20806
-4.24647
-4.31177
-4.38514
-4.44714
-4.48731
-4.50484
-4.50505
-4.49505
-4.48158
-4.46642
-4.45111
-4.43427
-4.41145
-4.38373
-4.35619
-4.33165
-4.31277
-4.30106
-4.29696
-4.30527
-4.32578
-4.35579
-4.3919
-4.43255
-4.48032
-4.52881
-4.56316
-4.57264
-4.54881
-4.49263
-4.41622
-4.33729
-4.28081
-4.26369
-4.28847
-4.33323
-4.37203
-4.38657
-4.37879
-4.35502
-4.32818
-4.30771
-4.29765
-4.29497
-4.29843
-4.30873
-4.32995
-4.35729
-4.38709
-4.40997
-4.41558
-4.40162
-4.3713
-4.33169
-4.29532
-4.26611
-4.24251
-4.22771
-4.22662
-4.24599
-4.28672
-4.34271
-4.40443
-4.46111
-4.51137
-4.55358
-4.58723
-4.61086
-4.61733
-4.60562
-4.57376
-4.52798
-4.47245
-4.41487
-4.36484
-4.33123
-4.31907
-4.31832
-4.32248
-4.33364
-4.3571
-4.39676
-4.44728
-4.4963
-4.52989
-4.54286
-4.53299
-4.50072
-4.44905
-4.38386
-4.31299
-4.24639
-4.1915
-4.15531
-4.1477
-4.17392
-4.22304
-4.28316
-4.3395
-4.38348
-4.41679
-4.44129
-4.45639
-4.46013
-4.44899
-4.4224
-4.3831
-4.33515
-4.29282
-4.25919
-4.23269
-4.21377
-4.19728
-4.18359
-4.16918
-4.15127
-4.13038
-4.11117
-4.10731
-4.12824
-4.16558
-4.21033
-4.24244
-4.25778
-4.2579
-4.24231
-4.21115
-4.1663
-4.12025
-4.09198
-4.09777
-4.13747
-4.1962
-4.25822
-4.30883
-4.34264
-4.3602
-4.36642
-4.37063
-4.37742
-4.39012
-4.39532
-4.38763
-4.36884
-4.34457
-4.32341
-4.3166
-4.31353
-4.30675
-4.29052
-4.26808
-4.24138
-4.21311
-4.18835
-4.17126
-4.16448
-4.16786
-4.17997
-4.19233
-4.20037
-4.2052
-4.21173
-4.22671
-4.25045
-4.28151
-4.31116
-4.33737
-4.35985
-4.37854
-4.38749
-4.38982
-4.38533
-4.37782
-4.36345
-4.33886
-4.30732
-4.27928
-4.26345
-4.26047
-4.26438
-4.27008
-4.2793
-4.29479
-4.31859
-4.34997
-4.38325
-4.41771
-4.45224
-4.48567
-4.50447
-4.5042
-4.48296
-4.44281
-4.38556
-4.31044
-4.22473
-4.13294
-4.04027
-3.95638
-3.88964
-3.85055
-3.84994
-3.88306
-3.92963
-3.9727
-4.00083
-4.01843
-4.03797
-4.068
-4.1144
-4.16871
-4.22042
-4.25604
-4.26861
-4.26162
-4.24365
-4.23603
-4.24537
-4.27465
-4.31536
-4.36299
-4.41148
-4.44982
-4.46168
-4.43528
-4.36816
-4.27368
-4.1731
-4.08964
-4.03508
-4.00897
-4.00157
-4.0078
-4.0231
-4.04817
-4.08026
-4.11562
-4.14207
-4.16191
-4.17889
-4.19967
-4.21859
-4.23209
-4.23813
-4.241
-4.25058
-4.2762
-4.3132
-4.35053
-4.37766
-4.39446
-4.39757
-4.38874
-4.36489
-4.33016
-4.29258
-4.26341
-4.25083
-4.25093
-4.26166
-4.28238
-4.30649
-4.33436
-4.35911
-4.37952
-4.3965
-4.41123
-4.42279
-4.43022
-4.43203
-4.42461
-4.40667
-4.38588
-4.37523
-4.38529
-4.41365
-4.44123
-4.45273
-4.44036
-4.40943
-4.37322
-4.34394
-4.32795
-4.32647
-4.33319
-4.3427
-4.35671
-4.37961
-4.41208
-4.44561
-4.46789
-4.4728
-4.45823
-4.43163
-4.40139
-4.37648
-4.35648
-4.34307
-4.33235
-4.32622
-4.32564
-4.33213
-4.34485
-4.35674
-4.35887
-4.34694
-4.32259
-4.29791
-4.28974
-4.30592
-4.34713
-4.40027
-4.45061
-4.49042
-4.51532
-4.52858
-4.53416
-4.53448
-4.52855
-4.51125
-4.48153
-4.43821
-4.3938
-4.35816
-4.34332
-4.35482
-4.38214
-4.40497
-4.40822
-4.39022
-4.36184
-4.34156
-4.33433
-4.33122
-4.32288
-4.29911
-4.26288
-4.2219
-4.18906
-4.17328
-4.18059
-4.20239
-4.22721
-4.24352
-4.24985
-4.24715
-4.2421
-4.23756
-4.24058
-4.25475
-4.27691
-4.29467
-4.29561
-4.27114
-4.21812
-4.14365
-4.06405
-3.99869
-3.97061
-3.98411
-4.0294
-4.08692
-4.1446
-4.19316
-4.23241
-4.26854
-4.30499
-4.34123
-4.37501
-4.40665
-4.43324
-4.45933
-4.48518
-4.50735
-4.52506
-4.53266
-4.52439
-4.49821
-4.45539
-4.39954
-4.33692
-4.28078
-4.24319
-4.23764
-4.26651
-4.31942
-4.37381
-4.41513
-4.43453
-4.42977
-4.40291
-4.36168
-4.31514
-4.27251
-4.2306
-4.19453
-4.17031
-4.1699
-4.19503
-4.23943
-4.29072
-4.33317
-4.35536
-4.35233
-4.32424
-4.2787
-4.2261
-4.17395
-4.13739
-4.12366
-4.1352
-4.16843
-4.20679
-4.23395
-4.23715
-4.21408
-4.16363
-4.09623
-4.03315
-3.99203
-3.98152
-3.99412
-4.02294
-4.06221
-4.11113
-4.16667
-4.22254
-4.27377
-4.31125
-4.32984
-4.33366
-4.33037
-4.32616
-4.32667
-4.32408
-4.31267
-4.28985
-4.26384
-4.24666
-4.24618
-4.25928
-4.27095
-4.26783
-4.25148
-4.22714
-4.20855
-4.19433
-4.18407
-4.17634
-4.17414
-4.17185
-4.15937
-4.13597
-4.10687
-4.08623
-4.07904
-4.0867
-4.10407
-4.12529
-4.13996
-4.14561
-4.13951
-4.12907
-4.1216
-4.12414
-4.13924
-4.16245
-4.18565
-4.19717
-4.18776
-4.16047
-4.12712
-4.11265
-4.13238
-4.17949
-4.24585
-4.3238
-4.40152
-4.4604
-4.48859
-4.48899
-4.46984
-4.43746
-4.40077
-4.35997
-4.31705
-4.27157
-4.22201
-4.17034
-4.11843
-4.07498
-4.04906
-4.0529
-4.08259
-4.11967
-4.15033
-4.17846
-4.21038
-4.25074
-4.30217
-4.35954
-4.41732
-4.46492
-4.49523
-4.50235
-4.48566
-4.44514
-4.38722
-4.32344
-4.26325
-4.21863
-4.19508
-4.19346
-4.20734
-4.23023
-4.2583
-4.29532
-4.33938
-4.38798
-4.43288
-4.46572
-4.48601
-4.50017
-4.51037
-4.51719
-4.51752
-4.50912
-4.49137
-4.46294
-4.42534
-4.38581
-4.3496
-4.33005
-4.33778
-4.37531
-4.43217
-4.49131
-4.53691
-4.567
-4.58601
-4.59411
-4.59915
-4.60243
-4.60588
-4.60921
-4.6125
-4.61388
-4.61321
-4.59897
-4.56854
-4.52208
-4.46945
-4.42322
-4.39618
-4.39372
-4.41714
-4.45879
-4.51299
-4.57112
-4.62455
-4.66933
-4.70179
-4.7183
-4.71547
-4.69421
-4.66075
-4.62429
-4.5915
-4.56447
-4.5428
-4.53261
-4.53426
-4.54294
-4.55331
-4.5552
-4.54147
-4.515
-4.48099
-4.44985
-4.42795
-4.41848
-4.4257
-4.44728
-4.48083
-4.52026
-4.55636
-4.58367
-4.598
-4.59951
-4.58745
-4.56637
-4.53745
-4.50206
-4.4608
-4.41252
-4.35738
-4.29769
-4.24079
-4.19704
-4.17858
-4.19187
-4.23393
-4.28776
-4.33873
-4.37881
-4.40377
-4.42434
-4.4471
-4.47652
-4.50988
-4.54157
-4.56743
-4.58717
-4.60274
-4.61112
-4.61189
-4.60475
-4.58895
-4.57161
-4.55458
-4.53637
-4.5153
-4.48888
-4.45675
-4.42151
-4.38971
-4.36208
-4.34072
-4.32715
-4.32005
-4.32111
-4.33483
-4.36555
-4.41251
-4.46674
-4.5202
-4.5652
-4.59785
-4.61442
-4.61692
-4.60784
-4.59437
-4.57791
-4.56493
-4.56179
-4.56871
-4.58049
-4.59218
-4.5966
-4.59099
-4.57728
-4.55616
-4.52629
-4.49545
-4.47095
-4.46268
-4.47656
-4.50644
-4.54114
-4.56703
-4.57357
-4.56178
-4.54136
-4.5272
-4.52559
-4.53686
-4.55463
-4.57227
-4.58151
-4.57412
-4.55098
-4.51674
-4.47785
-4.44246
-4.41281
-4.39134
-4.37786
-4.37263
-4.37756
-4.39351
-4.41693
-4.44534
-4.47261
-4.49138
-4.50267
-4.50552
-4.50401
-4.4997
-4.49594
-4.49315
-4.49139
-4.48625
-4.47391
-4.45584
-4.43475
-4.41534
-4.40479
-4.40441
-4.41207
-4.42588
-4.44029
-4.45576
-4.47104
-4.48573
-4.49912
-4.51114
-4.52013
-4.52147
-4.51306
-4.49236
-4.46082
-4.42221
-4.38108
-4.34199
-4.3061
-4.27481
-4.24718
-4.22903
-4.21954
-4.21794
-4.22609
-4.2427
-4.26903
-4.30396
-4.34565
-4.38779
-4.41989
-4.44073
-4.44426
-4.43056
-4.39985
-4.35739
-4.30998
-4.26666
-4.23747
-4.232
-4.25365
-4.30165
-4.36398
-4.43053
-4.49102
-4.5423
-4.57888
-4.60238
-4.61086
-4.60703
-4.59049
-4.55914
-4.51583
-4.46432
-4.40823
-4.35554
-4.31005
-4.27859
-4.25777
-4.24584
-4.24121
-4.2482
-4.27249
-4.31352
-4.37002
-4.43601
-4.50115
-4.55927
-4.60422
-4.63362
-4.649
-4.6468
-4.62883
-4.59182
-4.53978
-4.4793
-4.42605
-4.39642
-4.40021
-4.43146
-4.47228
-4.50378
-4.52024
-4.52641
-4.52693
-4.52448
-4.5195
-4.50559
-4.48398
-4.45646
-4.42579
-4.39592
-4.37126
-4.36155
-4.38427
-4.44149
-4.52465
-4.61288
-4.68831
-4.73662
-4.75021
-4.72613
-4.67112
-4.59504
-4.51439
-4.44694
-4.40301
-4.38247
-4.39042
-4.41837
-4.44974
-4.4683
-4.4698
-4.46103
-4.45618
-4.46654
-4.48416
-4.50847
-4.53656
-4.56226
-4.57844
-4.5817
-4.57409
-4.56865
-4.57671
-4.59671
-4.62103
-4.63268
-4.62046
-4.58261
-4.52314
-4.45294
-4.38117
-4.321
-4.27956
-4.25561
-4.25173
-4.26306
-4.28651
-4.31372
-4.33606
-4.34858
-4.3464
-4.33127
-4.3058
-4.2799
-4.26707
-4.27192
-4.29684
-4.33164
-4.36765
-4.39877
-4.41831
-4.42263
-4.41277
-4.39423
-4.37744
-4.36411
-4.35244
-4.33683
-4.31399
-4.28739
-4.26381
-4.24729
-4.24088
-4.24713
-4.26456
-4.29208
-4.32725
-4.36281
-4.39388
-4.42134
-4.44341
-4.46336
-4.47959
-4.49105
-4.49642
-4.49658
-4.49077
-4.48116
-4.46794
-4.45117
-4.43729
-4.43679
-4.46021
-4.50381
-4.55987
-4.61234
-4.65093
-4.66815
-4.66351
-4.63966
-4.6003
-4.55141
-4.50118
-4.45707
-4.42778
-4.4204
-4.43077
-4.45531
-4.47959
-4.49613
-4.5014
-4.4956
-4.4808
-4.46174
-4.44709
-4.44071
-4.4426
-4.44633
-4.44948
-4.4621
-4.4932
-4.53546
-4.57582
-4.60446
-4.61451
-4.60404
-4.57292
-4.52937
-4.48532
-4.45125
-4.42758
-4.4111
-4.40455
-4.40772
-4.41001
-4.38668
-4.3272
-4.23243
-4.13458
-4.07781
-4.08652
-4.14133
-4.20904
-4.26864
-4.3155
-4.35441
-4.38694
-4.42007
-4.455
-4.49119
-4.52647
-4.55844
-4.58192
-4.59309
-4.59535
-4.59279
-4.58921
