1.9
1.89372
1.88219
1.86455
1.84033
1.81025
1.77592
1.7392
1.70175
1.66513
1.63041
1.59769
1.56633
1.53651
1.51091
1.49469
1.49264
1.50558
1.52941
1.55754
1.58398
1.60461
1.61715
1.62103
1.61737
1.60857
1.59773
1.58801
1.58225
1.58235
1.58825
1.59739
1.60544
1.60784
1.60183
1.58771
1.56926
1.55255
1.54348
1.54499
1.55533
1.56926
1.58125
1.58854
1.59229
1.59593
1.60165
1.60802
1.61141
1.60911
1.60089
1.58836
1.5734
1.55716
1.54019
1.52313
1.50733
1.49467
1.48676
1.4842
1.48724
1.49745
1.51856
1.5534
1.5991
1.64661
1.68597
1.7115
1.72278
1.72243
1.71347
1.69864
1.68128
1.66536
1.65375
1.64722
1.64526
1.64736
1.65359
1.66445
1.67998
1.69873
1.71754
1.73234
1.73931
1.73583
1.72084
1.69478
1.65962
1.61913
1.57894
1.54536
1.52304
1.51352
1.51628
1.53004
1.55253
1.57972
1.60622
1.62694
1.63868
1.64093
1.6354
1.62501
1.61312
1.60344
1.59941
1.60244
1.61112
1.62222
1.63213
1.63786
1.63753
1.63091
1.61962
1.60623
1.59279
1.57978
1.56715
1.55642
1.55104
1.55436
1.56721
1.58709
1.60909
1.6281
1.6407
1.64533
1.64174
1.63015
1.61104
1.58525
1.55471
1.52323
1.49665
1.48103
1.47975
1.49201
1.51353
1.53874
1.56297
1.58391
1.60178
1.61808
1.63405
1.65003
1.66609
1.68237
1.69874
1.71429
1.72725
1.73554
1.73749
1.73252
1.72143
1.70641
1.69097
1.67963
1.67644
1.68285
1.69683
1.71416
1.73039
1.74202
1.74651
1.74189
1.7268
1.70141
1.66861
1.63402
1.6041
1.5836
1.57449
1.57618
1.58635
1.60174
1.61867
1.63315
1.64126
1.63974
1.62699
1.60416
1.57571
1.54834
1.52805
1.5165
1.51007
1.50305
1.49181
1.47586
1.45637
1.43538
1.41687
1.40642
1.40707
1.41727
1.4343
1.45672
1.483
1.51059
1.9
1.92022
1.93028
1.93084
1.92577
1.91986
1.91687
1.91798
1.92176
1.92543
1.92599
1.92051
1.90647
1.88289
1.85205
1.8205
1.79711
1.78801
1.79214
1.80257
1.8117
1.81377
1.80471
1.78284
1.75183
1.72178
1.7041
1.70366
1.71689
1.73613
1.75409
1.7662
1.77189
1.77486
1.78054
1.79213
1.80931
1.83071
1.8557
1.88284
1.90792
1.92473
1.92784
1.91621
1.89554
1.87646
1.86781
1.87174
1.88557
1.90451
1.92156
1.92832
1.91844
1.89041
1.84821
1.80106
1.76175
1.74162
1.74451
1.7656
1.79622
1.82872
1.85885
1.88611
1.91182
1.93509
1.95088
1.95233
1.93486
1.89853
1.8491
1.79725
1.75418
1.72573
1.71156
1.70967
1.71886
1.73705
1.7603
1.78491
1.80982
1.83607
1.86395
1.89139
1.91517
1.93297
1.94411
1.94904
1.94875
1.94486
1.93962
1.93511
1.93181
1.92773
1.9194
1.90372
1.87981
1.84947
1.81653
1.78549
1.75981
1.74089
1.72866
1.72406
1.72934
1.74353
1.76004
1.77155
1.77494
1.77117
1.76348
1.75648
1.75474
1.76032
1.77135
1.78371
1.79417
1.80239
1.81005
1.81832
1.82632
1.8324
1.83623
1.8393
1.84427
1.85406
1.87105
1.89613
1.92779
1.96198
1.99294
2.01469
2.02204
2.01102
1.98005
1.93322
1.88425
1.85232
1.8447
1.85068
1.85654
1.85545
1.84561
1.82793
1.80584
1.78619
1.77894
1.7926
1.82577
1.86409
1.8885
1.88602
1.85718
1.81794
1.78825
1.77169
1.75597
1.73213
1.7034
1.68007
1.67118
1.67825
1.69454
1.71147
1.72582
1.74016
1.75767
1.7778
1.79673
1.81063
1.81815
1.82082
1.82227
1.82666
1.83686
1.85312
1.87334
1.89506
1.91702
1.93849
1.95773
1.97159
1.97636
1.96918
1.94983
1.92182
1.89174
1.86675
1.85201
1.8499
1.85954
1.8756
1.88977
1.89547
1.8912
1.8795
1.86359
1.84511
1.82446
1.80189
1.9
1.87739
1.85953
1.85803
1.88006
1.92255
1.9737
2.01959
2.04922
2.05668
2.04146
2.00742
1.96087
1.90802
1.85371
1.80257
1.7621
1.74179
1.74486
1.76396
1.78859
1.81262
1.83502
1.85664
1.87593
1.88792
1.88892
1.88248
1.88042
1.89532
1.9291
1.97109
2.00791
2.03199
2.0421
2.04134
2.03549
2.03124
2.03354
2.04435
2.06297
2.0869
2.11249
2.13543
2.1512
2.15564
2.14546
2.11874
2.07553
2.01859
1.95405
1.89119
1.84083
1.81237
1.81108
1.83607
1.87919
1.9274
1.96842
1.9954
2.0074
2.00754
2.00078
1.9916
1.98239
1.97299
1.96166
1.94695
1.92908
1.91032
1.89376
1.88137
1.87336
1.87043
1.87537
1.88954
1.90994
1.93342
1.96052
1.99216
2.02438
2.04818
2.0544
2.03821
2.00086
1.94983
1.89762
1.85957
1.84836
1.86467
1.8945
1.91985
1.93005
1.92427
1.90852
1.89114
1.8782
1.87149
1.87001
1.87282
1.88049
1.89404
1.91276
1.93293
1.94828
1.95262
1.94302
1.9218
1.8957
1.87145
1.85178
1.83634
1.82597
1.82475
1.83746
1.86491
1.90234
1.94277
1.98086
2.01406
2.04201
2.06474
2.08049
2.08561
2.0774
2.05656
2.02615
1.98943
1.95075
1.91719
1.89549
1.88658
1.88567
1.88835
1.89539
1.91123
1.93807
1.97175
2.00392
2.02671
2.03536
2.02838
2.00656
1.97211
1.92856
1.88121
1.83641
1.79993
1.77681
1.77204
1.78821
1.82135
1.86152
1.89899
1.92901
1.95152
1.96785
1.97802
1.98031
1.97268
1.95466
1.92835
1.89821
1.86959
1.84646
1.8295
1.81679
1.80639
1.79717
1.78766
1.77612
1.7624
1.7504
1.74793
1.76098
1.78687
1.81529
1.83659
1.84692
1.8467
1.83661
1.81604
1.78624
1.75514
1.7365
1.74047
1.76642
1.80557
1.84681
1.88115
1.90399
1.9157
1.92036
1.92337
1.9285
1.93525
1.93891
1.93469
1.92207
1.90589
1.9
1.89532
1.89346
1.88895
1.87873
1.86337
1.84507
1.82632
1.80982
1.79832
1.7938
1.79636
1.80362
1.81146
1.81662
1.81954
1.82409
1.83419
1.85062
1.87061
1.89027
1.90755
1.92233
1.93389
1.94046
1.94181
1.93952
1.93431
1.92453
1.90814
1.88671
1.86732
1.85717
1.85619
1.85899
1.86249
1.86804
1.87837
1.89453
1.91515
1.93784
1.96142
1.98564
2.00752
2.02076
2.02068
2.00673
1.98006
1.94139
1.89171
1.83377
1.77176
1.71009
1.65356
1.60867
1.58332
1.58291
1.60458
1.63622
1.66433
1.68289
1.69482
1.70765
1.72808
1.7582
1.7944
1.82887
1.85302
1.8615
1.85564
1.84427
1.83909
1.84672
1.86604
1.89308
1.92503
1.95796
1.98372
1.99182
1.97432
1.93018
1.8672
1.79996
1.74372
1.70735
1.69003
1.6855
1.68895
1.69925
1.71647
1.73886
1.76193
1.78057
1.79359
1.80472
1.81726
1.82977
1.83867
1.8428
1.84511
1.85191
1.86879
1.89406
1.91914
1.93733
1.94742
1.94979
1.9435
1.92761
1.90416
1.87921
1.85997
1.85057
1.85074
1.85809
1.8707
1.88707
1.90495
1.92154
1.93525
1.94637
1.95589
1.96399
1.96945
1.97026
1.9647
1.95304
1.93959
1.9328
1.9398
1.9582
1.97658
1.98364
1.97509
1.95448
1.93015
1.91033
1.89956
1.89797
1.90235
1.90919
1.91874
1.93441
1.95635
1.9784
1.99295
1.99562
1.9861
1.96797
1.94731
1.9295
1.91647
1.90723
1.90047
1.89639
1.89621
1.90073
1.90891
1.91693
1.91915
1.91161
1.89578
1.87953
1.87369
1.88538
1.91315
1.94877
1.98293
2.00938
2.02618
2.03502
2.03884
2.03935
2.0356
2.02457
2.00395
1.97538
1.94497
1.92121
1.91183
1.91939
1.93739
1.95291
1.95537
1.94348
1.92548
1.91226
1.90774
1.90647
1.9003
1.88465
1.86031
1.83269
1.80999
1.79958
1.80384
1.81857
1.83531
1.84669
1.85031
1.9
1.89566
1.89213
1.89384
1.90329
1.91775
1.92989
1.93122
1.91541
1.88067
1.83133
1.77797
1.73501
1.71549
1.72398
1.75386
1.79281
1.83055
1.86252
1.88899
1.91278
1.93658
1.96074
1.98356
2.00385
2.02208
2.03917
2.0555
2.07058
2.08238
2.08745
2.08233
2.06528
2.03684
1.99971
1.95857
1.92054
1.89519
1.89149
1.91134
1.9462
1.98265
2.00989
2.02222
2.01815
1.99974
1.97226
1.94204
1.91291
1.88538
1.86093
1.84499
1.84422
1.86127
1.89177
1.92616
1.95415
1.96844
1.96602
1.94789
1.91804
1.88258
1.84893
1.82445
1.815
1.82299
1.84474
1.8705
1.88901
1.89205
1.87596
1.84224
1.79832
1.75667
1.72957
1.72205
1.73064
1.74946
1.77563
1.80845
1.84577
1.88332
1.91626
1.94034
1.95294
1.95518
1.95239
1.95019
1.95002
1.9486
1.94149
1.92749
1.91056
1.89861
1.89798
1.90651
1.91428
1.91271
1.9013
1.88609
1.87299
1.86351
1.85647
1.85182
1.85015
1.84852
1.8409
1.8249
1.80561
1.79135
1.78686
1.79176
1.80314
1.81677
1.82746
1.83113
1.82757
1.82061
1.81583
1.81773
1.82779
1.84347
1.85863
1.86599
1.86023
1.84154
1.81952
1.81068
1.82433
1.85614
1.89988
1.95163
2.00314
2.04249
2.06209
2.06236
2.0489
2.02781
2.00305
1.97615
1.94724
1.91611
1.88297
1.84853
1.81432
1.78455
1.76738
1.76993
1.78922
1.81373
1.83538
1.85444
1.87542
1.90253
1.93682
1.97536
2.01287
2.044
2.06411
2.06946
2.05823
2.03152
1.99351
1.9507
1.91058
1.88012
1.86392
1.86243
1.87168
1.88644
1.90475
1.92842
1.9584
1.9912
2.02083
2.04293
2.05716
2.0662
2.07259
2.07664
2.07676
2.07115
2.05882
2.03976
2.0153
1.98844
1.96452
1.95118
1.95614
1.98145
2.01975
2.05887
2.08997
2.11044
2.12211
2.12832
2.13178
2.13407
2.13596
2.13788
1.9
1.90182
1.90146
1.89297
1.87289
1.84253
1.80775
1.77693
1.75811
1.75616
1.77137
1.79994
1.83607
1.87402
1.90943
1.93928
1.96082
1.97122
1.96863
1.95416
1.93246
1.90916
1.88761
1.86908
1.85534
1.84865
1.84965
1.85593
1.86244
1.86329
1.85454
1.83649
1.81393
1.79317
1.77867
1.77297
1.77778
1.79307
1.81593
1.84171
1.86568
1.88388
1.89374
1.89445
1.88681
1.87255
1.85327
1.82978
1.80197
1.76948
1.73262
1.69313
1.6551
1.62564
1.61313
1.62219
1.64962
1.68591
1.72059
1.74691
1.76415
1.77727
1.79274
1.81316
1.8359
1.85692
1.87417
1.88752
1.8972
1.90269
1.9029
1.89733
1.8871
1.87474
1.86248
1.85034
1.83629
1.81837
1.79666
1.77336
1.75156
1.73354
1.72001
1.71056
1.70532
1.70613
1.71599
1.73687
1.76767
1.80402
1.83996
1.87016
1.89122
1.90186
1.90293
1.89708
1.8876
1.87733
1.86898
1.86588
1.86989
1.87844
1.88624
1.88938
1.88675
1.87812
1.86343
1.84392
1.82326
1.80734
1.80223
1.81098
1.83089
1.85392
1.87057
1.87483
1.86718
1.85417
1.84443
1.84336
1.85097
1.86342
1.87518
1.88073
1.87631
1.86128
1.83846
1.81274
1.78874
1.76928
1.75527
1.74679
1.744
1.74739
1.75731
1.77293
1.79147
1.80884
1.82165
1.82878
1.83108
1.83007
1.82751
1.8251
1.82364
1.82216
1.81843
1.81051
1.79826
1.784
1.77156
1.76443
1.76398
1.76918
1.77789
1.7881
1.79861
1.8089
1.81879
1.82812
1.83624
1.84172
1.84251
1.8365
1.8226
1.80148
1.77574
1.74862
1.72236
1.69803
1.67656
1.65916
1.64696
1.64063
1.64027
1.6457
1.65697
1.67432
1.69741
1.72429
1.75118
1.77338
1.78677
1.78882
1.77899
1.75851
1.73021
1.6984
1.66903
1.64916
1.64522
1.66016
1.69164
1.7333
1.77766
1.81869
1.85257
1.87747
1.89303
1.89959
1.9
1.8888
1.86861
1.84033
1.80589
1.76871
1.73328
1.70386
1.68258
1.66881
1.66065
1.65777
1.66243
1.67782
1.70537
1.74344
1.78753
1.83166
1.8703
1.89996
1.91946
1.92891
1.92815
1.91607
1.89169
1.8564
1.81568
1.77959
1.75994
1.76306
1.78419
1.8109
1.83209
1.84358
1.84718
1.84683
1.8449
1.84076
1.83219
1.8181
1.80005
1.78041
1.7604
1.74305
1.73699
1.75204
1.79079
1.84602
1.90493
1.95481
1.98651
1.99517
1.97982
1.94336
1.89294
1.83958
1.79432
1.76352
1.75014
1.75513
1.77365
1.79466
1.80744
1.80814
1.80209
1.79937
1.80537
1.81792
1.83412
1.85295
1.87078
1.88197
1.88385
1.87938
1.87616
1.88143
1.89567
1.91168
1.91975
1.9126
1.88778
1.84813
1.80053
1.75319
1.71307
1.68445
1.66878
1.66569
1.67354
1.68927
1.70801
1.72411
1.73276
1.73131
1.72002
1.70254
1.68547
1.67632
1.67996
1.69607
1.71956
1.74397
1.76421
1.77683
1.77961
1.77284
1.76068
1.74899
1.7405
1.73293
1.72211
1.70638
1.68805
1.67153
1.66052
1.65675
1.66071
1.67253
1.69148
1.71513
1.73964
1.76156
1.77956
1.79448
1.80748
1.8184
1.82594
1.82911
1.82811
1.82394
1.81733
1.80831
1.79743
1.78829
1.78796
1.80266
1.83223
1.8695
1.90477
1.9302
1.94158
1.93818
1.92168
1.89514
1.86255
1.82877
1.79946
1.78034
1.77502
1.78274
1.79828
1.81457
1.82589
1.82961
1.82574
1.81618
1.80428
1.79462
1.79087
1.79243
1.79501
1.79772
1.80695
1.82808
1.85675
1.88395
1.90315
1.91035
1.90317
1.88222
1.85289
1.82363
1.80071
1.78483
1.77435
1.77008
1.77259
1.77421
1.75996
1.7191
1.65522
1.58941
1.55167
1.55747
1.59429
1.63943
1.67947
1.71131
1.73665
1.75874
1.78043
1.80311
1.82703
1.85125
1.87307
1.88883
1.89658
1.89768
1.89557
1.89319
