1.2
1.21141
1.21339
1.20643
1.19215
1.17228
1.14849
1.12264
1.09658
1.07218
1.05075
1.03243
1.01618
1.00011
0.982308
0.96175
0.938611
0.913981
0.889275
0.865418
0.842646
0.820774
0.799918
0.78105
0.765944
0.7566
0.754439
0.759669
0.771398
0.788294
0.809011
0.832507
0.85821
0.885778
0.914703
0.944255
0.973282
1.00028
1.02376
1.04242
1.05542
1.06223
1.06269
1.0569
1.04517
1.02788
1.00591
0.980541
0.953637
0.927494
0.90472
0.887735
0.878395
0.877354
0.883901
0.896103
0.911249
0.926411
0.93927
0.948723
0.954871
0.958596
0.96104
0.962953
0.964468
0.965236
0.964699
0.96289
0.960794
0.960233
0.963281
0.971424
0.984946
1.00276
1.02294
1.04317
1.06117
1.07517
1.08404
1.08731
1.08502
1.07747
1.06472
1.04651
1.02229
0.991781
0.955766
0.916801
0.879384
0.849004
0.830188
0.824598
0.830757
0.845301
0.864586
0.885475
0.905411
0.922311
0.934541
0.941098
0.9417
0.936883
0.927958
0.916983
0.90652
0.899201
0.897216
0.901641
0.912296
0.927782
0.945827
0.963776
0.979104
0.989926
0.995205
0.994837
0.989613
0.980878
0.970245
0.959303
0.949346
0.941318
0.935742
0.932637
0.93156
0.931873
0.933065
0.935145
0.938755
0.944797
0.953822
0.965446
0.97826
0.990322
0.999684
1.00493
1.0055
1.00181
0.995101
0.987076
0.979335
0.973017
0.968488
0.965372
0.962806
0.95989
0.956139
0.951741
0.947495
0.944518
0.943672
0.945295
0.94896
0.953797
0.958909
0.963594
0.967455
0.970218
0.971379
0.970332
0.966515
0.959565
0.949543
0.936949
0.922779
0.908351
0.895162
0.884647
0.87786
0.875415
0.877412
0.883448
0.89281
0.904723
0.918456
0.933414
0.948992
0.964485
0.979045
0.991657
1.00134
1.00724
1.00884
1.00593
0.998647
0.987297
0.972361
0.954583
0.935163
0.915819
0.898751
0.88626
0.880184
0.881463
0.890104
0.905223
0.925352
0.948564
0.972746
0.995726
1.2
1.21326
1.21714
1.21048
1.1939
1.16877
1.13713
1.10159
1.06487
1.02954
0.997711
0.971148
0.951077
0.938223
0.932857
0.934793
0.943433
0.957597
0.975513
0.994916
1.01355
1.02959
1.04198
1.05061
1.05587
1.05809
1.05719
1.05249
1.04317
1.0288
1.00987
0.988278
0.96716
0.950263
0.941024
0.941687
0.952829
0.97341
1.0013
1.03392
1.06884
1.10396
1.13731
1.16681
1.19006
1.20452
1.20777
1.19806
1.17479
1.13903
1.09353
1.04285
0.992556
0.948365
0.914982
0.895191
0.889528
0.896661
0.913952
0.938009
0.965585
0.993963
1.0211
1.04544
1.06564
1.08033
1.08805
1.08757
1.07831
1.06088
1.0376
1.0126
0.991316
0.979084
0.979726
0.994486
1.0217
1.05732
1.09589
1.13193
1.16083
1.17969
1.18759
1.1853
1.17486
1.15907
1.14099
1.12339
1.1084
1.09696
1.08871
1.08221
1.07552
1.06714
1.05667
1.04499
1.03361
1.02394
1.01665
1.01162
1.00836
1.00635
1.00527
1.00526
1.00699
1.0114
1.01936
1.03102
1.04545
1.06063
1.07383
1.08229
1.08387
1.0774
1.06319
1.04306
1.0202
0.998354
0.980834
0.969514
0.964507
0.96449
0.967483
0.97184
0.976823
0.982711
0.990449
1.00123
1.01584
1.03447
1.05645
1.08027
1.10396
1.12536
1.14256
1.15399
1.15875
1.15656
1.1477
1.13309
1.11415
1.09277
1.0713
1.05229
1.03805
1.0297
1.02677
1.02728
1.02858
1.02834
1.02506
1.01841
1.00933
1.00016
0.994314
0.995302
1.00489
1.02194
1.04288
1.06342
1.08023
1.09163
1.09739
1.09789
1.09342
1.0842
1.07071
1.05412
1.03626
1.01952
1.00665
1.00022
1.00215
1.01302
1.03172
1.0556
1.08115
1.10467
1.12299
1.13393
1.1363
1.13006
1.11608
1.09591
1.07158
1.0453
1.01923
0.99537
0.975376
0.960502
0.951508
0.948603
0.951388
0.95868
0.968722
0.979548
0.989652
0.998308
1.00573
1.01263
1.2
1.20605
1.20857
1.20696
1.20143
1.19255
1.18108
1.1678
1.15355
1.13913
1.12549
1.11393
1.10593
1.10299
1.1062
1.11585
1.13085
1.14881
1.16659
1.18131
1.19102
1.19511
1.19402
1.18865
1.17991
1.16851
1.15492
1.13978
1.12404
1.10898
1.09594
1.08611
1.08025
1.07865
1.08124
1.08768
1.09774
1.11123
1.12767
1.14597
1.1643
1.18037
1.19164
1.19587
1.19134
1.17757
1.15611
1.13108
1.10865
1.09516
1.09457
1.10656
1.1272
1.1511
1.1732
1.18986
1.19918
1.20076
1.19525
1.18391
1.1681
1.14911
1.12839
1.10796
1.09072
1.08031
1.07994
1.0909
1.11114
1.13564
1.15816
1.17337
1.17833
1.173
1.15978
1.14265
1.12605
1.11378
1.10815
1.10951
1.11645
1.12652
1.1369
1.14509
1.14934
1.14892
1.14397
1.13547
1.12518
1.11525
1.10783
1.1047
1.1068
1.11408
1.12563
1.13994
1.15523
1.16955
1.18107
1.18836
1.19076
1.18863
1.18328
1.17666
1.17073
1.16709
1.16653
1.16894
1.17352
1.17905
1.18417
1.18768
1.1888
1.18718
1.18294
1.1765
1.16818
1.15821
1.14663
1.1333
1.11822
1.10167
1.08455
1.06834
1.05482
1.04543
1.04093
1.0413
1.046
1.05441
1.06611
1.08072
1.09744
1.11475
1.13045
1.14224
1.14883
1.1502
1.14783
1.14386
1.14047
1.139
1.13954
1.14113
1.14241
1.14224
1.14009
1.13599
1.13033
1.12398
1.1182
1.11428
1.11303
1.11433
1.11737
1.12142
1.12677
1.13492
1.1474
1.16432
1.18399
1.20349
1.22009
1.23222
1.23958
1.24287
1.24307
1.24081
1.23597
1.22789
1.21593
1.20018
1.18197
1.16363
1.14764
1.13572
1.12838
1.12539
1.12654
1.13225
1.14298
1.15821
1.17589
1.19275
1.20538
1.21127
1.20949
1.20085
1.18724
1.17082
1.15341
1.13642
1.12123
1.10917
1.1013
1.09808
1.09898
1.10253
1.1068
1.11031
1.2
1.20084
1.20093
1.20208
1.2052
1.2097
1.21356
1.21404
1.20865
1.19605
1.17657
1.15246
1.12747
1.10581
1.09117
1.08583
1.09052
1.1047
1.12684
1.15413
1.18239
1.2067
1.22249
1.22689
1.2197
1.20379
1.18491
1.17005
1.16475
1.17046
1.1849
1.2043
1.22548
1.24649
1.26607
1.28304
1.29584
1.30284
1.30275
1.29491
1.27984
1.2592
1.23547
1.21141
1.18932
1.1705
1.1554
1.14395
1.13633
1.13307
1.13452
1.14035
1.14911
1.15836
1.16545
1.16842
1.16667
1.16089
1.1525
1.14319
1.13476
1.12911
1.12832
1.13389
1.14581
1.16212
1.17974
1.19564
1.2077
1.21488
1.21711
1.21509
1.21045
1.20578
1.20422
1.20829
1.21871
1.23405
1.25126
1.26692
1.27799
1.28245
1.27949
1.26929
1.25287
1.23158
1.207
1.18092
1.15533
1.13251
1.11485
1.10409
1.10077
1.10411
1.11254
1.12454
1.13892
1.15472
1.17103
1.18714
1.2025
1.21674
1.22937
1.23955
1.24642
1.24919
1.24742
1.2413
1.23162
1.21971
1.20707
1.19507
1.1846
1.17594
1.16891
1.1632
1.15865
1.15538
1.1534
1.15228
1.15117
1.14928
1.14613
1.14188
1.13717
1.13279
1.12953
1.12795
1.12835
1.13093
1.1357
1.1424
1.15046
1.15917
1.16835
1.17899
1.19329
1.21357
1.24115
1.27497
1.31148
1.34549
1.37161
1.38577
1.38593
1.37207
1.34572
1.30955
1.26698
1.2217
1.17744
1.13747
1.10449
1.08073
1.06791
1.06727
1.07899
1.10169
1.13242
1.16682
1.19978
1.22647
1.24319
1.24849
1.24357
1.23182
1.21761
1.20488
1.19606
1.19196
1.19234
1.19641
1.20322
1.21163
1.22036
1.22835
1.23488
1.2397
1.24286
1.2446
1.24501
1.24385
1.24038
1.23331
1.22105
1.20229
1.17692
1.14657
1.11463
1.08576
1.06479
1.05579
1.06084
1.07901
1.10634
1.13722
1.1664
1.19035
1.20738
1.2169
1.2
1.19361
1.17994
1.16005
1.13615
1.11204
1.09257
1.08251
1.08492
1.10007
1.12541
1.15642
1.18816
1.21611
1.23718
1.24989
1.25435
1.25199
1.245
1.23583
1.22669
1.21935
1.21494
1.21376
1.21524
1.21778
1.21909
1.21693
1.21028
1.19972
1.18697
1.17405
1.16294
1.15582
1.15485
1.16156
1.17604
1.19683
1.22118
1.24574
1.26727
1.28299
1.29059
1.28843
1.27575
1.25331
1.22375
1.19109
1.15987
1.13425
1.11755
1.11215
1.11896
1.13683
1.16225
1.18998
1.21436
1.23075
1.23628
1.2301
1.21335
1.18876
1.15994
1.13025
1.1021
1.07712
1.05689
1.04337
1.03831
1.04236
1.05445
1.07189
1.09118
1.10913
1.12406
1.13617
1.14729
1.16009
1.1768
1.19829
1.22365
1.25037
1.27509
1.29463
1.30668
1.31034
1.30605
1.29531
1.28008
1.26238
1.24387
1.22578
1.20922
1.19549
1.18609
1.182
1.18279
1.18626
1.18887
1.18708
1.17858
1.16346
1.14457
1.12711
1.11701
1.11889
1.13435
1.16165
1.19615
1.23182
1.2628
1.28475
1.29553
1.29531
1.28599
1.27042
1.25189
1.23351
1.21781
1.20615
1.19843
1.19295
1.18689
1.17738
1.16265
1.14283
1.12016
1.09813
1.0802
1.06904
1.06571
1.06995
1.08052
1.09595
1.11477
1.13557
1.15666
1.17588
1.19103
1.20043
1.20349
1.20087
1.19441
1.18652
1.17967
1.17573
1.1756
1.17897
1.18467
1.19095
1.19629
1.20009
1.20308
1.20681
1.21234
1.21902
1.22439
1.22568
1.22116
1.21078
1.19588
1.1787
1.16193
1.14818
1.13941
1.13673
1.14026
1.14901
1.16105
1.1738
1.18466
1.19169
1.19428
1.1933
1.19046
1.18759
1.186
1.18573
1.18586
1.18519
1.18358
1.18242
1.18449
1.19261
1.20817
1.22995
1.25405
1.27513
1.28815
1.28967
1.27857
1.25598
1.22487
1.18936
1.15414
1.12348
1.10075
1.08791
1.08561
1.09316
1.2
1.22026
1.24112
1.25828
1.26894
1.27124
1.26463
1.25
1.22964
1.20678
1.18504
1.16767
1.15689
1.15387
1.1591
1.17219
1.19153
1.21418
1.23621
1.25378
1.26431
1.26699
1.26261
1.25288
1.23978
1.22529
1.21126
1.19949
1.19136
1.18769
1.18845
1.1929
1.19983
1.2081
1.21655
1.22436
1.23097
1.23625
1.2402
1.24295
1.24418
1.24343
1.24017
1.2339
1.22428
1.21122
1.19534
1.17822
1.16257
1.15174
1.14855
1.15447
1.16862
1.18822
1.20953
1.22919
1.24513
1.25704
1.26598
1.27358
1.28129
1.28973
1.29869
1.30695
1.31268
1.31368
1.30817
1.29523
1.27535
1.25008
1.22159
1.19226
1.16449
1.14083
1.12371
1.11496
1.11502
1.12264
1.13522
1.14974
1.16359
1.17511
1.18375
1.19003
1.19546
1.20252
1.21415
1.23224
1.25625
1.28284
1.30721
1.32504
1.33355
1.33206
1.32175
1.30535
1.28664
1.26962
1.25766
1.25287
1.25587
1.26576
1.28072
1.29831
1.31629
1.3327
1.34567
1.35311
1.35245
1.3412
1.31769
1.28193
1.23593
1.1831
1.12771
1.07431
1.02755
0.991741
0.970453
0.965843
0.978235
1.00603
1.04583
1.09303
1.14237
1.18867
1.22755
1.25632
1.27454
1.28396
1.28798
1.29023
1.29335
1.29834
1.30462
1.31085
1.31555
1.3175
1.31579
1.30995
1.30015
1.28733
1.27322
1.25986
1.24924
1.2429
1.2416
1.24497
1.25177
1.26001
1.26748
1.27209
1.27221
1.26696
1.25642
1.24191
1.22611
1.21218
1.20257
1.19799
1.19738
1.19902
1.20143
1.20389
1.20639
1.20947
1.21386
1.22027
1.22898
1.23946
1.25016
1.25879
1.26277
1.26018
1.25038
1.23425
1.21401
1.19254
1.17264
1.15639
1.14499
1.1388
1.13754
1.1405
1.14643
1.15392
1.16184
1.16986
1.17842
1.18803
1.19867
1.20967
1.22001
1.22878
1.23535
1.23942
1.2407
1.23888
1.23367
1.2251
1.2
1.18941
1.18179
1.18101
1.18924
1.20638
1.22963
1.25426
1.27523
1.28867
1.29285
1.28822
1.27695
1.26227
1.24768
1.23619
1.22972
1.22874
1.23255
1.23987
1.24916
1.25899
1.26783
1.27372
1.27461
1.26888
1.25583
1.23675
1.21527
1.19727
1.18978
1.19759
1.22032
1.25215
1.28483
1.31117
1.32663
1.32934
1.31983
1.30035
1.27433
1.24564
1.21766
1.19262
1.17174
1.15558
1.14405
1.13676
1.13324
1.13313
1.13647
1.14375
1.15558
1.172
1.1919
1.21291
1.2319
1.24591
1.25317
1.25358
1.24912
1.24316
1.2391
1.23887
1.24192
1.24565
1.24671
1.24257
1.2327
1.21888
1.20465
1.19421
1.19076
1.19551
1.20746
1.22409
1.24243
1.25979
1.27434
1.285
1.29131
1.29314
1.29061
1.28397
1.27377
1.2607
1.24589
1.23081
1.21714
1.20628
1.19894
1.19507
1.19424
1.19607
1.20029
1.20623
1.21244
1.21678
1.21716
1.21277
1.20478
1.19598
1.18957
1.18791
1.19174
1.20015
1.21107
1.22204
1.23098
1.23652
1.2377
1.23364
1.22356
1.20742
1.18641
1.16305
1.14056
1.12224
1.11088
1.10835
1.11527
1.13082
1.15288
1.17815
1.20274
1.22314
1.23717
1.24444
1.24626
1.24498
1.24286
1.24151
1.24162
1.2432
1.2458
1.24885
1.252
1.2552
1.2585
1.26192
1.26532
1.26865
1.27221
1.27642
1.28161
1.28773
1.29442
1.30118
1.3077
1.31343
1.3171
1.31679
1.31077
1.2987
1.2821
1.26382
1.24675
1.23266
1.2217
1.21278
1.20438
1.1955
1.18603
1.17652
1.16802
1.1618
1.15917
1.16089
1.16664
1.17516
1.1847
1.19367
1.20117
1.20705
1.21167
1.21566
1.21943
1.22269
1.2246
1.22409
1.22061
1.2146
1.20683
1.1973
1.18528
1.17052
1.15428
1.13941
1.12946
1.12764
1.13553
1.15266
1.17688
1.20521
1.23462
1.26237
1.28589
1.30295
1.31223
1.31383
