6.9642
6.89896
6.88414
6.92252
7.00756
7.12665
7.26647
7.41253
7.56348
7.70797
7.83706
7.9407
8.03618
8.1309
8.23098
8.34763
8.47006
8.60399
8.73793
8.873
9.00004
9.12645
9.24168
9.3465
9.43277
9.48637
9.50398
9.47694
9.41405
9.31691
9.2036
9.07102
8.92689
8.76672
8.59944
8.42558
8.25702
8.09734
7.9614
7.85372
7.78222
7.74007
7.73951
7.76875
7.83648
7.93903
8.0634
8.2075
8.35572
8.50217
8.6333
8.72188
8.77107
8.77764
8.74353
8.67793
8.59703
8.51728
8.4393
8.38791
8.35331
8.33692
8.32608
8.31674
8.31825
8.32046
8.33354
8.34725
8.36203
8.36776
8.35051
8.30605
8.22953
8.13368
8.01554
7.89983
7.7943
7.71006
7.65207
7.62034
7.62461
7.66404
7.73694
7.84578
7.98745
8.15913
8.35876
8.57401
8.77881
8.9453
9.05146
9.08471
9.05697
8.98232
8.87915
8.76241
8.64928
8.55802
8.48734
8.44241
8.42929
8.44737
8.49104
8.54791
8.60013
8.63803
8.65082
8.63599
8.57935
8.50134
8.41017
8.31336
8.23623
8.17774
8.15073
8.14891
8.17757
8.22681
8.28172
8.34363
8.39968
8.44309
8.4729
8.49219
8.49721
8.49745
8.48975
8.47058
8.44615
8.40739
8.35
8.27724
8.19812
8.12878
8.07401
8.04075
8.03491
8.05458
8.09207
8.13942
8.18599
8.22344
8.25212
8.27614
8.30061
8.32585
8.34878
8.3744
8.39771
8.41162
8.41313
8.40361
8.37972
8.34905
8.31538
8.27938
8.25668
8.23484
8.22754
8.23543
8.25949
8.29655
8.35739
8.42488
8.50187
8.58656
8.66279
8.72189
8.76472
8.7819
8.7824
8.75528
8.70338
8.63791
8.56019
8.47675
8.38851
8.29978
8.21778
8.14827
8.08838
8.05197
8.0427
8.06101
8.10557
8.16821
8.25089
8.35256
8.46215
8.56596
8.65651
8.72166
8.75437
8.75219
8.70431
8.62294
8.51373
8.39053
8.25931
8.13341
8.01485
7.94013
7.92353
7.96273
8.05662
8.20112
8.37492
8.57072
8.77972
8.97899
9.15478
9.30213
9.41471
9.48846
9.51641
9.5048
9.45747
9.3749
9.26911
9.15801
9.04897
8.95769
8.88876
8.84579
8.8205
8.81582
8.82663
8.86359
8.92597
9.01129
9.12537
9.24647
9.3623
9.45133
9.49597
9.48563
9.41924
9.29808
9.1352
8.94491
8.74066
8.54297
8.3506
8.18384
8.05632
7.97845
7.96485
8.02479
8.15743
8.36171
8.61811
8.89751
9.17951
9.42211
9.60927
9.7202
9.75563
9.72352
9.63202
9.50099
9.34395
9.17981
9.02428
8.88501
8.77062
8.69227
8.65318
8.65483
8.70734
8.80699
8.93595
9.06986
9.19092
9.26427
9.26386
9.18991
9.04376
8.85218
8.64024
8.43874
8.27662
8.16286
8.10552
8.10854
8.15693
8.23561
8.32528
8.41988
8.49786
8.56119
8.61425
8.66203
8.70333
8.7595
8.82574
8.89031
8.9564
9.018
9.06125
9.09372
9.11521
9.12446
9.12704
9.11949
9.10246
9.06691
9.01652
8.94389
8.85837
8.77186
8.69673
8.65031
8.64031
8.68102
8.76785
8.87811
9.00762
9.13229
9.23442
9.30489
9.33996
9.34831
9.33787
9.31604
9.28459
9.24889
9.19759
9.12746
9.03716
8.92512
8.80042
8.66637
8.53859
8.42159
8.33343
8.26886
8.24389
8.25629
8.30978
8.39003
8.49893
8.61265
8.72706
8.8336
8.90645
8.95456
8.97183
8.97039
8.96162
8.96463
8.98204
9.01546
9.05565
9.0957
9.11842
9.10169
9.0385
8.94263
8.8317
8.72448
8.63437
8.57493
8.54748
8.54917
8.57815
8.63517
8.71308
8.8076
8.91658
9.01327
9.08511
9.11928
9.11182
9.05586
8.95695
8.8335
8.69463
8.56515
8.47074
8.40869
8.39479
8.42888
8.50371
8.61647
8.75048
8.89282
9.0433
9.17727
9.28953
9.37294
9.41964
9.43338
9.42208
9.37649
9.31866
9.25828
9.19314
9.1418
9.09498
9.04632
8.99632
8.95653
8.94047
8.94978
8.98507
9.03421
9.10222
9.17829
9.25518
9.32861
9.40698
9.46855
9.50993
9.52181
9.50421
9.44957
9.36132
9.26421
9.16748
9.09049
9.03565
9.013
9.01788
9.0521
9.10026
9.16744
9.24544
9.33229
9.43022
9.52016
9.59616
9.65322
9.6885
9.6947
9.6835
9.64597
9.58717
9.51355
9.42263
9.31939
9.21963
9.13222
9.06903
9.04731
9.07243
9.14037
9.25069
9.37462
9.48737
9.55286
9.55115
9.4879
9.37524
9.24327
9.12012
9.0277
8.97139
8.96003
8.99087
9.05411
9.13874
9.24272
9.35157
9.4663
9.56188
9.61594
9.62764
9.5754
9.48164
9.35709
9.24284
9.16848
9.1438
9.17309
9.23828
9.32439
9.41599
9.47811
9.51151
9.50772
9.48132
9.43697
9.38756
9.35713
9.34039
9.34824
9.37895
9.42915
9.4847
9.53496
9.5722
9.58593
9.57348
9.53091
9.46717
9.38105
9.28856
9.20851
9.13658
9.08948
9.06792
9.07647
9.09847
9.12825
9.15132
9.16448
9.16503
9.14994
9.12266
9.08614
9.06164
9.0434
9.04139
9.05127
9.07553
9.10678
9.15521
9.21241
9.28294
9.3585
9.4478
9.54715
9.64845
9.74226
9.815
9.8695
9.89246
9.89018
9.86187
9.81651
9.75177
9.66894
9.57337
9.47839
9.3935
9.3326
9.29075
9.27792
9.28648
9.30013
9.31741
9.32747
9.33102
9.32761
9.33168
9.34433
9.36852
9.40216
9.43883
9.48092
9.51823
9.54144
9.54892
9.54293
9.5161
9.48282
9.43604
9.37464
9.29312
9.18719
9.07088
8.95948
8.86373
8.79076
8.74669
8.73897
8.74651
8.77363
8.81534
8.86981
8.94836
9.04788
9.16408
9.27637
9.36829
9.44002
9.48238
9.49585
9.48663
9.44885
9.37782
9.28255
9.17137
9.06853
8.98924
8.94261
8.93793
8.97059
9.03988
9.1291
9.22478
9.32198
9.41121
9.48456
9.54131
9.57297
9.57908
9.56537
9.55038
9.5408
9.53098
9.5225
9.5291
9.53154
9.52047
9.49902
9.48154
9.47958
9.51389
9.57827
9.68095
9.80572
9.93041
10.0361
10.1084
10.1341
10.1051
10.0223
9.89957
9.75857
9.60867
9.48538
9.4056
9.38431
9.42619
9.51308
9.61048
9.68468
9.71718
9.69315
9.61957
9.51998
9.40944
9.29202
9.18956
9.09602
9.02716
8.99116
8.99212
9.03791
9.12038
9.23471
9.36961
9.49402
9.6159
9.71577
9.7951
9.85449
9.89603
9.90446
9.89008
9.85979
9.81047
9.75915
9.72285
9.70931
9.71656
9.75008
9.79376
9.83976
9.88054
9.90866
9.90883
9.88028
9.81864
9.73322
9.6406
9.55935
9.48989
9.45296
9.43953
9.45098
9.47346
9.49458
9.50026
9.47213
9.41378
9.32854
9.23582
9.15056
9.08432
9.05846
9.06479
9.12146
9.21814
9.3336
9.47038
9.62126
9.76849
9.90416
10.0144
10.0892
10.1225
10.1255
10.0897
10.0288
9.95303
9.8657
9.768
9.66483
9.56445
9.47374
9.39169
9.32199
9.27145
9.24375
9.24249
9.27152
9.32503
9.38885
9.45982
9.52551
9.58506
9.62941
9.67292
9.71236
9.74658
9.76497
9.77819
9.78779
9.79322
9.80538
9.81658
9.83304
9.85704
9.88333
9.90377
9.91532
9.913
9.90304
9.87832
9.84856
9.80321
9.75711
9.70352
9.6345
9.53953
9.41606
9.2532
9.06384
8.86018
8.66909
8.5274
8.44912
8.45321
8.53312
8.68067
8.88363
9.11724
9.37112
9.62345
9.85581
10.0415
10.1764
10.2528
10.2556
10.196
10.0755
9.90654
9.71814
9.53603
9.38984
9.29022
9.25328
9.26675
9.3168
9.38855
9.45554
9.51042
9.53887
9.54262
9.53201
9.50303
9.46532
9.42975
9.38941
9.35896
9.33053
9.3152
9.30518
9.29557
9.29815
9.31384
9.35044
9.41404
9.50947
9.64382
9.79347
9.95185
10.0964
10.2008
10.2466
10.2183
10.1223
9.97806
9.81288
9.6541
9.52849
9.4362
9.38848
9.38544
9.42566
9.50599
9.62476
9.76348
9.90065
10.0151
10.0785
10.0736
9.99066
9.85362
9.68629
9.51357
9.35674
9.23308
9.14796
9.11035
9.10684
9.1352
9.17752
9.21955
9.25276
9.27269
9.27536
9.27201
9.26543
9.26323
9.28288
9.32326
9.37887
9.44936
9.51724
9.57493
9.61341
9.61818
9.58385
9.50027
9.39152
9.25572
9.12246
9.00773
8.92188
8.88949
8.90251
8.97309
9.09891
9.25739
9.43889
9.6106
9.74647
9.84122
9.86737
9.83494
9.74222
9.60967
9.45841
9.32522
9.23373
9.19587
9.22009
9.31149
9.44035
9.60049
9.76801
9.9316
10.0812
10.2047
10.2868
10.3249
10.3178
10.262
10.1739
10.0777
9.98093
9.89686
9.82415
9.75263
9.67511
9.57299
9.44723
9.30364
9.15685
9.01733
8.90335
8.83078
8.8007
8.81282
8.85691
8.94041
9.03207
9.12846
9.23017
9.31512
9.3886
9.44267
9.47113
9.47722
9.46126
9.45453
9.46378
9.51258
9.58891
9.69037
9.78172
9.82844
9.81549
9.73524
9.59399
9.41069
9.22437
9.05368
8.94145
8.88173
8.87647
8.91896
9.00484
9.11046
9.21157
9.29838
9.36709
9.41192
9.44504
9.48425
9.549
9.63049
9.73701
9.86771
9.98627
10.0829
10.1437
10.1646
10.1393
10.0872
10.0019
9.89728
9.78355
9.67169
9.56687
9.48217
9.43059
9.41102
9.41635
9.44846
9.49111
9.52784
9.54304
9.54099
9.51732
9.48246
9.44202
9.41065
9.38849
9.37361
9.35643
9.32808
9.30177
9.27927
9.28505
9.31923
9.38295
9.47091
9.57311
9.666
9.74553
9.79903
9.81497
9.79001
9.74349
9.67436
9.6041
9.5403
9.49257
9.46791
9.47169
9.47497
9.481
9.48384
9.47916
9.47186
9.46862
9.46009
9.45063
9.42501
9.37711
9.28842
9.17323
9.04975
8.94251
8.87863
8.87613
8.9427
9.07068
9.24274
9.44018
9.6374
9.81139
9.93837
10.0096
10.0321
9.996
9.90915
9.80138
9.6917
9.60111
9.54302
9.53084
9.56614
9.63939
9.74149
9.85671
9.96805
10.057
10.1095
10.1213
10.0962
10.0236
9.92169
9.80151
9.68746
9.59972
9.54503
9.53717
9.56314
9.62154
9.69919
9.78479
9.86964
9.94356
9.99275
10.0195
10.0182
9.99947
9.9606
9.91379
9.86397
9.81678
9.77423
9.73281
9.70565
9.67733
9.66426
9.66257
9.67296
9.70157
9.74662
9.81459
9.89847
9.99027
10.0688
10.1218
10.1389
10.1088
10.0327
9.92948
9.81883
9.7166
9.62772
9.56037
9.51014
9.46685
9.42698
9.38449
9.33721
9.29275
9.26438
9.26138
9.28759
9.35967
9.47057
9.60598
9.75735
9.912
10.064
10.1936
10.2905
10.3421
10.3489
10.3175
10.2604
10.1838
10.1144
10.051
9.99951
9.96244
9.93353
9.89035
9.82207
9.72104
9.59335
9.45181
9.32364
9.23342
9.1849
9.19391
9.24449
9.32929
9.42419
9.51141
9.57499
9.60048
9.58138
9.52537
9.43723
9.33489
9.22975
9.137
9.06152
9.01286
9.02008
9.08317
9.21414
9.41095
9.67048
9.96534
10.2732
10.5718
10.8312
11.0345
11.1524
11.1808
11.1139
10.9635
10.7488
10.4886
10.2132
9.95923
9.74208
9.5773
9.47636
9.41578
9.39044
9.3785
9.36908
9.34747
9.31528
9.28696
9.26812
9.25658
9.26849
9.29807
9.34887
9.41188
9.48572
9.55445
9.60516
9.64284
9.65397
9.63815
9.61101
9.57489
9.53635
9.51471
9.51906
9.55115
9.61029
9.69549
9.78218
9.85246
9.90978
9.94175
9.94957
9.93329
9.92305
9.90809
9.88819
9.86757
9.83872
9.80004
9.75068
9.69238
9.64097
9.59563
9.57907
9.59517
9.64959
9.73801
9.84875
9.96252
10.0731
10.1587
10.2178
10.2476
10.2515
10.2315
10.1925
10.1463
10.0996
10.049
9.99223
9.93632
9.87319
9.81067
9.74909
9.6969
9.65959
9.63346
9.62578
9.64098
9.67877
9.72978
9.8008
9.8674
9.91367
9.91735
9.87579
9.78696
9.66332
9.5307
9.41755
9.34146
9.31138
9.33275
9.38841
9.46261
9.53428
9.59823
9.63451
9.63606
9.61942
9.58382
9.53828
9.49256
9.45285
9.42491
9.42977
9.46012
9.52791
9.62746
9.73889
9.822
9.8552
9.81388
9.69579
9.52103
9.35454
9.21212
9.12632
9.10197
9.14247
9.23754
9.36826
9.51627
9.66343
9.79841
9.90865
9.99168
10.0564
10.0957
10.1137
10.1225
10.1005
10.0608
9.99156
9.90081
9.7941
9.68177
9.5793
9.50263
9.45762
9.45103
9.46957
9.49234
9.51795
9.5242
9.51081
9.49558
9.49995
9.52977
9.59285
9.67692
9.75731
9.80975
9.83317
9.81332
9.75089
9.66431
9.57062
9.48269
9.40323
9.34854
9.31535
9.31095
9.32902
9.36997
9.43767
9.51273
9.60343
9.69155
9.76595
9.82618
9.86769
9.89335
9.89556
9.88307
9.86084
9.828
9.78818
9.75527
9.74944
9.76798
9.80179
9.83944
9.86596
9.86512
9.83745
9.78297
9.71409
9.64621
9.59662
9.5637
9.55337
9.57405
9.62935
9.71748
9.82995
9.96153
10.0925
10.1986
10.2705
10.2959
10.2655
10.1867
10.076
9.94215
9.8156
9.71252
9.63189
9.58477
9.57149
9.56615
9.57327
9.57098
9.56591
9.55965
9.54674
9.53477
9.51897
9.50279
9.48895
9.47326
9.45915
9.44878
9.43169
9.40809
9.37468
9.33661
9.29181
9.24756
9.2039
9.15934
9.12925
9.12138
9.15042
9.21196
9.29916
9.39842
9.49267
9.57656
9.64144
9.70614
9.75903
9.81928
9.88141
9.94359
9.99877
10.0422
10.0587
10.0555
10.0279
9.9838
9.93517
9.8883
9.84116
9.79729
9.77014
9.73801
9.70712
9.68883
9.67219
9.6684
9.68242
9.70687
9.75322
9.80229
9.86611
9.94081
10.0341
10.114
10.1669
10.1798
10.1386
10.044
9.916
9.76494
9.60628
9.45369
9.3297
9.23845
9.18926
9.17625
