-5.94061
-5.9412
-5.94443
-5.94638
-5.94573
-5.94378
-5.94216
-5.94281
-5.94151
-5.93892
-5.93601
-5.93698
-5.93633
-5.93504
-5.93472
-5.93278
-5.93407
-5.93374
-5.93407
-5.93245
-5.93245
-5.93083
-5.9318
-5.93245
-5.93212
-5.93244
-5.93147
-5.93245
-5.9331
-5.93569
-5.93504
-5.93504
-5.93374
-5.93439
-5.93439
-5.93569
-5.93601
-5.93763
-5.93763
-5.93731
-5.93537
-5.93634
-5.93504
-5.93666
-5.93634
-5.9344
-5.93439
-5.93375
-5.93472
-5.93407
-5.93148
-5.93342
-5.93407
-5.93342
-5.93245
-5.9318
-5.93083
-5.92921
-5.93245
-5.93213
-5.93277
-5.9318
-5.93245
-5.93471
-5.93374
-5.93472
-5.93375
-5.93504
-5.93569
-5.93569
-5.93633
-5.93601
-5.93633
-5.93407
-5.93536
-5.93471
-5.93439
-5.93407
-5.93471
-5.93795
-5.93957
-5.93957
-5.9386
-5.93601
-5.93407
-5.93406
-5.93439
-5.93406
-5.93406
-5.93406
-5.93341
-5.93373
-5.93276
-5.93179
-5.93115
-5.9318
-5.93245
-5.93018
-5.92986
-5.9318
-5.93407
-5.93569
-5.93601
-5.93568
-5.93665
-5.93698
-5.93633
-5.93309
-5.93406
-5.93309
-5.9318
-5.9331
-5.93148
-5.93213
-5.9318
-5.93375
-5.93375
-5.9331
-5.93472
-5.93407
-5.93374
-5.93439
-5.93504
-5.93407
-5.93407
-5.93213
-5.93083
-5.9318
-5.93083
-5.93018
-5.93083
-5.93245
-5.93439
-5.93407
-5.93407
-5.93472
-5.93472
-5.93407
-5.93342
-5.93245
-5.93212
-5.93342
-5.93504
-5.93568
-5.93471
-5.93374
-5.93504
-5.93568
-5.93601
-5.93665
-5.93698
-5.93568
-5.93536
-5.93471
-5.93439
-5.93601
-5.93374
-5.93439
-5.93309
-5.93115
-5.92953
-5.9305
-5.92889
-5.93115
-5.93342
-5.93309
-5.93374
-5.93568
-5.93568
-5.93633
-5.93309
-5.9318
-5.93277
-5.93277
-5.93309
-5.93245
-5.93212
-5.93212
-5.93147
-5.93018
-5.93212
-5.93309
-5.93277
-5.93147
-5.92953
-5.92986
-5.93018
-5.92888
-5.92791
-5.92921
-5.93082
-5.93276
-5.93373
-5.93244
-5.93373
-5.93406
-5.93438
-5.93309
-5.93277
-5.93277
-5.75027
-5.74963
-5.74769
-5.74704
-5.74672
-5.7451
-5.74672
-5.74834
-5.74704
-5.74671
-5.74801
-5.74865
-5.74833
-5.74704
-5.74736
-5.74704
-5.74607
-5.74736
-5.74995
-5.75125
-5.75352
-5.75417
-5.75384
-5.75157
-5.7506
-5.74898
-5.74931
-5.74801
-5.74704
-5.74802
-5.7464
-5.74704
-5.74769
-5.74898
-5.7506
-5.75189
-5.75189
-5.75254
-5.75319
-5.75384
-5.75481
-5.75255
-5.7532
-5.7532
-5.75255
-5.75288
-5.7532
-5.7532
-5.75418
-5.75353
-5.75288
-5.75417
-5.75287
-5.75416
-5.75384
-5.75448
-5.75416
-5.75222
-5.75125
-5.75028
-5.75125
-5.75255
-5.75255
-5.75222
-5.75158
-5.74931
-5.74769
-5.74899
-5.74963
-5.74931
-5.74995
-5.75222
-5.75092
-5.74897
-5.74897
-5.74768
-5.74833
-5.74833
-5.7493
-5.7506
-5.75028
-5.75158
-5.75352
-5.75287
-5.7519
-5.75092
-5.75157
-5.74995
-5.75092
-5.75124
-5.74962
-5.74704
-5.74833
-5.74704
-5.74606
-5.74865
-5.74962
-5.74833
-5.7493
-5.74897
-5.74833
-5.74897
-5.74897
-5.74962
-5.7493
-5.75027
-5.74929
-5.74994
-5.75059
-5.75092
-5.75189
-5.75222
-5.75351
-5.75189
-5.74865
-5.74962
-5.74897
-5.74864
-5.74864
-5.74832
-5.74865
-5.74832
-5.748
-5.748
-5.7493
-5.74897
-5.75027
-5.75221
-5.75383
-5.75577
-5.75577
-5.7561
-5.75448
-5.75415
-5.75156
-5.75286
-5.75286
-5.75318
-5.75124
-5.75124
-5.74864
-5.74962
-5.75026
-5.74832
-5.75026
-5.74929
-5.74929
-5.74929
-5.75027
-5.74898
-5.74768
-5.74639
-5.74703
-5.74735
-5.74735
-5.74929
-5.75253
-5.7535
-5.75253
-5.75124
-5.75157
-5.75157
-5.75157
-5.75221
-5.75351
-5.75415
-5.75577
-5.75707
-5.75415
-5.75318
-5.75318
-5.75383
-5.75253
-5.75123
-5.75026
-5.74768
-5.748
-5.74897
-5.74671
-5.74801
-5.74865
-5.74897
-5.75027
-5.74994
-5.75059
-5.75253
-5.75026
-5.74994
-5.74961
-5.74929
-5.75058
-5.75123
-5.74864
-5.74994
-5.74929
-5.74703
-5.748
-5.74573
-5.74444
-5.74573
-5.56644
-5.56689
-5.56722
-5.56722
-5.56592
-5.56722
-5.56657
-5.56657
-5.56819
-5.5711
-5.56884
-5.56819
-5.56722
-5.56689
-5.56495
-5.56463
-5.56722
-5.56722
-5.56787
-5.56722
-5.56884
-5.56981
-5.57143
-5.57078
-5.57272
-5.57305
-5.57402
-5.57467
-5.57143
-5.56981
-5.56916
-5.56884
-5.56819
-5.56981
-5.56851
-5.56916
-5.57013
-5.56916
-5.56884
-5.56981
-5.56949
-5.56949
-5.57046
-5.56981
-5.56884
-5.57014
-5.56981
-5.5711
-5.57077
-5.57045
-5.57012
-5.56786
-5.56722
-5.56722
-5.56722
-5.56625
-5.5669
-5.56657
-5.56528
-5.56463
-5.56625
-5.56754
-5.5711
-5.5711
-5.57175
-5.57466
-5.57271
-5.57304
-5.57013
-5.57078
-5.57078
-5.56917
-5.56852
-5.56722
-5.56819
-5.56916
-5.56689
-5.56851
-5.56818
-5.56883
-5.56689
-5.56592
-5.56657
-5.56366
-5.56366
-5.56333
-5.56301
-5.56171
-5.56171
-5.56268
-5.56301
-5.56333
-5.56268
-5.56301
-5.56236
-5.56495
-5.56787
-5.56722
-5.56949
-5.57046
-5.57143
-5.56949
-5.56916
-5.56851
-5.56948
-5.56981
-5.56884
-5.56819
-5.56819
-5.57046
-5.56852
-5.56787
-5.56593
-5.5656
-5.5656
-5.56852
-5.56884
-5.56981
-5.56917
-5.57078
-5.57046
-5.56884
-5.56722
-5.56625
-5.56787
-5.56722
-5.56851
-5.56884
-5.56981
-5.56884
-5.56819
-5.56851
-5.56949
-5.56884
-5.56755
-5.56463
-5.56561
-5.56593
-5.56593
-5.56819
-5.56851
-5.56884
-5.56851
-5.56981
-5.56917
-5.56852
-5.56755
-5.5669
-5.56819
-5.56787
-5.56722
-5.56722
-5.56657
-5.56431
-5.5656
-5.5656
-5.56722
-5.56819
-5.56819
-5.56949
-5.57014
-5.57014
-5.57111
-5.5737
-5.57597
-5.57306
-5.57241
-5.57046
-5.56949
-5.57144
-5.57208
-5.57208
-5.56981
-5.56884
-5.57046
-5.57014
-5.57046
-5.57143
-5.57046
-5.56949
-5.57014
-5.57014
-5.57111
-5.57015
-5.56885
-5.5695
-5.57047
-5.57241
-5.57144
-5.57014
-5.57014
-5.56981
-5.56981
-5.57013
-5.56819
-5.56657
-5.56657
-5.56884
-5.56917
-5.56788
-5.48105
-5.48378
-5.48151
-5.47892
-5.47828
-5.47957
-5.48087
-5.48314
-5.48249
-5.48476
-5.48508
-5.4854
-5.48702
-5.48864
-5.48831
-5.48669
-5.48604
-5.48734
-5.48832
-5.48605
-5.48638
-5.48476
-5.48411
-5.48411
-5.48282
-5.48152
-5.48249
-5.48475
-5.48377
-5.48248
-5.48248
-5.48151
-5.48022
-5.48184
-5.4799
-5.48054
-5.48054
-5.48022
-5.48087
-5.48022
-5.48054
-5.47989
-5.4773
-5.48022
-5.47924
-5.47989
-5.48021
-5.47989
-5.47762
-5.47956
-5.48054
-5.47859
-5.47892
-5.47957
-5.47892
-5.47795
-5.47892
-5.47763
-5.47795
-5.47924
-5.48053
-5.48053
-5.4815
-5.48053
-5.47988
-5.47989
-5.48021
-5.47957
-5.4828
-5.4828
-5.48377
-5.48313
-5.48312
-5.48312
-5.48215
-5.48279
-5.48182
-5.48118
-5.47924
-5.47762
-5.47859
-5.47762
-5.48086
-5.47988
-5.47729
-5.47956
-5.4815
-5.48182
-5.48344
-5.48409
-5.48408
-5.48344
-5.48311
-5.47923
-5.47891
-5.47923
-5.47826
-5.47696
-5.47729
-5.47923
-5.48085
-5.48053
-5.48053
-5.4815
-5.4828
-5.48474
-5.48668
-5.48635
-5.48441
-5.48409
-5.48311
-5.48376
-5.48408
-5.48732
-5.487
-5.48505
-5.48214
-5.48279
-5.48214
-5.48052
-5.4802
-5.47825
-5.47955
-5.48117
-5.48084
-5.47922
-5.47825
-5.47793
-5.47955
-5.47955
-5.48084
-5.47922
-5.48052
-5.47923
-5.47858
-5.47987
-5.48311
-5.4844
-5.48634
-5.48602
-5.48667
-5.48862
-5.48797
-5.48829
-5.48603
-5.48441
-5.48343
-5.48214
-5.48343
-5.48278
-5.48083
-5.4776
-5.47824
-5.47889
-5.47856
-5.48115
-5.48116
-5.48116
-5.48278
-5.48343
-5.48376
-5.48214
-5.48279
-5.48214
-5.48343
-5.48537
-5.48472
-5.4844
-5.48181
-5.48116
-5.48181
-5.48051
-5.48116
-5.48181
-5.48019
-5.48181
-5.48149
-5.48343
-5.48246
-5.48181
-5.48376
-5.48375
-5.48343
-5.48246
-5.48181
-5.48214
-5.48019
-5.48278
-5.48472
-5.48537
-5.48536
-5.48374
-5.48277
-5.48181
-5.48116
-5.48149
-5.48279
-5.48149
-5.48214
-5.48149
-5.49968
-5.50022
-5.50087
-5.49958
-5.49892
-5.49924
-5.49827
-5.4973
-5.49665
-5.49989
-5.50183
-5.50216
-5.50151
-5.50119
-5.50119
-5.50314
-5.50314
-5.50443
-5.50313
-5.50184
-5.50184
-5.50281
-5.5041
-5.50669
-5.5067
-5.50637
-5.50735
-5.50637
-5.50605
-5.50735
-5.50637
-5.50637
-5.50604
-5.50442
-5.50313
-5.50118
-5.50313
-5.50151
-5.50378
-5.50443
-5.50411
-5.50508
-5.50184
-5.50217
-5.50217
-5.50087
-5.50216
-5.50054
-5.49989
-5.50183
-5.50053
-5.5028
-5.50183
-5.50118
-5.49989
-5.50087
-5.50087
-5.50055
-5.50184
-5.50346
-5.50087
-5.50152
-5.4999
-5.49892
-5.49763
-5.49601
-5.49504
-5.49665
-5.49762
-5.49665
-5.49763
-5.49925
-5.4986
-5.49958
-5.50022
-5.50087
-5.50216
-5.50151
-5.50248
-5.50281
-5.50216
-5.4999
-5.49925
-5.49958
-5.49925
-5.50022
-5.50184
-5.5054
-5.50281
-5.50346
-5.50476
-5.50314
-5.50573
-5.50669
-5.50605
-5.50443
-5.50152
-5.50249
-5.5012
-5.50282
-5.50185
-5.50346
-5.50184
-5.50087
-5.50248
-5.5028
-5.50151
-5.49989
-5.50022
-5.49893
-5.50152
-5.49893
-5.49926
-5.50152
-5.50443
-5.50314
-5.50054
-5.50022
-5.50054
-5.49989
-5.50119
-5.50281
-5.50314
-5.4999
-5.5012
-5.50281
-5.4999
-5.50087
-5.50184
-5.50281
-5.50281
-5.50507
-5.50346
-5.50443
-5.5054
-5.5054
-5.50379
-5.50346
-5.50379
-5.50282
-5.50249
-5.50443
-5.50346
-5.50119
-5.49925
-5.50022
-5.49989
-5.50087
-5.50119
-5.50249
-5.50184
-5.50087
-5.49925
-5.49828
-5.4999
-5.49957
-5.50184
-5.50152
-5.50217
-5.50314
-5.50346
-5.50216
-5.50345
-5.50281
-5.50119
-5.50119
-5.5041
-5.50346
-5.50443
-5.50346
-5.50346
-5.50475
-5.50573
-5.50216
-5.50346
-5.50378
-5.50281
-5.50216
-5.50152
-5.50022
-5.50281
-5.5041
-5.50507
-5.50248
-5.50216
-5.50087
-5.49957
-5.49958
-5.50023
-5.5012
-5.50152
-5.50184
-5.50281
-5.50281
-5.50216
-5.50086
-5.50151
-5.50312
-5.50086
-5.50086
-5.4099
-5.40903
-5.40871
-5.40839
-5.40871
-5.40807
-5.4071
-5.40807
-5.40969
-5.41131
-5.41195
-5.41227
-5.41324
-5.41389
-5.4113
-5.41162
-5.41066
-5.41066
-5.41001
-5.40872
-5.41001
-5.40969
-5.41195
-5.41325
-5.41454
-5.41584
-5.41616
-5.41551
-5.41648
-5.41583
-5.41616
-5.41422
-5.41422
-5.41357
-5.41292
-5.41195
-5.4113
-5.41325
-5.41195
-5.41455
-5.41422
-5.4139
-5.41455
-5.41455
-5.41552
-5.41454
-5.41325
-5.4113
-5.41195
-5.41292
-5.41227
-5.41194
-5.41324
-5.41389
-5.41357
-5.41293
-5.41455
-5.41552
-5.41551
-5.41551
-5.41389
-5.41195
-5.4113
-5.41131
-5.41034
-5.40937
-5.41099
-5.40969
-5.40775
-5.40807
-5.40937
-5.41163
-5.41163
-5.41228
-5.41228
-5.41292
-5.41292
-5.41195
-5.41034
-5.41228
-5.41163
-5.41293
-5.41487
-5.4152
-5.41325
-5.41357
-5.41454
-5.41552
-5.4152
-5.41552
-5.4152
-5.41326
-5.41455
-5.41358
-5.41488
-5.4152
-5.41649
-5.41714
-5.41616
-5.41486
-5.41454
-5.41357
-5.41422
-5.41422
-5.41422
-5.4126
-5.41228
-5.41455
-5.41261
-5.41261
-5.41294
-5.41423
-5.41293
-5.41293
-5.41358
-5.41325
-5.4139
-5.41227
-5.41292
-5.41227
-5.41228
-5.41163
-5.41001
-5.41034
-5.41196
-5.411
-5.41132
-5.41261
-5.41099
-5.41326
-5.4139
-5.41422
-5.4126
-5.41293
-5.4152
-5.41552
-5.41455
-5.41617
-5.4152
-5.41552
-5.4152
-5.41617
-5.41519
-5.41487
-5.41649
-5.41422
-5.4126
-5.4126
-5.41001
-5.4084
-5.41002
-5.41099
-5.41099
-5.41132
-5.41196
-5.41002
-5.41034
-5.41358
-5.41228
-5.41034
-5.40937
-5.41326
-5.41164
-5.41131
-5.41261
-5.41261
-5.41325
-5.4139
-5.41455
-5.41584
-5.41422
-5.41552
-5.4152
-5.41585
-5.41617
-5.41584
-5.41487
-5.41519
-5.41292
-5.41292
-5.41292
-5.41325
-5.41293
-5.41293
-5.4139
-5.4139
-5.41261
-5.41261
-5.41422
-5.41326
-5.41358
-5.41326
-5.41455
-5.41585
-5.41617
-5.41811
-5.41908
-5.41779
-5.41487
-5.41422
-5.42611
-5.4233
-5.42135
-5.422
-5.42135
-5.4207
-5.42103
-5.42168
-5.42168
-5.42233
-5.42395
-5.4233
-5.4233
-5.42362
-5.42556
-5.42426
-5.42426
-5.4275
-5.42782
-5.42847
-5.4288
-5.42783
-5.42653
-5.42686
-5.42395
-5.42492
-5.42557
-5.42524
-5.42427
-5.42718
-5.42782
-5.42653
-5.42524
-5.42816
-5.4246
-5.42428
-5.42331
-5.42428
-5.42493
-5.42492
-5.42492
-5.42427
-5.4233
-5.42168
-5.422
-5.42394
-5.4233
-5.42395
-5.42492
-5.42136
-5.42298
-5.42265
-5.42459
-5.42524
-5.42492
-5.4246
-5.4246
-5.4246
-5.42622
-5.42654
-5.42719
-5.4301
-5.42816
-5.42719
-5.42849
-5.42978
-5.42881
-5.42849
-5.42622
-5.42331
-5.42266
-5.42557
-5.42492
-5.42427
-5.42557
-5.42622
-5.42557
-5.42428
-5.4259
-5.4259
-5.42719
-5.42687
-5.42752
-5.42817
-5.42557
-5.42655
-5.42428
-5.4233
-5.4246
-5.42492
-5.4246
-5.42233
-5.42266
-5.42266
-5.42104
-5.42007
-5.42169
-5.4246
-5.42428
-5.42363
-5.42395
-5.42395
-5.42298
-5.42298
-5.42201
-5.42233
-5.4233
-5.42395
-5.42169
-5.42104
-5.42201
-5.42298
-5.42395
-5.42557
-5.42848
-5.4288
-5.42751
-5.4275
-5.42621
-5.42459
-5.42524
-5.42653
-5.42589
-5.42718
-5.42556
-5.422
-5.42233
-5.42265
-5.42006
-5.42135
-5.41941
-5.4207
-5.4207
-5.41876
-5.41844
-5.41746
-5.41876
-5.4207
-5.42167
-5.42329
-5.42394
-5.42232
-5.42232
-5.42264
-5.42394
-5.42394
-5.42459
-5.42394
-5.42329
-5.42523
-5.42621
-5.4275
-5.42653
-5.42621
-5.4262
-5.4262
-5.42717
-5.42717
-5.42944
-5.4275
-5.42977
-5.42944
-5.42912
-5.42815
-5.42718
-5.42523
-5.4262
-5.42491
-5.42426
-5.42361
-5.42167
-5.41941
-5.42005
-5.42265
-5.42038
-5.422
-5.42394
-5.42168
-5.42232
-5.4233
-5.42362
-5.42589
-5.42329
-5.42459
-5.42556
-5.42815
-5.42556
-5.42556
-5.42588
-5.42491
-5.42523
-5.4275
-5.4275
-5.4275
-5.42783
-5.42913
-5.42751
-5.42654
-5.42525
-5.42622
