-7.14061
-7.15261
-7.15783
-7.1528
-7.13788
-7.11606
-7.09065
-7.06544
-7.03809
-7.0111
-6.98676
-6.96941
-6.95251
-6.93515
-6.91703
-6.89453
-6.87268
-6.84773
-6.82334
-6.79787
-6.7751
-6.7516
-6.73172
-6.7135
-6.69807
-6.68904
-6.68591
-6.69212
-6.70449
-6.72398
-6.74405
-6.76755
-6.79195
-6.82017
-6.8491
-6.87994
-6.9093
-6.93791
-6.96139
-6.97973
-6.99079
-6.99857
-6.99774
-6.99356
-6.98151
-6.96228
-6.94031
-6.91429
-6.88835
-6.86156
-6.8362
-6.82115
-6.81246
-6.81077
-6.81635
-6.8279
-6.84208
-6.85563
-6.87172
-6.88085
-6.88765
-6.8904
-6.89349
-6.89767
-6.89821
-6.89995
-6.89844
-6.89793
-6.89648
-6.89592
-6.89961
-6.90743
-6.92128
-6.93682
-6.9583
-6.97789
-6.99556
-7.00923
-7.01875
-7.02526
-7.02459
-7.01704
-7.00332
-6.98252
-6.95636
-6.92585
-6.89015
-6.85086
-6.81344
-6.78306
-6.7636
-6.75833
-6.76352
-6.77709
-6.79573
-6.81727
-6.83786
-6.85249
-6.8644
-6.8729
-6.87577
-6.87257
-6.86397
-6.85267
-6.84317
-6.83618
-6.83354
-6.83473
-6.84636
-6.86087
-6.87763
-6.89687
-6.91058
-6.92205
-6.92701
-6.92858
-6.92336
-6.91398
-6.90496
-6.89337
-6.88309
-6.87571
-6.87078
-6.86671
-6.86563
-6.864
-6.8639
-6.86695
-6.86958
-6.87498
-6.88465
-6.89789
-6.91265
-6.92439
-6.93376
-6.93965
-6.94022
-6.93588
-6.92852
-6.91952
-6.91146
-6.90643
-6.90352
-6.90105
-6.89752
-6.89363
-6.89117
-6.88742
-6.8835
-6.88117
-6.88065
-6.88098
-6.88432
-6.88851
-6.8933
-6.8996
-6.9012
-6.90461
-6.90447
-6.90148
-6.89605
-6.89007
-6.87843
-6.8681
-6.8562
-6.84144
-6.8289
-6.82033
-6.81354
-6.81174
-6.8105
-6.81524
-6.82558
-6.83749
-6.85155
-6.86586
-6.88111
-6.89661
-6.91052
-6.92184
-6.93346
-6.94033
-6.9416
-6.93741
-6.92818
-6.91715
-6.90254
-6.88347
-6.86308
-6.84502
-6.82957
-6.81902
-6.81392
-6.8139
-6.82384
-6.83928
-6.85973
-6.88165
-6.90551
-6.92849
-6.95027
-6.96289
-6.96483
-6.95753
-6.94062
-6.91387
-6.88384
-6.84993
-6.81191
-6.77625
-6.74572
-6.7198
-6.69941
-6.68526
-6.68022
-6.68183
-6.6895
-6.70496
-6.72547
-6.74617
-6.76707
-6.78376
-6.79583
-6.80218
-6.80647
-6.80707
-6.8065
-6.80051
-6.79022
-6.77682
-6.75626
-6.73532
-6.71485
-6.69924
-6.69162
-6.69358
-6.70472
-6.72595
-6.75449
-6.78776
-6.82365
-6.85651
-6.89051
-6.92001
-6.94262
-6.9574
-6.96098
-6.95126
-6.92897
-6.89255
-6.84641
-6.79702
-6.74543
-6.70253
-6.66882
-6.64967
-6.64369
-6.64888
-6.6652
-6.68829
-6.71684
-6.74651
-6.77365
-6.79767
-6.81721
-6.82964
-6.83574
-6.83655
-6.82794
-6.81019
-6.78755
-6.76482
-6.74223
-6.72806
-6.7287
-6.74216
-6.77003
-6.80565
-6.8452
-6.88253
-6.91111
-6.93126
-6.94111
-6.93817
-6.92676
-6.91
-6.89256
-6.87334
-6.85931
-6.8482
-6.83834
-6.82924
-6.82385
-6.81418
-6.80274
-6.79364
-6.78324
-6.77227
-6.76594
-6.76059
-6.75668
-6.75532
-6.75425
-6.75489
-6.75629
-6.76166
-6.76866
-6.78097
-6.79604
-6.81154
-6.82572
-6.8345
-6.83738
-6.8293
-6.81184
-6.79268
-6.76918
-6.747
-6.72948
-6.71783
-6.71315
-6.71281
-6.71548
-6.71984
-6.72612
-6.73168
-6.74071
-6.75343
-6.76967
-6.79024
-6.81222
-6.83636
-6.85844
-6.87951
-6.89412
-6.90685
-6.91161
-6.90974
-6.89894
-6.88432
-6.86279
-6.84239
-6.82156
-6.80061
-6.78831
-6.779
-6.77607
-6.77658
-6.77884
-6.77731
-6.77274
-6.76479
-6.75637
-6.74752
-6.74167
-6.74459
-6.75742
-6.77544
-6.79542
-6.81466
-6.8318
-6.84319
-6.84896
-6.85011
-6.84692
-6.83835
-6.82649
-6.81118
-6.79041
-6.7727
-6.75983
-6.75405
-6.75467
-6.76425
-6.78198
-6.80328
-6.82915
-6.85365
-6.8697
-6.88194
-6.88495
-6.87904
-6.86634
-6.84585
-6.82217
-6.79783
-6.76949
-6.74531
-6.72499
-6.70979
-6.70209
-6.69983
-6.70003
-6.70862
-6.71801
-6.72658
-6.73765
-6.74404
-6.75017
-6.75836
-6.76644
-6.77294
-6.77578
-6.77418
-6.76735
-6.75976
-6.74765
-6.73437
-6.72174
-6.71023
-6.69433
-6.68212
-6.67315
-6.66988
-6.67115
-6.68048
-6.69807
-6.71603
-6.73446
-6.74853
-6.75987
-6.76492
-6.76545
-6.75944
-6.75263
-6.74156
-6.72894
-6.71445
-6.69547
-6.67879
-6.6651
-6.65494
-6.64844
-6.64846
-6.64975
-6.65684
-6.66787
-6.68038
-6.6965
-6.71578
-6.73378
-6.74986
-6.7621
-6.76568
-6.76018
-6.7477
-6.72592
-6.70218
-6.67942
-6.66561
-6.66469
-6.67442
-6.69442
-6.71832
-6.74043
-6.75611
-6.76608
-6.76733
-6.76053
-6.74854
-6.73435
-6.71665
-6.69949
-6.67906
-6.66247
-6.65496
-6.65265
-6.66393
-6.68127
-6.70642
-6.72894
-6.74254
-6.74685
-6.74022
-6.72797
-6.71181
-6.69295
-6.68229
-6.67633
-6.67834
-6.68335
-6.69244
-6.70347
-6.70874
-6.713
-6.71225
-6.70698
-6.69719
-6.68689
-6.67793
-6.67083
-6.66803
-6.66948
-6.67708
-6.68799
-6.7049
-6.72309
-6.73677
-6.75055
-6.75882
-6.76219
-6.75812
-6.75245
-6.74518
-6.74022
-6.7369
-6.73537
-6.73713
-6.74171
-6.74951
-6.75268
-6.75555
-6.75473
-6.75278
-6.74854
-6.74502
-6.73702
-6.72802
-6.71579
-6.70409
-6.68868
-6.67051
-6.65177
-6.63459
-6.62269
-6.61265
-6.60944
-6.61014
-6.61581
-6.62324
-6.6343
-6.64923
-6.66693
-6.68359
-6.69799
-6.70688
-6.71444
-6.71613
-6.71375
-6.71205
-6.70899
-6.70784
-6.70805
-6.71095
-6.71158
-6.71076
-6.70763
-6.70289
-6.69853
-6.69185
-6.68541
-6.6815
-6.6796
-6.67864
-6.68297
-6.68702
-6.694
-6.70312
-6.71559
-6.73381
-6.75412
-6.77363
-6.7912
-6.80592
-6.81555
-6.81593
-6.81548
-6.81128
-6.80546
-6.79932
-6.78801
-6.77226
-6.75178
-6.73247
-6.7181
-6.70586
-6.69884
-6.69682
-6.697
-6.70173
-6.71312
-6.72835
-6.747
-6.76289
-6.77423
-6.78077
-6.77996
-6.77326
-6.75868
-6.74096
-6.72354
-6.70624
-6.69104
-6.67931
-6.66949
-6.66466
-6.66556
-6.67137
-6.67597
-6.67819
-6.68105
-6.68462
-6.68244
-6.681
-6.68348
-6.68928
-6.69444
-6.69718
-6.69115
-6.68081
-6.66165
-6.63786
-6.61449
-6.59445
-6.57948
-6.57253
-6.57656
-6.59204
-6.61516
-6.64018
-6.66876
-6.69146
-6.70661
-6.71101
-6.70251
-6.68531
-6.66739
-6.6548
-6.64853
-6.65294
-6.66738
-6.68581
-6.7057
-6.72833
-6.74597
-6.76358
-6.77638
-6.78306
-6.78362
-6.77513
-6.76038
-6.7391
-6.71277
-6.69162
-6.66856
-6.65039
-6.63562
-6.62384
-6.61396
-6.61264
-6.61506
-6.61894
-6.62803
-6.63793
-6.64438
-6.64638
-6.64559
-6.63852
-6.63044
-6.62243
-6.61529
-6.60964
-6.60982
-6.61442
-6.62569
-6.642
-6.65995
-6.6752
-6.6905
-6.69769
-6.70088
-6.69822
-6.69357
-6.6889
-6.68637
-6.69109
-6.70053
-6.71523
-6.7305
-6.74453
-6.75658
-6.76007
-6.76035
-6.74917
-6.73016
-6.71114
-6.6885
-6.66274
-6.63877
-6.61659
-6.59894
-6.58752
-6.58388
-6.58333
-6.59144
-6.60377
-6.61718
-6.63168
-6.64832
-6.66637
-6.68335
-6.69727
-6.70989
-6.72105
-6.72921
-6.73393
-6.7341
-6.72766
-6.71603
-6.7038
-6.69018
-6.67883
-6.66868
-6.66326
-6.65591
-6.64826
-6.64079
-6.63817
-6.63554
-6.6328
-6.63137
-6.62753
-6.62568
-6.62305
-6.61801
-6.61202
-6.60779
-6.60588
-6.6079
-6.61048
-6.61655
-6.62162
-6.63098
-6.63839
-6.64693
-6.65886
-6.67639
-6.69798
-6.72749
-6.76099
-6.79815
-6.8341
-6.85958
-6.87407
-6.87196
-6.85647
-6.82915
-6.79169
-6.7504
-6.70448
-6.65827
-6.61506
-6.58273
-6.55961
-6.54647
-6.54842
-6.56015
-6.58285
-6.6152
-6.65025
-6.68354
-6.70861
-6.72597
-6.73063
-6.727
-6.71719
-6.70234
-6.68928
-6.67786
-6.67311
-6.67415
-6.67692
-6.68438
-6.69344
-6.70055
-6.71016
-6.71637
-6.72313
-6.72532
-6.72641
-6.72877
-6.7276
-6.72381
-6.71577
-6.70287
-6.68443
-6.65712
-6.62935
-6.59935
-6.57112
-6.55015
-6.53953
-6.54361
-6.56082
-6.5875
-6.61871
-6.64919
-6.67184
-6.68951
-6.6984
-6.69968
-6.69384
-6.68082
-6.65962
-6.63507
-6.61128
-6.59084
-6.5798
-6.58156
-6.59996
-6.62724
-6.65858
-6.68968
-6.7173
-6.73837
-6.75303
-6.75749
-6.75642
-6.74813
-6.73767
-6.72853
-6.72216
-6.71904
-6.72045
-6.72193
-6.72415
-6.72643
-6.72331
-6.71633
-6.70706
-6.69334
-6.68042
-6.66899
-6.66024
-6.65797
-6.66274
-6.67917
-6.69834
-6.72496
-6.75017
-6.77137
-6.78807
-6.79243
-6.7906
-6.77792
-6.75418
-6.72591
-6.69164
-6.65976
-6.63608
-6.61808
-6.61495
-6.62079
-6.63801
-6.66214
-6.69084
-6.71523
-6.7313
-6.73812
-6.73357
-6.71422
-6.69028
-6.65984
-6.62918
-6.59973
-6.57313
-6.55193
-6.54003
-6.53593
-6.53901
-6.55208
-6.57114
-6.58978
-6.60871
-6.62428
-6.63704
-6.64945
-6.6616
-6.67928
-6.70109
-6.72581
-6.75027
-6.77434
-6.7942
-6.80593
-6.81057
-6.80789
-6.80071
-6.78289
-6.76584
-6.74863
-6.72891
-6.71495
-6.70219
-6.69214
-6.68642
-6.68431
-6.68875
-6.69006
-6.6899
-6.68043
-6.66692
-6.64641
-6.62798
-6.61949
-6.62169
-6.63586
-6.66155
-6.69637
-6.73075
-6.76433
-6.78368
-6.79479
-6.79683
-6.79042
-6.77356
-6.75243
-6.73373
-6.71835
-6.70605
-6.69961
-6.69576
-6.69002
-6.67728
-6.66385
-6.64564
-6.62006
-6.599
-6.58204
-6.57185
-6.56852
-6.57502
-6.58397
-6.60038
-6.62018
-6.64097
-6.66044
-6.67934
-6.69482
-6.70325
-6.70598
-6.7053
-6.69786
-6.68771
-6.67891
-6.67595
-6.6755
-6.67983
-6.68586
-6.69344
-6.69813
-6.70096
-6.70233
-6.70509
-6.71224
-6.7186
-6.72624
-6.7272
-6.72333
-6.71392
-6.69934
-6.68086
-6.66538
-6.65099
-6.6406
-6.63792
-6.64437
-6.65247
-6.66548
-6.67726
-6.68812
-6.69644
-6.7
-6.69546
-6.69392
-6.69137
-6.6888
-6.68789
-6.68737
-6.68542
-6.68639
-6.68653
-6.68957
-6.69509
-6.71033
-6.73082
-6.75363
-6.77471
-6.78837
-6.79087
-6.78009
-6.75782
-6.72767
-6.69217
-6.6563
-6.62434
-6.60226
-6.59103
-6.58647
-6.59402
-6.6099
-6.62929
-6.64984
-6.66667
-6.67765
-6.67931
-6.67173
-6.65807
-6.63933
-6.61809
-6.59699
-6.57995
-6.57013
-6.56776
-6.5704
-6.58382
-6.60218
-6.62484
-6.64623
-6.6625
-6.67432
-6.67668
-6.67456
-6.66613
-6.65432
-6.64112
-6.62742
-6.615
-6.60784
-6.60353
-6.60461
-6.60711
-6.61405
-6.62167
-6.62947
-6.63631
-6.64227
-6.64949
-6.65215
-6.65749
-6.6584
-6.65733
-6.65471
-6.64844
-6.6398
-6.62577
-6.60858
-6.58952
-6.57452
-6.56466
-6.56082
-6.56641
-6.58186
-6.60211
-6.6231
-6.64212
-6.65968
-6.67256
-6.68149
-6.68909
-6.69518
-6.70169
-6.70999
-6.71825
-6.72302
-6.72305
-6.71916
-6.70493
-6.6831
-6.65815
-6.63095
-6.60389
-6.57612
-6.55311
-6.53599
-6.52788
-6.52794
-6.5346
-6.54556
-6.56202
-6.57523
-6.58804
-6.59862
-6.60523
-6.60871
-6.6161
-6.62869
-6.64776
-6.67145
-6.69836
-6.72241
-6.73829
-6.74811
-6.74564
-6.73662
-6.72055
-6.70313
-6.68676
-6.67383
-6.66774
-6.67041
-6.67933
-6.69494
-6.71253
-6.73051
-6.7453
-6.75795
-6.76766
-6.76506
-6.75381
-6.73062
-6.69616
-6.64887
-6.59604
-6.54129
-6.48756
-6.44144
-6.40402
-6.38337
-6.37812
-6.39051
-6.41766
-6.45584
-6.50337
-6.55433
-6.59967
-6.63887
-6.66893
-6.68553
-6.69722
-6.70188
-6.70445
-6.70595
-6.71127
-6.71982
-6.72637
-6.7301
-6.73367
-6.73099
-6.72547
-6.71534
-6.7035
-6.68842
-6.67473
-6.66573
-6.65712
-6.6542
-6.65758
-6.66178
-6.66841
-6.6775
-6.68308
-6.6832
-6.67827
-6.66838
-6.65193
-6.63645
-6.62576
-6.61486
-6.60833
-6.60675
-6.61227
-6.61307
-6.6152
-6.619
-6.62207
-6.62711
-6.63417
-6.64353
-6.6553
-6.66438
-6.67431
-6.67797
-6.67603
-6.66655
-6.65009
-6.62888
-6.60773
-6.58556
-6.56932
-6.55791
-6.55205
-6.55047
-6.55343
-6.56033
-6.56782
-6.57445
-6.58247
-6.59264
-6.60128
-6.61225
-6.62292
-6.63457
-6.64463
-6.65152
-6.65753
-6.65979
-6.65667
-6.64855
-6.63933
-6.62611
-6.61271
-6.60314
-6.603
-6.61059
-6.62708
-6.65066
-6.67594
-6.69691
-6.711
-6.7168
-6.71152
-6.70025
-6.68589
-6.67324
-6.66046
-6.65398
-6.65624
-6.66037
-6.66834
-6.67796
-6.68682
-6.69436
-6.70058
-6.69855
-6.6938
-6.6814
-6.66199
-6.63954
-6.62445
-6.6176
-6.62411
-6.64556
-6.68031
-6.70943
-6.73545
-6.74994
-6.75362
-6.74475
-6.72527
-6.69925
-6.66991
-6.64096
-6.6143
-6.59374
-6.57952
-6.56735
-6.56071
-6.55816
-6.55449
-6.55945
-6.5664
-6.58017
-6.59724
-6.61682
-6.63751
-6.6565
-6.67051
-6.67939
-6.68012
-6.67631
-6.67326
-6.66726
-6.66606
-6.67041
-6.67543
-6.67552
-6.67106
-6.65892
-6.64219
-6.6273
-6.61978
-6.61568
-6.61978
-6.63302
-6.65031
-6.668
-6.68407
-6.70024
-6.71089
-6.71851
-6.72001
-6.71813
-6.71214
-6.69934
-6.68725
-6.67017
-6.65411
-6.64173
-6.6312
-6.62354
-6.6174
-6.6169
-6.61872
-6.62133
-6.6263
-6.63412
-6.64139
-6.64144
-6.6364
-6.62874
-6.61993
-6.61254
-6.61088
-6.61375
-6.62248
-6.63437
-6.64599
-6.65266
-6.65756
-6.65971
-6.65661
-6.64752
-6.63299
-6.6149
-6.59185
-6.56807
-6.54975
-6.53709
-6.53294
-6.5405
-6.55736
-6.57877
-6.60533
-6.6283
-6.64514
-6.6595
-6.66709
-6.66632
-6.66633
-6.66227
-6.66221
-6.66232
-6.66196
-6.66423
-6.66631
-6.67076
-6.6759
-6.68017
-6.68521
-6.68925
-6.69097
-6.69453
-6.69906
-6.70555
-6.71167
-6.719
-6.72512
-6.73099
-6.73866
-6.74331
-6.74429
-6.73731
-6.72491
-6.7083
-6.69002
-6.67392
-6.65983
-6.65114
-6.64028
-6.63414
-6.62494
-6.61515
-6.60467
-6.5952
-6.58703
-6.58537
-6.58579
-6.5909
-6.59877
-6.60638
-6.61307
-6.62122
-6.62969
-6.63204
-6.63766
-6.64337
-6.64437
-6.64693
-6.64738
-6.64423
-6.64048
-6.63013
-6.62189
-6.61084
-6.59867
-6.57984
-6.56497
-6.55534
-6.55255
-6.56076
-6.58016
-6.60438
-6.63272
-6.66245
-6.6915
-6.7134
-6.72949
-6.73748
-6.74005
