0.8
0.807607
0.808929
0.804285
0.794768
0.781517
0.765661
0.748424
0.731055
0.714787
0.700502
0.688289
0.677454
0.666742
0.654872
0.641167
0.625741
0.609321
0.59285
0.576946
0.561764
0.547183
0.533278
0.5207
0.510629
0.5044
0.50296
0.506446
0.514265
0.525529
0.539341
0.555005
0.57214
0.590519
0.609802
0.629503
0.648855
0.666852
0.682504
0.694947
0.703615
0.708152
0.708463
0.704599
0.696779
0.685256
0.670608
0.653694
0.635758
0.618329
0.603146
0.591824
0.585596
0.584903
0.589267
0.597402
0.6075
0.617607
0.62618
0.632482
0.636581
0.639064
0.640693
0.641969
0.642979
0.643491
0.643133
0.641927
0.640529
0.640155
0.642188
0.647616
0.656631
0.668506
0.681959
0.695448
0.707447
0.716777
0.722691
0.72487
0.723345
0.71831
0.709814
0.697676
0.68153
0.661188
0.637177
0.611201
0.586256
0.566003
0.553459
0.549732
0.553838
0.563534
0.57639
0.590317
0.603608
0.614874
0.623027
0.627399
0.6278
0.624589
0.618639
0.611322
0.604347
0.599468
0.598144
0.601094
0.608198
0.618521
0.630552
0.642517
0.652736
0.659951
0.66347
0.663225
0.659742
0.653919
0.64683
0.639535
0.632897
0.627545
0.623828
0.621758
0.62104
0.621249
0.622043
0.62343
0.625837
0.629864
0.635882
0.643631
0.652173
0.660215
0.666456
0.669953
0.670334
0.667873
0.6634
0.658051
0.65289
0.648678
0.645659
0.643581
0.641871
0.639927
0.637426
0.634494
0.631663
0.629679
0.629115
0.630196
0.63264
0.635865
0.639273
0.642396
0.64497
0.646812
0.647586
0.646888
0.644343
0.63971
0.633029
0.624632
0.615186
0.605567
0.596775
0.589764
0.58524
0.58361
0.584942
0.588966
0.595206
0.603149
0.612304
0.622276
0.632661
0.64299
0.652697
0.661105
0.667559
0.671491
0.672557
0.67062
0.665765
0.658198
0.64824
0.636388
0.623442
0.610546
0.599168
0.59084
0.586789
0.587642
0.593403
0.603482
0.616901
0.632376
0.648497
0.663817
0.8
0.808838
0.811425
0.806989
0.795936
0.779181
0.758085
0.734394
0.709914
0.686359
0.665141
0.647432
0.634051
0.625482
0.621904
0.623196
0.628955
0.638398
0.650342
0.663278
0.675702
0.686395
0.694656
0.700404
0.70391
0.705393
0.704791
0.701663
0.695448
0.685869
0.673245
0.658852
0.644773
0.633509
0.627349
0.627792
0.635219
0.64894
0.667531
0.689281
0.712557
0.735972
0.758208
0.777875
0.793376
0.803014
0.805182
0.798706
0.783194
0.759352
0.729021
0.695232
0.661704
0.632243
0.609988
0.596794
0.593019
0.597774
0.609301
0.625339
0.643723
0.662642
0.680733
0.696962
0.710423
0.720217
0.725365
0.725044
0.718874
0.707255
0.691731
0.67507
0.660878
0.652723
0.653151
0.662991
0.681135
0.704882
0.730596
0.75462
0.773884
0.786459
0.791728
0.790202
0.78324
0.772716
0.760661
0.748927
0.738931
0.731304
0.725809
0.721473
0.717016
0.711427
0.704448
0.696657
0.689076
0.682629
0.677765
0.674411
0.672239
0.670899
0.670182
0.670177
0.671327
0.674266
0.679576
0.687349
0.696967
0.707084
0.715887
0.721525
0.722579
0.71827
0.708792
0.695372
0.680136
0.665569
0.653889
0.646343
0.643005
0.642993
0.644989
0.647894
0.651215
0.655141
0.660299
0.667485
0.677227
0.689644
0.704298
0.720177
0.735975
0.750239
0.761708
0.769327
0.772501
0.77104
0.765136
0.75539
0.742767
0.728517
0.7142
0.701526
0.692032
0.686469
0.684515
0.684854
0.685718
0.685557
0.683373
0.678937
0.672888
0.666777
0.662876
0.663534
0.669925
0.681291
0.695257
0.708947
0.720153
0.727751
0.731594
0.73193
0.728944
0.7228
0.713809
0.702744
0.690838
0.67968
0.671099
0.666815
0.668097
0.675346
0.68781
0.703737
0.720768
0.73645
0.748658
0.755953
0.757531
0.753376
0.744051
0.730607
0.714389
0.696864
0.679486
0.66358
0.650251
0.640335
0.634339
0.632402
0.634259
0.63912
0.645814
0.653032
0.659768
0.665539
0.670487
0.675087
0.8
0.804032
0.80571
0.804641
0.800953
0.795032
0.787384
0.778531
0.769035
0.759418
0.75033
0.742621
0.737289
0.735327
0.737469
0.7439
0.753898
0.765872
0.777729
0.787539
0.794016
0.79674
0.796013
0.792435
0.786605
0.779006
0.769946
0.759855
0.749362
0.739317
0.730624
0.724071
0.720167
0.719101
0.720828
0.725123
0.731825
0.740818
0.751777
0.763979
0.776197
0.786916
0.794428
0.797245
0.794228
0.785045
0.770737
0.754055
0.739098
0.730106
0.72971
0.737705
0.751467
0.767403
0.782135
0.793238
0.799456
0.800507
0.796835
0.789271
0.778735
0.766073
0.752258
0.738641
0.727149
0.720204
0.719959
0.727264
0.74076
0.757091
0.772107
0.78225
0.785551
0.781999
0.773185
0.76177
0.750702
0.742519
0.738764
0.739673
0.744303
0.751015
0.757934
0.763391
0.766227
0.765947
0.762644
0.756982
0.750119
0.7435
0.738552
0.736466
0.737868
0.742718
0.75042
0.759963
0.770151
0.779701
0.787378
0.79224
0.79384
0.792419
0.788854
0.784441
0.780489
0.77806
0.777687
0.779294
0.78235
0.786036
0.789446
0.791789
0.792535
0.791452
0.788628
0.784334
0.778784
0.772139
0.764419
0.755535
0.745479
0.734446
0.723034
0.712228
0.703214
0.696955
0.693952
0.6942
0.697335
0.702938
0.71074
0.720478
0.731629
0.743166
0.753631
0.761496
0.765887
0.766803
0.765218
0.76257
0.760316
0.759334
0.75969
0.760756
0.761609
0.761494
0.760059
0.757329
0.753557
0.749319
0.745464
0.742854
0.742019
0.742887
0.744912
0.74761
0.751182
0.756616
0.764934
0.776215
0.789324
0.802323
0.813394
0.821478
0.826384
0.828582
0.828714
0.827209
0.823979
0.818591
0.81062
0.800119
0.787981
0.775754
0.765093
0.757147
0.752253
0.750259
0.751025
0.754831
0.761986
0.772138
0.783924
0.795164
0.803585
0.807513
0.806328
0.800569
0.791495
0.780547
0.768937
0.757616
0.747488
0.739448
0.734201
0.732056
0.732656
0.735021
0.737869
0.740207
0.8
0.800561
0.800618
0.801385
0.803469
0.80647
0.809043
0.80936
0.805767
0.797364
0.784377
0.768304
0.751646
0.737207
0.727446
0.72389
0.72701
0.736466
0.751228
0.769421
0.788257
0.804464
0.814996
0.817929
0.81313
0.802527
0.789939
0.780036
0.776501
0.780306
0.789933
0.802865
0.816987
0.830992
0.844048
0.855359
0.86389
0.868561
0.868502
0.863271
0.853227
0.839467
0.823645
0.807604
0.792878
0.780336
0.770269
0.76263
0.757555
0.755382
0.756348
0.760232
0.766074
0.772238
0.77697
0.778949
0.777782
0.77393
0.768332
0.762129
0.756505
0.752741
0.752213
0.755927
0.763872
0.774745
0.786493
0.797091
0.80513
0.809922
0.811405
0.810062
0.806965
0.803851
0.802817
0.80553
0.812473
0.822699
0.834174
0.844611
0.851993
0.854966
0.852993
0.846191
0.835246
0.821055
0.804669
0.78728
0.770218
0.755005
0.743235
0.736058
0.733845
0.736071
0.741692
0.749693
0.759282
0.769812
0.780689
0.791427
0.801668
0.811162
0.819577
0.826369
0.830945
0.832792
0.831614
0.827535
0.821077
0.81314
0.804712
0.796712
0.789733
0.783958
0.779274
0.775468
0.772433
0.770255
0.768933
0.768185
0.767446
0.766185
0.764085
0.761256
0.758114
0.755196
0.753023
0.751967
0.752235
0.753955
0.757135
0.761597
0.766973
0.772779
0.778902
0.785995
0.795525
0.809049
0.827434
0.849983
0.874319
0.896992
0.91441
0.92385
0.923953
0.914711
0.897147
0.873034
0.844651
0.814467
0.784959
0.758311
0.736326
0.720485
0.711942
0.711513
0.719329
0.73446
0.754949
0.777878
0.799854
0.817646
0.828791
0.832326
0.829045
0.821213
0.811742
0.803253
0.79737
0.794637
0.794895
0.797607
0.802146
0.807751
0.813572
0.818897
0.823255
0.826466
0.828572
0.82973
0.830007
0.829232
0.826918
0.822204
0.814035
0.801526
0.784617
0.764378
0.743085
0.723837
0.709859
0.70386
0.707226
0.719342
0.737559
0.758149
0.777601
0.793567
0.804918
0.81127
0.8
0.795742
0.78663
0.773365
0.757434
0.741359
0.728381
0.72167
0.723278
0.73338
0.750272
0.770949
0.792108
0.810743
0.824788
0.83326
0.836234
0.834658
0.829999
0.823888
0.817794
0.812903
0.809957
0.809171
0.810158
0.811855
0.812725
0.81129
0.806854
0.799813
0.79131
0.7827
0.775296
0.770544
0.769897
0.774372
0.784026
0.797886
0.814121
0.830493
0.844844
0.855325
0.860393
0.858955
0.850501
0.835542
0.815831
0.794063
0.773247
0.756166
0.74503
0.741433
0.745974
0.757884
0.774834
0.793317
0.809572
0.820502
0.824185
0.820069
0.8089
0.792506
0.773293
0.753501
0.734735
0.718078
0.704594
0.695583
0.692205
0.694905
0.702966
0.714594
0.727453
0.739422
0.749372
0.757445
0.764858
0.773393
0.784532
0.798857
0.815765
0.833579
0.850059
0.863084
0.871118
0.873562
0.870698
0.86354
0.853385
0.84159
0.829248
0.817186
0.806148
0.796996
0.79073
0.787998
0.788528
0.79084
0.792577
0.791386
0.785722
0.775638
0.763046
0.75141
0.744676
0.745926
0.756234
0.774436
0.79743
0.821213
0.84187
0.856501
0.863688
0.863537
0.857326
0.846946
0.834592
0.822341
0.811872
0.804103
0.79895
0.795299
0.791259
0.784918
0.775101
0.761886
0.746772
0.732087
0.720135
0.712694
0.710477
0.713297
0.720345
0.730635
0.743182
0.757047
0.771104
0.783917
0.79402
0.800289
0.802325
0.80058
0.79627
0.791012
0.786445
0.783821
0.783736
0.785979
0.789777
0.79397
0.797528
0.800063
0.802051
0.804542
0.808227
0.812681
0.816262
0.817122
0.81411
0.807186
0.797252
0.785801
0.774618
0.765453
0.759609
0.757821
0.760176
0.766006
0.774033
0.782534
0.789776
0.794458
0.796185
0.795534
0.793641
0.791729
0.790664
0.790487
0.790571
0.79013
0.789057
0.788282
0.789662
0.795074
0.805448
0.819966
0.836036
0.850088
0.858764
0.859783
0.852381
0.837319
0.816577
0.792908
0.76943
0.748987
0.733834
0.725273
0.723743
0.72877
0.8
0.813505
0.827417
0.83885
0.84596
0.847495
0.843089
0.833333
0.819759
0.804521
0.790025
0.778449
0.77126
0.769244
0.772736
0.781461
0.79435
0.809451
0.824142
0.835852
0.842872
0.84466
0.841738
0.835254
0.826522
0.816859
0.807509
0.799657
0.794237
0.791796
0.792302
0.795265
0.799888
0.8054
0.811031
0.816239
0.820647
0.824165
0.8268
0.828632
0.829455
0.828952
0.826779
0.822597
0.816186
0.807481
0.796891
0.785481
0.77505
0.767829
0.765702
0.769646
0.779077
0.792147
0.806355
0.819461
0.830088
0.838029
0.843986
0.849054
0.854194
0.859823
0.86579
0.871297
0.875119
0.87579
0.872112
0.863489
0.850233
0.833385
0.81439
0.794837
0.776325
0.760554
0.749138
0.743306
0.743346
0.748429
0.756814
0.766494
0.775729
0.78341
0.789167
0.793353
0.796973
0.801682
0.809432
0.821494
0.8375
0.855224
0.871476
0.883358
0.889035
0.888042
0.881165
0.870236
0.857762
0.846416
0.838443
0.835249
0.837246
0.84384
0.853814
0.865538
0.877524
0.888464
0.897112
0.902071
0.901632
0.894135
0.878459
0.854623
0.823955
0.788737
0.751807
0.716205
0.685033
0.661161
0.646969
0.643895
0.652157
0.670685
0.697219
0.728687
0.761581
0.792448
0.818366
0.837546
0.849695
0.855977
0.858652
0.860154
0.862232
0.865558
0.869747
0.873898
0.877033
0.878331
0.877195
0.873301
0.866765
0.858221
0.848817
0.839908
0.832827
0.8286
0.827734
0.829981
0.83451
0.840006
0.844986
0.848058
0.848139
0.844638
0.837612
0.827941
0.817405
0.808118
0.801715
0.79866
0.798252
0.799344
0.800956
0.802594
0.804263
0.806313
0.809241
0.813516
0.819323
0.826306
0.833441
0.839192
0.841848
0.840122
0.833587
0.822833
0.809342
0.795028
0.78176
0.770929
0.763325
0.759198
0.758363
0.760335
0.764285
0.76928
0.774563
0.77991
0.785612
0.792018
0.799112
0.806443
0.813343
0.819186
0.823565
0.826281
0.827135
0.825922
0.822448
0.816733
0.8
0.792939
0.787859
0.787337
0.792826
0.804255
0.819753
0.836174
0.850152
0.859111
0.8619
0.85881
0.851303
0.841515
0.831788
0.824128
0.819813
0.819159
0.821698
0.82658
0.832776
0.839327
0.84522
0.849147
0.849738
0.845917
0.837221
0.824498
0.810179
0.798181
0.793188
0.798391
0.813548
0.83477
0.856555
0.874117
0.884421
0.886227
0.879885
0.866897
0.849554
0.830429
0.811776
0.795079
0.78116
0.770387
0.762702
0.757841
0.755494
0.755422
0.757647
0.762501
0.770386
0.781333
0.794601
0.808609
0.821268
0.830609
0.835446
0.83572
0.83275
0.828774
0.826069
0.825911
0.827947
0.830433
0.831137
0.828377
0.821798
0.812587
0.803098
0.79614
0.793838
0.797009
0.804971
0.81606
0.828286
0.839862
0.849559
0.856664
0.860875
0.862094
0.860408
0.855982
0.849178
0.840469
0.830592
0.820538
0.811425
0.804187
0.799292
0.796711
0.79616
0.797378
0.800192
0.804151
0.808291
0.81119
0.811442
0.808511
0.80319
0.797321
0.793045
0.791938
0.794496
0.800103
0.807381
0.814692
0.820651
0.824348
0.825133
0.822423
0.81571
0.804945
0.790942
0.775367
0.760376
0.748162
0.740588
0.7389
0.743511
0.753883
0.768586
0.785432
0.801824
0.815425
0.824782
0.829626
0.830839
0.829986
0.828572
0.827671
0.827744
0.828799
0.830532
0.832567
0.834666
0.836797
0.838999
0.841281
0.843544
0.845765
0.84814
0.850947
0.854409
0.858489
0.862945
0.867453
0.871797
0.875621
0.878068
0.87786
0.87385
0.865801
0.854732
0.842544
0.831165
0.821773
0.814469
0.808519
0.802918
0.796998
0.790688
0.784348
0.77868
0.774533
0.772779
0.773924
0.777762
0.783439
0.789802
0.795777
0.80078
0.804697
0.807777
0.810442
0.812952
0.815129
0.816403
0.816057
0.81374
0.809733
0.804556
0.798197
0.790183
0.780346
0.76952
0.759606
0.752974
0.75176
0.757019
0.768438
0.784588
0.803476
0.823083
0.841583
0.857257
0.868634
0.874821
0.875889
