0	310.266	382.435
1	262.236	357.786
2	262.236	335.241
3	247.023	312.664
4	247.023	299.852
5	228.151	283.131
6	226.366	274.544
7	203.869	261.27
8	203.869	245.281
9	196.074	235.786
10	196.074	225.717
11	192.702	215.22
12	192.702	209.561
13	192.702	205.347
14	188.104	204.488
15	179.836	200.66
16	177.831	195.83
17	169.575	193.672
18	166.355	186.569
19	158.455	181.689
20	148.945	175.15
21	137.826	168.365
22	137.395	161.326
23	134.593	152.159
24	134.593	146.083
25	134.162	141.546
26	134.162	137.33
27	131.292	135.452
28	128.059	134.153
29	128.059	132.676
30	127.925	130.606
31	125.013	129.011
32	125.013	128.647
33	121.211	128.212
34	121.211	128.09
35	120.995	127.487
36	120.995	126.502
37	120.628	123.824
38	115.403	121.411
39	115.403	120.777
40	112.925	120.512
41	112.925	120.632
42	112.925	121.02
43	112.925	121.198
44	112.925	120.786
45	109.92	117.172
46	106.882	114.645
47	106.882	112.689
48	106.299	110.209
49	106.299	108.35
50	104.266	107.167
51	104.266	106.416
52	104.266	106.024
53	104.098	105.305
54	104.098	104.77
55	104.098	104.228
56	104.098	104.183
57	101.792	104.118
58	101.617	104
59	101.617	103.471
60	99.1934	102.666
61	99.1934	102.03
62	80.3274	101.836
63	80.3274	102.215
64	80.3274	103.456
65	80.3274	100.881
66	75.3245	98.5245
67	75.3245	93.3841
68	75.3245	90.707
69	75.3245	88.5586
70	75.3218	88.2473
71	75.071	86.0795
72	73.5707	81.8695
73	73.3166	77.2491
74	73.3166	74.7958
75	73.3166	74.3283
76	73.3166	73.866
77	72.8071	73.4244
78	68.2464	73.2807
79	68.2464	73.0526
80	68.2464	72.3812
81	68.2464	72.4663
82	68.2464	76.4069
83	68.2464	73.9971
84	67.4828	71.7685
85	67.4828	68.2454
86	66.1124	68.0513
87	66.1124	67.7529
88	66.1124	67.2052
89	66.1124	66.6785
90	65.4777	66.1975
91	65.3488	66.0717
92	65.3488	65.9219
93	65.3488	65.6375
94	65.3488	65.3879
95	64.8844	65.348
96	64.8844	65.3174
97	64.8844	65.2153
98	64.8844	65.0658
99	64.8844	64.9233
100	64.8844	64.8844
101	64.8844	64.8844
102	64.8844	64.8844
103	64.8844	64.8844
104	64.8844	64.8844
105	64.8844	64.8844
106	62.403	64.8782
107	62.403	64.6983
108	62.403	63.9394
109	62.403	63.2307
110	62.403	62.403
111	62.403	62.403
112	62.403	62.403
113	62.403	62.403
114	62.403	62.403
115	62.403	62.403
116	62.403	62.403
117	62.403	62.403
118	62.403	62.403
119	62.403	62.403
120	62.403	62.403
121	62.403	62.403
122	62.403	62.403
123	62.403	62.403
124	62.403	62.403
125	62.403	62.403
126	62.403	62.403
127	62.403	62.403
128	62.403	62.403
129	62.403	62.403
130	62.403	62.403
131	62.403	62.403
132	62.403	62.403
133	62.403	62.403
134	62.403	62.403
135	62.403	62.403
136	62.403	62.403
137	62.403	62.403
138	62.403	62.403
139	62.403	62.403
140	62.403	62.403
141	62.403	62.403
142	62.403	62.403
143	62.403	62.403
144	62.403	62.403
145	62.403	62.403
146	62.403	62.403
147	62.403	62.403
148	62.403	62.403
149	62.403	62.403
150	62.403	62.403
151	62.403	62.403
152	62.403	62.403
153	62.403	62.403
154	62.403	62.403
155	62.403	62.403
156	62.403	62.403
157	62.403	62.403
158	62.403	62.403
159	62.403	62.403
160	62.403	62.403
161	62.403	62.403
162	62.403	62.403
163	62.403	62.403
164	62.403	62.403
165	62.403	62.403
166	62.403	62.403
167	62.403	62.403
168	62.403	62.403
169	62.403	62.403
170	62.403	62.403
171	62.403	62.403
172	62.403	62.403
173	62.403	62.403
174	62.403	62.403
175	62.403	62.403
176	62.403	62.403
177	62.403	62.403
178	62.403	62.403
179	62.403	62.403
180	62.403	62.403
181	62.403	62.403
182	62.403	62.403
183	62.403	62.403
184	62.403	62.403
185	62.403	62.403
186	62.403	62.403
187	62.403	62.403
188	62.403	62.403
189	62.403	62.403
190	62.403	62.403
191	62.403	62.403
192	62.403	62.403
193	62.403	62.403
194	62.403	62.403
195	62.403	62.403
196	62.403	62.403
197	62.403	62.403
198	62.403	62.403
199	62.403	62.403
200	62.403	62.403
201	62.403	62.403
202	62.403	62.403
203	62.403	62.403
204	62.403	62.403
205	62.403	62.403
206	62.403	62.403
207	62.403	62.403
208	62.403	62.403
209	62.403	62.403
210	62.403	62.403
211	62.403	62.403
212	62.403	62.403
213	62.403	62.403
214	62.403	62.403
215	62.403	62.403
216	62.403	62.403
217	62.403	62.403
218	62.403	62.403
219	62.403	62.403
220	62.403	62.403
221	62.403	62.403
222	62.403	62.403
223	62.403	62.403
224	62.403	62.403
225	62.403	62.403
226	62.403	62.403
227	62.403	62.403
228	62.403	62.403
229	62.403	62.403
230	62.403	62.403
231	62.403	62.403
232	62.403	62.403
233	62.403	62.403
234	62.403	62.403
235	62.403	62.403
236	62.403	62.403
237	62.403	62.403
238	62.403	62.403
239	62.403	62.403
240	62.403	62.403
241	62.403	62.403
242	62.403	62.403
243	62.403	62.403
244	62.403	62.403
245	62.403	62.403
246	62.403	62.403
247	62.403	62.403
248	62.403	62.403
249	62.403	62.403
250	62.403	62.403
251	62.403	62.403
252	62.403	62.403
253	62.403	62.403
254	62.403	62.403
255	62.403	62.403
256	62.403	62.403
257	62.403	62.403
258	62.403	62.403
259	62.403	62.403
260	62.403	62.403
261	62.403	62.403
262	62.403	62.403
263	62.403	62.403
264	62.403	62.403
265	62.403	62.403
266	62.403	62.403
267	62.403	62.403
268	62.403	62.403
269	62.403	62.403
270	62.403	62.403
271	62.403	62.403
272	62.403	62.403
273	62.403	62.403
274	62.403	62.403
275	62.403	62.403
276	62.403	62.403
277	62.403	62.403
278	62.403	62.403
279	62.403	62.403
280	62.403	62.403
281	62.403	62.403
282	62.403	62.403
283	62.403	62.403
284	62.403	62.403
285	62.403	62.403
286	62.403	62.403
287	62.403	62.403
288	62.403	62.403
289	62.403	62.403
290	62.403	62.403
291	62.403	62.403
292	62.403	62.403
293	62.403	62.403
294	62.403	62.403
295	62.403	62.403
296	62.403	62.403
297	62.403	62.403
298	62.403	62.403
299	62.403	62.403
300	62.403	62.403
301	62.403	62.403
302	62.403	62.403
303	62.403	62.403
304	62.403	62.403
305	62.403	62.403
306	62.403	62.403
307	62.403	62.403
308	62.403	62.403
309	62.403	62.403
310	62.403	62.403
311	62.403	62.403
312	62.403	62.403
313	62.403	62.403
314	62.403	62.403
315	62.403	62.403
316	62.403	62.403
317	62.403	62.403
318	62.403	62.403
319	62.403	62.403
320	62.403	62.403
321	62.403	62.403
322	62.403	62.403
323	62.403	62.403
324	62.403	62.403
325	62.403	62.403
326	62.403	62.403
327	62.403	62.403
328	62.403	62.403
329	62.403	62.403
330	62.403	62.403
331	62.403	62.403
332	62.403	62.403
333	62.403	62.403
334	62.403	62.403
335	62.403	62.403
336	62.403	62.403
337	62.403	62.403
338	62.403	62.403
339	62.403	62.403
340	62.403	62.403
341	62.403	62.403
342	62.403	62.403
343	62.403	62.403
344	62.403	62.403
345	62.403	62.403
346	62.403	62.403
347	62.403	62.403
348	62.403	62.403
349	62.403	62.403
350	62.403	62.403
351	62.403	62.403
352	62.403	62.403
353	62.403	62.403
354	62.403	62.403
355	62.403	62.403
356	62.403	62.403
357	62.403	62.403
358	62.403	62.403
359	62.403	62.403
360	62.403	62.403
361	62.403	62.403
362	62.403	62.403
363	62.403	62.403
364	62.403	62.403
365	62.403	62.403
366	62.403	62.403
367	62.403	62.403
368	62.403	62.403
369	62.403	62.403
370	62.403	62.403
371	62.403	62.403
372	62.403	62.403
373	62.403	62.403
374	62.403	62.403
375	62.403	62.403
376	62.403	62.403
377	62.403	62.403
378	62.403	62.403
379	62.403	62.403
380	62.403	62.403
381	62.403	62.403
382	62.403	62.403
383	62.403	62.403
384	62.403	62.403
385	62.403	62.403
386	62.403	62.403
387	62.403	62.403
388	62.403	62.403
389	62.403	62.403
390	62.403	62.403
391	62.403	62.403
392	62.403	62.403
393	62.403	62.403
394	62.403	62.403
395	62.403	62.403
396	62.403	62.403
397	62.403	62.403
398	62.403	62.403
399	62.403	62.403
400	62.403	62.403
401	62.403	62.403
402	62.403	62.403
403	62.403	62.403
404	62.403	62.403
405	62.403	62.403
406	62.403	62.403
407	62.403	62.403
408	62.403	62.403
409	62.403	62.403
410	62.403	62.403
411	62.403	62.403
412	62.403	62.403
413	62.403	62.403
414	62.403	62.403
415	62.403	62.403
416	62.403	62.403
417	62.403	62.403
418	62.403	62.403
419	62.403	62.403
420	62.403	62.403
421	62.403	62.403
422	62.403	62.403
423	62.403	62.403
424	62.403	62.403
425	62.403	62.403
426	62.403	62.403
427	62.403	62.403
428	62.403	62.403
429	62.403	62.403
430	62.403	62.403
431	62.403	62.403
432	62.403	62.403
433	62.403	62.403
434	62.403	62.403
435	62.403	62.403
436	62.403	62.403
437	62.403	62.403
438	62.403	62.403
439	62.403	62.403
440	62.403	62.403
441	62.403	62.403
442	62.403	62.403
443	62.403	62.403
444	62.403	62.403
445	62.403	62.403
446	62.403	62.403
447	62.403	62.403
448	62.403	62.403
449	62.403	62.403
450	62.403	62.403
451	62.403	62.403
452	62.403	62.403
453	62.403	62.403
454	62.403	62.403
455	62.403	62.403
456	62.403	62.403
457	62.403	62.403
458	62.403	62.403
459	62.403	62.403
460	62.403	62.403
461	62.403	62.403
462	62.403	62.403
463	62.403	62.403
464	62.403	62.403
465	62.403	62.403
466	62.403	62.403
467	62.403	62.403
468	62.403	62.403
469	62.403	62.403
470	62.403	62.403
471	62.403	62.403
472	62.403	62.403
473	62.403	62.403
474	62.403	62.403
475	62.403	62.403
476	62.403	62.403
477	62.403	62.403
478	62.403	62.403
479	62.403	62.403
480	62.403	62.403
481	62.403	62.403
482	62.403	62.403
483	62.403	62.403
484	62.403	62.403
485	62.403	62.403
486	62.403	62.403
487	62.403	62.403
488	62.403	62.403
489	62.403	62.403
490	62.403	62.403
491	62.403	62.403
492	62.403	62.403
493	62.403	62.403
494	62.403	62.403
495	62.403	62.403
496	62.403	62.403
497	62.403	62.403
498	62.403	62.403
499	62.403	62.403
500	62.403	62.403
501	62.403	62.403
502	62.403	62.403
503	62.403	62.403
504	62.403	62.403
505	62.403	62.403
506	62.403	62.403
507	62.403	62.403
508	62.403	62.403
509	62.403	62.403
510	62.403	62.403
511	62.403	62.403
512	62.403	62.403
513	62.403	62.403
514	62.403	62.403
515	62.403	62.403
516	62.403	62.403
517	62.403	62.403
518	62.403	62.403
519	62.403	62.403
520	62.403	62.403
521	62.403	62.403
522	62.403	62.403
523	62.403	62.403
524	62.403	62.403
525	62.403	62.403
526	62.403	62.403
527	62.403	62.403
528	62.403	62.403
529	62.403	62.403
530	62.403	62.403
531	62.403	62.403
532	62.403	62.403
533	62.403	62.403
534	62.403	62.403
535	62.403	62.403
536	62.403	62.403
537	62.403	62.403
538	62.403	62.403
539	62.403	62.403
540	62.403	62.403
541	62.403	62.403
542	62.403	62.403
543	62.403	62.403
544	62.403	62.403
545	62.403	62.403
546	62.403	62.403
547	62.403	62.403
548	62.403	62.403
549	62.403	62.403
550	62.403	62.403
551	62.403	62.403
552	62.403	62.403
553	62.403	62.403
554	62.403	62.403
555	62.403	62.403
556	62.403	62.403
557	62.403	62.403
558	62.403	62.403
559	62.403	62.403
560	62.403	62.403
561	62.403	62.403
562	62.403	62.403
563	62.403	62.403
564	62.403	62.403
565	62.403	62.403
566	62.403	62.403
567	62.403	62.403
568	62.403	62.403
569	62.403	62.403
570	62.403	62.403
571	62.403	62.403
572	62.403	62.403
573	62.403	62.403
574	62.403	62.403
575	62.403	62.403
576	62.403	62.403
577	62.403	62.403
578	62.403	62.403
579	62.403	62.403
580	62.403	62.403
581	62.403	62.403
582	62.403	62.403
583	62.403	62.403
584	62.403	62.403
585	62.403	62.403
586	62.403	62.403
587	62.403	62.403
588	62.403	62.403
589	62.403	62.403
590	62.403	62.403
591	62.403	62.403
592	62.403	62.403
593	62.403	62.403
594	62.403	62.403
595	62.403	62.403
596	62.403	62.403
597	62.403	62.403
598	62.403	62.403
599	62.403	62.403
600	62.403	62.403
601	62.403	62.403
602	62.403	62.403
603	62.403	62.403
604	62.403	62.403
605	62.403	62.403
606	62.403	62.403
607	62.403	62.403
608	62.403	62.403
609	62.403	62.403
610	62.403	62.403
611	62.403	62.403
612	62.403	62.403
613	62.403	62.403
614	62.403	62.403
615	62.403	62.403
616	62.403	62.403
617	62.403	62.403
618	62.403	62.403
619	62.403	62.403
620	62.403	62.403
621	62.403	62.403
622	62.403	62.403
623	62.403	62.403
624	62.403	62.403
625	62.403	62.403
626	62.403	62.403
627	62.403	62.403
628	62.403	62.403
629	62.403	62.403
630	62.403	62.403
631	62.403	62.403
632	62.403	62.403
633	62.403	62.403
634	62.403	62.403
635	62.403	62.403
636	62.403	62.403
637	62.403	62.403
638	62.403	62.403
639	62.403	62.403
640	62.403	62.403
641	62.403	62.403
642	62.403	62.403
643	62.403	62.403
644	62.403	62.403
645	62.403	62.403
646	62.403	62.403
647	62.403	62.403
648	62.403	62.403
649	62.403	62.403
650	62.403	62.403
651	62.403	62.403
652	62.403	62.403
653	62.403	62.403
654	62.403	62.403
655	62.403	62.403
656	62.403	62.403
657	62.403	62.403
658	62.403	62.403
659	62.403	62.403
660	62.403	62.403
661	62.403	62.403
662	62.403	62.403
663	62.403	62.403
664	62.403	62.403
665	62.403	62.403
666	62.403	62.403
667	62.403	62.403
668	62.403	62.403
669	62.403	62.403
670	62.403	62.403
671	62.403	62.403
672	62.403	62.403
673	62.403	62.403
674	62.403	62.403
675	62.403	62.403
676	62.403	62.403
677	62.403	62.403
678	62.403	62.403
679	62.403	62.403
680	62.403	62.403
681	62.403	62.403
682	62.403	62.403
683	62.403	62.403
684	62.403	62.403
685	62.403	62.403
686	62.403	62.403
687	62.403	62.403
688	62.403	62.403
689	62.403	62.403
690	62.403	62.403
691	62.403	62.403
692	62.403	62.403
693	62.403	62.403
694	62.403	62.403
695	62.403	62.403
696	62.403	62.403
697	62.403	62.403
698	62.403	62.403
699	62.403	62.403
700	62.403	62.403
701	62.403	62.403
702	62.403	62.403
703	62.403	62.403
704	62.403	62.403
705	62.403	62.403
706	62.403	62.403
707	62.403	62.403
708	62.403	62.403
709	62.403	62.403
710	62.403	62.403
711	62.403	62.403
712	62.403	62.403
713	62.403	62.403
714	62.403	62.403
715	62.403	62.403
716	62.403	62.403
717	62.403	62.403
718	62.403	62.403
719	62.403	62.403
720	62.403	62.403
721	62.403	62.403
722	62.403	62.403
723	62.403	62.403
724	62.403	62.403
725	62.403	62.403
726	62.403	62.403
727	62.403	62.403
728	62.403	62.403
729	62.403	62.403
730	62.403	62.403
731	62.403	62.403
732	62.403	62.403
733	62.403	62.403
734	62.403	62.403
735	62.403	62.403
736	62.403	62.403
737	62.403	62.403
738	62.403	62.403
739	62.403	62.403
740	62.403	62.403
741	62.403	62.403
742	62.403	62.403
743	62.403	62.403
744	62.403	62.403
745	62.403	62.403
746	62.403	62.403
747	62.403	62.403
748	62.403	62.403
749	62.403	62.403
750	62.403	62.403
751	62.403	62.403
752	62.403	62.403
753	62.403	62.403
754	62.403	62.403
755	62.403	62.403
756	62.403	62.403
757	62.403	62.403
758	62.403	62.403
759	62.403	62.403
760	62.403	62.403
761	62.403	62.403
762	62.403	62.403
763	62.403	62.403
764	62.403	62.403
765	62.403	62.403
766	62.403	62.403
767	62.403	62.403
768	62.403	62.403
769	62.403	62.403
770	62.403	62.403
771	62.403	62.403
772	62.403	62.403
773	62.403	62.403
774	62.403	62.403
775	62.403	62.403
776	62.403	62.403
777	62.403	62.403
778	62.403	62.403
779	62.403	62.403
780	62.403	62.403
781	62.403	62.403
782	62.403	62.403
783	62.403	62.403
784	62.403	62.403
785	62.403	62.403
786	62.403	62.403
787	62.403	62.403
788	62.403	62.403
789	62.403	62.403
790	62.403	62.403
791	62.403	62.403
792	62.403	62.403
793	62.403	62.403
794	62.403	62.403
795	62.403	62.403
796	62.403	62.403
797	62.403	62.403
798	62.403	62.403
799	62.403	62.403
800	62.403	62.403
801	62.403	62.403
802	62.403	62.403
803	62.403	62.403
804	62.403	62.403
805	62.403	62.403
806	62.403	62.403
807	62.403	62.403
808	62.403	62.403
809	62.403	62.403
810	62.403	62.403
811	62.403	62.403
812	62.403	62.403
813	62.403	62.403
814	62.403	62.403
815	62.403	62.403
816	62.403	62.403
817	62.403	62.403
818	62.403	62.403
819	62.403	62.403
820	62.403	62.403
821	62.403	62.403
822	62.403	62.403
823	62.403	62.403
824	62.403	62.403
825	62.403	62.403
826	62.403	62.403
827	62.403	62.403
828	62.403	62.403
829	62.403	62.403
830	62.403	62.403
831	62.403	62.403
832	62.403	62.403
833	62.403	62.403
834	62.403	62.403
835	62.403	62.403
836	62.403	62.403
837	62.403	62.403
838	62.403	62.403
839	62.403	62.403
840	62.403	62.403
841	62.403	62.403
842	62.403	62.403
843	62.403	62.403
844	62.403	62.403
845	62.403	62.403
846	62.403	62.403
847	62.403	62.403
848	62.403	62.403
849	62.403	62.403
850	62.403	62.403
851	62.403	62.403
852	62.403	62.403
853	62.403	62.403
854	62.403	62.403
855	62.403	62.403
856	62.403	62.403
857	62.403	62.403
858	62.403	62.403
859	62.403	62.403
860	62.403	62.403
861	62.403	62.403
862	62.403	62.403
863	62.403	62.403
864	62.403	62.403
865	62.403	62.403
866	62.403	62.403
867	62.403	62.403
868	62.403	62.403
869	62.403	62.403
870	62.403	62.403
871	62.403	62.403
872	62.403	62.403
873	62.403	62.403
874	62.403	62.403
875	62.403	62.403
876	62.403	62.403
877	62.403	62.403
878	62.403	62.403
879	62.403	62.403
880	62.403	62.403
881	62.403	62.403
882	62.403	62.403
883	62.403	62.403
884	62.403	62.403
885	62.403	62.403
886	62.403	62.403
887	62.403	62.403
888	62.403	62.403
889	62.403	62.403
890	62.403	62.403
891	62.403	62.403
892	62.403	62.403
893	62.403	62.403
894	62.403	62.403
895	62.403	62.403
896	62.403	62.403
897	62.403	62.403
898	62.403	62.403
899	62.403	62.403
900	62.403	62.403
901	62.403	62.403
902	62.403	62.403
903	62.403	62.403
904	62.403	62.403
905	62.403	62.403
906	62.403	62.403
907	62.403	62.403
908	62.403	62.403
909	62.403	62.403
910	62.403	62.403
911	62.403	62.403
912	62.403	62.403
913	62.403	62.403
914	62.403	62.403
915	62.403	62.403
916	62.403	62.403
917	62.403	62.403
918	62.403	62.403
919	62.403	62.403
920	62.403	62.403
921	62.403	62.403
922	62.403	62.403
923	62.403	62.403
924	62.403	62.403
925	62.403	62.403
926	62.403	62.403
927	62.403	62.403
928	62.403	62.403
929	62.403	62.403
930	62.403	62.403
931	62.403	62.403
932	62.403	62.403
933	62.403	62.403
934	62.403	62.403
935	62.403	62.403
936	62.403	62.403
937	62.403	62.403
938	62.403	62.403
939	62.403	62.403
940	62.403	62.403
941	62.403	62.403
942	62.403	62.403
943	62.403	62.403
944	62.403	62.403
945	62.403	62.403
946	62.403	62.403
947	62.403	62.403
948	62.403	62.403
949	62.403	62.403
950	62.403	62.403
951	62.403	62.403
952	62.403	62.403
953	62.403	62.403
954	62.403	62.403
955	62.403	62.403
956	62.403	62.403
957	62.403	62.403
958	62.403	62.403
959	62.403	62.403
960	62.403	62.403
961	62.403	62.403
962	62.403	62.403
963	62.403	62.403
964	62.403	62.403
965	62.403	62.403
966	62.403	62.403
967	62.403	62.403
968	62.403	62.403
969	62.403	62.403
970	62.403	62.403
971	62.403	62.403
972	62.403	62.403
973	62.403	62.403
974	62.403	62.403
975	62.403	62.403
976	62.403	62.403
977	62.403	62.403
978	62.403	62.403
979	62.403	62.403
980	62.403	62.403
981	62.403	62.403
982	62.403	62.403
983	62.403	62.403
984	62.403	62.403
985	62.403	62.403
986	62.403	62.403
987	62.403	62.403
988	62.403	62.403
989	62.403	62.403
990	62.403	62.403
991	62.403	62.403
992	62.403	62.403
993	62.403	62.403
994	62.403	62.403
995	62.403	62.403
996	62.403	62.403
997	62.403	62.403
998	62.403	62.403
999	62.403	62.403
1000	62.403	62.403
1001	62.403	62.403
1002	62.403	62.403
1003	62.403	62.403
1004	62.403	62.403
1005	62.403	62.403
1006	62.403	62.403
1007	62.403	62.403
1008	62.403	62.403
1009	62.403	62.403
1010	62.403	62.403
1011	62.403	62.403
1012	62.403	62.403
1013	62.403	62.403
1014	62.403	62.403
1015	62.403	62.403
1016	62.403	62.403
1017	62.403	62.403
1018	62.403	62.403
1019	62.403	62.403
1020	62.403	62.403
1021	62.403	62.403
1022	62.403	62.403
1023	62.403	62.403
1024	62.403	62.403
1025	62.403	62.403
1026	62.403	62.403
1027	62.403	62.403
1028	62.403	62.403
1029	62.403	62.403
1030	62.403	62.403
1031	62.403	62.403
1032	62.403	62.403
1033	62.403	62.403
1034	62.403	62.403
1035	62.403	62.403
1036	62.403	62.403
1037	62.403	62.403
1038	62.403	62.403
1039	62.403	62.403
1040	62.403	62.403
1041	62.403	62.403
1042	62.403	62.403
1043	62.403	62.403
1044	62.403	62.403
1045	62.403	62.403
1046	62.403	62.403
1047	62.403	62.403
1048	62.403	62.403
1049	62.403	62.403
1050	62.403	62.403
1051	62.403	62.403
1052	62.403	62.403
1053	62.403	62.403
1054	62.403	62.403
1055	62.403	62.403
1056	62.403	62.403
1057	62.403	62.403
1058	62.403	62.403
1059	62.403	62.403
1060	62.403	62.403
1061	62.403	62.403
1062	62.403	62.403
1063	62.403	62.403
1064	62.403	62.403
1065	62.403	62.403
1066	62.403	62.403
1067	62.403	62.403
1068	62.403	62.403
1069	62.403	62.403
1070	62.403	62.403
1071	62.403	62.403
1072	62.403	62.403
1073	62.403	62.403
1074	62.403	62.403
1075	62.403	62.403
1076	62.403	62.403
1077	62.403	62.403
1078	62.403	62.403
1079	62.403	62.403
1080	62.403	62.403
1081	62.403	62.403
1082	62.403	62.403
1083	62.403	62.403
1084	62.403	62.403
1085	62.403	62.403
1086	62.403	62.403
1087	62.403	62.403
1088	62.403	62.403
1089	62.403	62.403
1090	62.403	62.403
1091	62.403	62.403
1092	62.403	62.403
1093	62.403	62.403
1094	62.403	62.403
1095	62.403	62.403
1096	62.403	62.403
1097	62.403	62.403
1098	62.403	62.403
1099	62.403	62.403
1100	62.403	62.403
1101	62.403	62.403
1102	62.403	62.403
1103	62.403	62.403
1104	62.403	62.403
1105	62.403	62.403
1106	62.403	62.403
1107	62.403	62.403
1108	62.403	62.403
1109	62.403	62.403
1110	62.403	62.403
1111	62.403	62.403
1112	62.403	62.403
1113	62.403	62.403
1114	62.403	62.403
1115	62.403	62.403
1116	62.403	62.403
1117	62.403	62.403
1118	62.403	62.403
1119	62.403	62.403
1120	62.403	62.403
1121	62.403	62.403
1122	62.403	62.403
1123	62.403	62.403
1124	62.403	62.403
1125	62.403	62.403
1126	62.403	62.403
1127	62.403	62.403
1128	62.403	62.403
1129	62.403	62.403
1130	62.403	62.403
1131	62.403	62.403
1132	62.403	62.403
1133	62.403	62.403
1134	62.403	62.403
1135	62.403	62.403
1136	62.403	62.403
1137	62.403	62.403
1138	62.403	62.403
1139	62.403	62.403
1140	62.403	62.403
1141	62.403	62.403
1142	62.403	62.403
1143	62.403	62.403
1144	62.403	62.403
1145	62.403	62.403
1146	62.403	62.403
1147	62.403	62.403
1148	62.403	62.403
1149	62.403	62.403
1150	62.403	62.403
1151	62.403	62.403
1152	62.403	62.403
1153	62.403	62.403
1154	62.403	62.403
1155	62.403	62.403
1156	62.403	62.403
1157	62.403	62.403
1158	62.403	62.403
1159	62.403	62.403
1160	62.403	62.403
1161	62.403	62.403
1162	62.403	62.403
1163	62.403	62.403
1164	62.403	62.403
1165	62.403	62.403
1166	62.403	62.403
1167	62.403	62.403
1168	62.403	62.403
1169	62.403	62.403
1170	62.403	62.403
1171	62.403	62.403
1172	62.403	62.403
1173	62.403	62.403
1174	62.403	62.403
1175	62.403	62.403
1176	62.403	62.403
1177	62.403	62.403
1178	62.403	62.403
1179	62.403	62.403
1180	62.403	62.403
1181	62.403	62.403
1182	62.403	62.403
1183	62.403	62.403
1184	62.403	62.403
1185	62.403	62.403
1186	62.403	62.403
1187	62.403	62.403
1188	62.403	62.403
1189	62.403	62.403
1190	62.403	62.403
1191	62.403	62.403
1192	62.403	62.403
1193	62.403	62.403
1194	62.403	62.403
1195	62.403	62.403
1196	62.403	62.403
1197	62.403	62.403
1198	62.403	62.403
1199	62.403	62.403
1200	62.403	62.403
1201	62.403	62.403
1202	62.403	62.403
1203	62.403	62.403
1204	62.403	62.403
1205	62.403	62.403
1206	62.403	62.403
1207	62.403	62.403
1208	62.403	62.403
1209	62.403	62.403
1210	62.403	62.403
1211	62.403	62.403
1212	62.403	62.403
1213	62.403	62.403
1214	62.403	62.403
1215	62.403	62.403
1216	62.403	62.403
1217	62.403	62.403
1218	62.403	62.403
1219	62.403	62.403
1220	62.403	62.403
1221	62.403	62.403
1222	62.403	62.403
1223	62.403	62.403
1224	62.403	62.403
1225	62.403	62.403
1226	62.403	62.403
1227	62.403	62.403
1228	62.403	62.403
1229	62.403	62.403
1230	62.403	62.403
1231	62.403	62.403
1232	62.403	62.403
1233	62.403	62.403
1234	62.403	62.403
1235	62.403	62.403
1236	62.403	62.403
1237	62.403	62.403
1238	62.403	62.403
1239	62.403	62.403
1240	62.403	62.403
1241	62.403	62.403
1242	62.403	62.403
1243	62.403	62.403
1244	62.403	62.403
1245	62.403	62.403
1246	62.403	62.403
1247	62.403	62.403
1248	62.403	62.403
1249	62.403	62.403
1250	62.403	62.403
1251	62.403	62.403
1252	62.403	62.403
1253	62.403	62.403
1254	62.403	62.403
1255	62.403	62.403
1256	62.403	62.403
1257	62.403	62.403
1258	62.403	62.403
1259	62.403	62.403
1260	62.403	62.403
1261	62.403	62.403
1262	62.403	62.403
1263	62.403	62.403
1264	62.403	62.403
1265	62.403	62.403
1266	62.403	62.403
1267	62.403	62.403
1268	62.403	62.403
1269	62.403	62.403
1270	62.403	62.403
1271	62.403	62.403
1272	62.403	62.403
1273	62.403	62.403
1274	62.403	62.403
1275	62.403	62.403
1276	62.403	62.403
1277	62.403	62.403
1278	62.403	62.403
1279	62.403	62.403
1280	62.403	62.403
1281	62.403	62.403
1282	62.403	62.403
1283	62.403	62.403
1284	62.403	62.403
1285	62.403	62.403
1286	62.403	62.403
1287	62.403	62.403
1288	62.403	62.403
1289	62.403	62.403
1290	62.403	62.403
1291	62.403	62.403
1292	62.403	62.403
1293	62.403	62.403
1294	62.403	62.403
1295	62.403	62.403
1296	62.403	62.403
1297	62.403	62.403
1298	62.403	62.403
1299	62.403	62.403
1300	62.403	62.403
1301	62.403	62.403
1302	62.403	62.403
1303	62.403	62.403
1304	62.403	62.403
1305	62.403	62.403
1306	62.403	62.403
1307	62.403	62.403
1308	62.403	62.403
1309	62.403	62.403
1310	62.403	62.403
1311	62.403	62.403
1312	62.403	62.403
1313	62.403	62.403
1314	62.403	62.403
1315	62.403	62.403
1316	62.403	62.403
1317	62.403	62.403
1318	62.403	62.403
1319	62.403	62.403
1320	62.403	62.403
1321	62.403	62.403
1322	62.403	62.403
1323	62.403	62.403
1324	62.403	62.403
1325	62.403	62.403
1326	62.403	62.403
1327	62.403	62.403
1328	62.403	62.403
1329	62.403	62.403
1330	62.403	62.403
1331	62.403	62.403
1332	62.403	62.403
1333	62.403	62.403
1334	62.403	62.403
1335	62.403	62.403
1336	62.403	62.403
1337	62.403	62.403
1338	62.403	62.403
1339	62.403	62.403
1340	62.403	62.403
1341	62.403	62.403
1342	62.403	62.403
1343	62.403	62.403
1344	62.403	62.403
1345	62.403	62.403
1346	62.403	62.403
1347	62.403	62.403
1348	62.403	62.403
1349	62.403	62.403
1350	62.403	62.403
1351	62.403	62.403
1352	62.403	62.403
1353	62.403	62.403
1354	62.403	62.403
1355	62.403	62.403
1356	62.403	62.403
1357	62.403	62.403
1358	62.403	62.403
1359	62.403	62.403
1360	62.403	62.403
1361	62.403	62.403
1362	62.403	62.403
1363	62.403	62.403
1364	62.403	62.403
1365	62.403	62.403
1366	62.403	62.403
1367	62.403	62.403
1368	62.403	62.403
1369	62.403	62.403
1370	62.403	62.403
1371	62.403	62.403
1372	62.403	62.403
1373	62.403	62.403
1374	62.403	62.403
1375	62.403	62.403
1376	62.403	62.403
1377	62.403	62.403
1378	62.403	62.403
1379	62.403	62.403
1380	62.403	62.403
1381	62.403	62.403
1382	62.403	62.403
1383	62.403	62.403
1384	62.403	62.403
1385	62.403	62.403
1386	62.403	62.403
1387	62.403	62.403
1388	62.403	62.403
1389	62.403	62.403
1390	62.403	62.403
1391	62.403	62.403
1392	62.403	62.403
1393	62.403	62.403
1394	62.403	62.403
1395	62.403	62.403
1396	62.403	62.403
1397	62.403	62.403
1398	62.403	62.403
1399	62.403	62.403
1400	62.403	62.403
1401	62.403	62.403
1402	62.403	62.403
1403	62.403	62.403
1404	62.403	62.403
1405	62.403	62.403
1406	62.403	62.403
1407	62.403	62.403
1408	62.403	62.403
1409	62.403	62.403
1410	62.403	62.403
1411	62.403	62.403
1412	62.403	62.403
1413	62.403	62.403
1414	62.403	62.403
1415	62.403	62.403
1416	62.403	62.403
1417	62.403	62.403
1418	62.403	62.403
1419	62.403	62.403
1420	62.403	62.403
1421	62.403	62.403
1422	62.403	62.403
1423	62.403	62.403
1424	62.403	62.403
1425	62.403	62.403
1426	62.403	62.403
1427	62.403	62.403
1428	62.403	62.403
1429	62.403	62.403
1430	62.403	62.403
1431	62.403	62.403
1432	62.403	62.403
1433	62.403	62.403
1434	62.403	62.403
1435	62.403	62.403
1436	62.403	62.403
1437	62.403	62.403
1438	62.403	62.403
1439	62.403	62.403
1440	62.403	62.403
1441	62.403	62.403
1442	62.403	62.403
1443	62.403	62.403
1444	62.403	62.403
1445	62.403	62.403
1446	62.403	62.403
1447	62.403	62.403
1448	62.403	62.403
1449	62.403	62.403
1450	62.403	62.403
1451	62.403	62.403
1452	62.403	62.403
1453	62.403	62.403
1454	62.403	62.403
1455	62.403	62.403
1456	62.403	62.403
1457	62.403	62.403
1458	62.403	62.403
1459	62.403	62.403
1460	62.403	62.403
1461	62.403	62.403
1462	62.403	62.403
1463	62.403	62.403
1464	62.403	62.403
1465	62.403	62.403
1466	62.403	62.403
1467	62.403	62.403
1468	62.403	62.403
1469	62.403	62.403
1470	62.403	62.403
1471	62.403	62.403
1472	62.403	62.403
1473	62.403	62.403
1474	62.403	62.403
1475	62.403	62.403
1476	62.403	62.403
1477	62.403	62.403
1478	62.403	62.403
1479	62.403	62.403
1480	62.403	62.403
1481	62.403	62.403
1482	62.403	62.403
1483	62.403	62.403
1484	62.403	62.403
1485	62.403	62.403
1486	62.403	62.403
1487	62.403	62.403
1488	62.403	62.403
1489	62.403	62.403
1490	62.403	62.403
1491	62.403	62.403
1492	62.403	62.403
1493	62.403	62.403
1494	62.403	62.403
1495	62.403	62.403
1496	62.403	62.403
1497	62.403	62.403
1498	62.403	62.403
1499	62.403	62.403
1500	62.403	62.403
1501	62.403	62.403
1502	62.403	62.403
1503	62.403	62.403
1504	62.403	62.403
1505	62.403	62.403
1506	62.403	62.403
1507	62.403	62.403
1508	62.403	62.403
1509	62.403	62.403
1510	62.403	62.403
1511	62.403	62.403
1512	62.403	62.403
1513	62.403	62.403
1514	62.403	62.403
1515	62.403	62.403
1516	62.403	62.403
1517	62.403	62.403
1518	62.403	62.403
1519	62.403	62.403
1520	62.403	62.403
1521	62.403	62.403
1522	62.403	62.403
1523	62.403	62.403
1524	62.403	62.403
1525	62.403	62.403
1526	62.403	62.403
1527	62.403	62.403
1528	62.403	62.403
1529	62.403	62.403
1530	62.403	62.403
1531	62.403	62.403
1532	62.403	62.403
1533	62.403	62.403
1534	62.403	62.403
1535	62.403	62.403
1536	62.403	62.403
1537	62.403	62.403
1538	62.403	62.403
1539	62.403	62.403
1540	62.403	62.403
1541	62.403	62.403
1542	62.403	62.403
1543	62.403	62.403
1544	62.403	62.403
1545	62.403	62.403
1546	62.403	62.403
1547	62.403	62.403
1548	62.403	62.403
1549	62.403	62.403
1550	62.403	62.403
1551	62.403	62.403
1552	62.403	62.403
1553	62.403	62.403
1554	62.403	62.403
1555	62.403	62.403
1556	62.403	62.403
1557	62.403	62.403
1558	62.403	62.403
1559	62.403	62.403
1560	62.403	62.403
1561	62.403	62.403
1562	62.403	62.403
1563	62.403	62.403
1564	62.403	62.403
1565	62.403	62.403
1566	62.403	62.403
1567	62.403	62.403
1568	62.403	62.403
1569	62.403	62.403
1570	62.403	62.403
1571	62.403	62.403
1572	62.403	62.403
1573	62.403	62.403
1574	62.403	62.403
1575	62.403	62.403
1576	62.403	62.403
1577	62.403	62.403
1578	62.403	62.403
1579	62.403	62.403
1580	62.403	62.403
1581	62.403	62.403
1582	62.403	62.403
1583	62.403	62.403
1584	62.403	62.403
1585	62.403	62.403
1586	62.403	62.403
1587	62.403	62.403
1588	62.403	62.403
1589	62.403	62.403
1590	62.403	62.403
1591	62.403	62.403
1592	62.403	62.403
1593	62.403	62.403
1594	62.403	62.403
1595	62.403	62.403
1596	62.403	62.403
1597	62.403	62.403
1598	62.403	62.403
1599	62.403	62.403
1600	62.403	62.403
1601	62.403	62.403
1602	62.403	62.403
1603	62.403	62.403
1604	62.403	62.403
1605	62.403	62.403
1606	62.403	62.403
1607	62.403	62.403
1608	62.403	62.403
1609	62.403	62.403
1610	62.403	62.403
1611	62.403	62.403
1612	62.403	62.403
1613	62.403	62.403
1614	62.403	62.403
1615	62.403	62.403
1616	62.403	62.403
1617	62.403	62.403
1618	62.403	62.403
1619	62.403	62.403
1620	62.403	62.403
1621	62.403	62.403
1622	62.403	62.403
1623	62.403	62.403
1624	62.403	62.403
1625	62.403	62.403
1626	62.403	62.403
1627	62.403	62.403
1628	62.403	62.403
1629	62.403	62.403
1630	62.403	62.403
1631	62.403	62.403
1632	62.403	62.403
1633	62.403	62.403
1634	62.403	62.403
1635	62.403	62.403
1636	62.403	62.403
1637	62.403	62.403
1638	62.403	62.403
1639	62.403	62.403
1640	62.403	62.403
1641	62.403	62.403
1642	62.403	62.403
1643	62.403	62.403
1644	62.403	62.403
1645	62.403	62.403
1646	62.403	62.403
1647	62.403	62.403
1648	62.403	62.403
1649	62.403	62.403
1650	62.403	62.403
1651	62.403	62.403
1652	62.403	62.403
1653	62.403	62.403
1654	62.403	62.403
1655	62.403	62.403
1656	62.403	62.403
1657	62.403	62.403
1658	62.403	62.403
1659	62.403	62.403
1660	62.403	62.403
1661	62.403	62.403
1662	62.403	62.403
1663	62.403	62.403
1664	62.403	62.403
1665	62.403	62.403
1666	62.403	62.403
1667	62.403	62.403
1668	62.403	62.403
1669	62.403	62.403
1670	62.403	62.403
1671	62.403	62.403
1672	62.403	62.403
1673	62.403	62.403
1674	62.403	62.403
1675	62.403	62.403
1676	62.403	62.403
1677	62.403	62.403
1678	62.403	62.403
1679	62.403	62.403
1680	62.403	62.403
1681	62.403	62.403
1682	62.403	62.403
1683	62.403	62.403
1684	62.403	62.403
1685	62.403	62.403
1686	62.403	62.403
1687	62.403	62.403
1688	62.403	62.403
1689	62.403	62.403
1690	62.403	62.403
1691	62.403	62.403
1692	62.403	62.403
1693	62.403	62.403
1694	62.403	62.403
1695	62.403	62.403
1696	62.403	62.403
1697	62.403	62.403
1698	62.403	62.403
1699	62.403	62.403
1700	62.403	62.403
1701	62.403	62.403
1702	62.403	62.403
1703	62.403	62.403
1704	62.403	62.403
1705	62.403	62.403
1706	62.403	62.403
1707	62.403	62.403
1708	62.403	62.403
1709	62.403	62.403
1710	62.403	62.403
1711	62.403	62.403
1712	62.403	62.403
1713	62.403	62.403
1714	62.403	62.403
1715	62.403	62.403
1716	62.403	62.403
1717	62.403	62.403
1718	62.403	62.403
1719	62.403	62.403
1720	62.403	62.403
1721	62.403	62.403
1722	62.403	62.403
1723	62.403	62.403
1724	62.403	62.403
1725	62.403	62.403
1726	62.403	62.403
1727	62.403	62.403
1728	62.403	62.403
1729	62.403	62.403
1730	62.403	62.403
1731	62.403	62.403
1732	62.403	62.403
1733	62.403	62.403
1734	62.403	62.403
1735	62.403	62.403
1736	62.403	62.403
1737	62.403	62.403
1738	62.403	62.403
1739	62.403	62.403
1740	62.403	62.403
1741	62.403	62.403
1742	62.403	62.403
1743	62.403	62.403
1744	62.403	62.403
1745	62.403	62.403
1746	62.403	62.403
1747	62.403	62.403
1748	62.403	62.403
1749	62.403	62.403
1750	62.403	62.403
1751	62.403	62.403
1752	62.403	62.403
1753	62.403	62.403
1754	62.403	62.403
1755	62.403	62.403
1756	62.403	62.403
1757	62.403	62.403
1758	62.403	62.403
1759	62.403	62.403
1760	62.403	62.403
1761	62.403	62.403
1762	62.403	62.403
1763	62.403	62.403
1764	62.403	62.403
1765	62.403	62.403
1766	62.403	62.403
1767	62.403	62.403
1768	62.403	62.403
1769	62.403	62.403
1770	62.403	62.403
1771	62.403	62.403
1772	62.403	62.403
1773	62.403	62.403
1774	62.403	62.403
1775	62.403	62.403
1776	62.403	62.403
1777	62.403	62.403
1778	62.403	62.403
1779	62.403	62.403
1780	62.403	62.403
1781	62.403	62.403
1782	62.403	62.403
1783	62.403	62.403
1784	62.403	62.403
1785	62.403	62.403
1786	62.403	62.403
1787	62.403	62.403
1788	62.403	62.403
1789	62.403	62.403
1790	62.403	62.403
1791	62.403	62.403
1792	62.403	62.403
1793	62.403	62.403
1794	62.403	62.403
1795	62.403	62.403
1796	62.403	62.403
1797	62.403	62.403
1798	62.403	62.403
1799	62.403	62.403
1800	62.403	62.403
1801	62.403	62.403
1802	62.403	62.403
1803	62.403	62.403
1804	62.403	62.403
1805	62.403	62.403
1806	62.403	62.403
1807	62.403	62.403
1808	62.403	62.403
1809	62.403	62.403
1810	62.403	62.403
1811	62.403	62.403
1812	62.403	62.403
1813	62.403	62.403
1814	62.403	62.403
1815	62.403	62.403
1816	62.403	62.403
1817	62.403	62.403
1818	62.403	62.403
1819	62.403	62.403
1820	62.403	62.403
1821	62.403	62.403
1822	62.403	62.403
1823	62.403	62.403
1824	62.403	62.403
1825	62.403	62.403
1826	62.403	62.403
1827	62.403	62.403
1828	62.403	62.403
1829	62.403	62.403
1830	62.403	62.403
1831	62.403	62.403
1832	62.403	62.403
1833	62.403	62.403
1834	62.403	62.403
1835	62.403	62.403
1836	62.403	62.403
1837	62.403	62.403
1838	62.403	62.403
1839	62.403	62.403
1840	62.403	62.403
1841	62.403	62.403
1842	62.403	62.403
1843	62.403	62.403
1844	62.403	62.403
1845	62.403	62.403
1846	62.403	62.403
1847	62.403	62.403
1848	62.403	62.403
1849	62.403	62.403
1850	62.403	62.403
1851	62.403	62.403
1852	62.403	62.403
1853	62.403	62.403
1854	62.403	62.403
1855	62.403	62.403
1856	62.403	62.403
1857	62.403	62.403
1858	62.403	62.403
1859	62.403	62.403
1860	62.403	62.403
1861	62.403	62.403
1862	62.403	62.403
1863	62.403	62.403
1864	62.403	62.403
1865	62.403	62.403
1866	62.403	62.403
1867	62.403	62.403
1868	62.403	62.403
1869	62.403	62.403
1870	62.403	62.403
1871	62.403	62.403
1872	62.403	62.403
1873	62.403	62.403
1874	62.403	62.403
1875	62.403	62.403
1876	62.403	62.403
1877	62.403	62.403
1878	62.403	62.403
1879	62.403	62.403
1880	62.403	62.403
1881	62.403	62.403
1882	62.403	62.403
1883	62.403	62.403
1884	62.403	62.403
1885	62.403	62.403
1886	62.403	62.403
1887	62.403	62.403
1888	62.403	62.403
1889	62.403	62.403
1890	62.403	62.403
1891	62.403	62.403
1892	62.403	62.403
1893	62.403	62.403
1894	62.403	62.403
1895	62.403	62.403
1896	62.403	62.403
1897	62.403	62.403
1898	62.403	62.403
1899	62.403	62.403
1900	62.403	62.403
1901	62.403	62.403
1902	62.403	62.403
1903	62.403	62.403
1904	62.403	62.403
1905	62.403	62.403
1906	62.403	62.403
1907	62.403	62.403
1908	62.403	62.403
1909	62.403	62.403
1910	62.403	62.403
1911	62.403	62.403
1912	62.403	62.403
1913	62.403	62.403
1914	62.403	62.403
1915	62.403	62.403
1916	62.403	62.403
1917	62.403	62.403
1918	62.403	62.403
1919	62.403	62.403
1920	62.403	62.403
1921	62.403	62.403
1922	62.403	62.403
1923	62.403	62.403
1924	62.403	62.403
1925	62.403	62.403
1926	62.403	62.403
1927	62.403	62.403
1928	62.403	62.403
1929	62.403	62.403
1930	62.403	62.403
1931	62.403	62.403
1932	62.403	62.403
1933	62.403	62.403
1934	62.403	62.403
1935	62.403	62.403
1936	62.403	62.403
1937	62.403	62.403
1938	62.403	62.403
1939	62.403	62.403
1940	62.403	62.403
1941	62.403	62.403
1942	62.403	62.403
1943	62.403	62.403
1944	62.403	62.403
1945	62.403	62.403
1946	62.403	62.403
1947	62.403	62.403
1948	62.403	62.403
1949	62.403	62.403
1950	62.403	62.403
1951	62.403	62.403
1952	62.403	62.403
1953	62.403	62.403
1954	62.403	62.403
1955	62.403	62.403
1956	62.403	62.403
1957	62.403	62.403
1958	62.403	62.403
1959	62.403	62.403
1960	62.403	62.403
1961	62.403	62.403
1962	62.403	62.403
1963	62.403	62.403
1964	62.403	62.403
1965	62.403	62.403
1966	62.403	62.403
1967	62.403	62.403
1968	62.403	62.403
1969	62.403	62.403
1970	62.403	62.403
1971	62.403	62.403
1972	62.403	62.403
1973	62.403	62.403
1974	62.403	62.403
1975	62.403	62.403
1976	62.403	62.403
1977	62.403	62.403
1978	62.403	62.403
1979	62.403	62.403
1980	62.403	62.403
1981	62.403	62.403
1982	62.403	62.403
1983	62.403	62.403
1984	62.403	62.403
1985	62.403	62.403
1986	62.403	62.403
1987	62.403	62.403
1988	62.403	62.403
1989	62.403	62.403
1990	62.403	62.403
1991	62.403	62.403
1992	62.403	62.403
1993	62.403	62.403
1994	62.403	62.403
1995	62.403	62.403
1996	62.403	62.403
1997	62.403	62.403
1998	62.403	62.403
1999	62.403	62.403
2000	62.403	62.403
2001	62.403	62.403
2002	62.403	62.403
2003	62.403	62.403
2004	62.403	62.403
2005	62.403	62.403
2006	62.403	62.403
2007	62.403	62.403
2008	62.403	62.403
2009	62.403	62.403
2010	62.403	62.403
2011	62.403	62.403
2012	62.403	62.403
2013	62.403	62.403
2014	62.403	62.403
2015	62.403	62.403
2016	62.403	62.403
2017	62.403	62.403
2018	62.403	62.403
2019	62.403	62.403
2020	62.403	62.403
2021	62.403	62.403
2022	62.403	62.403
2023	62.403	62.403
2024	62.403	62.403
2025	62.403	62.403
2026	62.403	62.403
2027	62.403	62.403
2028	62.403	62.403
2029	62.403	62.403
2030	62.403	62.403
2031	62.403	62.403
2032	62.403	62.403
2033	62.403	62.403
2034	62.403	62.403
2035	62.403	62.403
2036	62.403	62.403
2037	62.403	62.403
2038	62.403	62.403
2039	62.403	62.403
2040	62.403	62.403
2041	62.403	62.403
2042	62.403	62.403
2043	62.403	62.403
2044	62.403	62.403
2045	62.403	62.403
2046	62.403	62.403
2047	62.403	62.403
2048	62.403	62.403
2049	62.403	62.403
2050	62.403	62.403
2051	62.403	62.403
2052	62.403	62.403
2053	62.403	62.403
2054	62.403	62.403
2055	62.403	62.403
2056	62.403	62.403
2057	62.403	62.403
2058	62.403	62.403
2059	62.403	62.403
2060	62.403	62.403
2061	62.403	62.403
2062	62.403	62.403
2063	62.403	62.403
2064	62.403	62.403
2065	62.403	62.403
2066	62.403	62.403
2067	62.403	62.403
2068	62.403	62.403
2069	62.403	62.403
2070	62.403	62.403
2071	62.403	62.403
2072	62.403	62.403
2073	62.403	62.403
2074	62.403	62.403
2075	62.403	62.403
2076	62.403	62.403
2077	62.403	62.403
2078	62.403	62.403
2079	62.403	62.403
2080	62.403	62.403
2081	62.403	62.403
2082	62.403	62.403
2083	62.403	62.403
2084	62.403	62.403
2085	62.403	62.403
2086	62.403	62.403
2087	62.403	62.403
2088	62.403	62.403
2089	62.403	62.403
2090	62.403	62.403
2091	62.403	62.403
2092	62.403	62.403
2093	62.403	62.403
2094	62.403	62.403
2095	62.403	62.403
2096	62.403	62.403
2097	62.403	62.403
2098	62.403	62.403
2099	62.403	62.403
2100	62.403	62.403
2101	62.403	62.403
2102	62.403	62.403
2103	62.403	62.403
2104	62.403	62.403
2105	62.403	62.403
2106	62.403	62.403
2107	62.403	62.403
2108	62.403	62.403
2109	62.403	62.403
2110	62.403	62.403
2111	62.403	62.403
2112	62.403	62.403
2113	62.403	62.403
2114	62.403	62.403
2115	62.403	62.403
2116	62.403	62.403
2117	62.403	62.403
2118	62.403	62.403
2119	62.403	62.403
2120	62.403	62.403
2121	62.403	62.403
2122	62.403	62.403
2123	62.403	62.403
2124	62.403	62.403
2125	62.403	62.403
2126	62.403	62.403
2127	62.403	62.403
2128	62.403	62.403
2129	62.403	62.403
2130	62.403	62.403
2131	62.403	62.403
2132	62.403	62.403
2133	62.403	62.403
2134	62.403	62.403
2135	62.403	62.403
2136	62.403	62.403
2137	62.403	62.403
2138	62.403	62.403
2139	62.403	62.403
2140	62.403	62.403
2141	62.403	62.403
2142	62.403	62.403
2143	62.403	62.403
2144	62.403	62.403
2145	62.403	62.403
2146	62.403	62.403
2147	62.403	62.403
2148	62.403	62.403
2149	62.403	62.403
2150	62.403	62.403
2151	62.403	62.403
2152	62.403	62.403
2153	62.403	62.403
2154	62.403	62.403
2155	62.403	62.403
2156	62.403	62.403
2157	62.403	62.403
2158	62.403	62.403
2159	62.403	62.403
2160	62.403	62.403
2161	62.403	62.403
2162	62.403	62.403
2163	62.403	62.403
2164	62.403	62.403
2165	62.403	62.403
2166	62.403	62.403
2167	62.403	62.403
2168	62.403	62.403
2169	62.403	62.403
2170	62.403	62.403
2171	62.403	62.403
2172	62.403	62.403
2173	62.403	62.403
2174	62.403	62.403
2175	62.403	62.403
2176	62.403	62.403
2177	62.403	62.403
2178	62.403	62.403
2179	62.403	62.403
2180	62.403	62.403
2181	62.403	62.403
2182	62.403	62.403
2183	62.403	62.403
2184	62.403	62.403
2185	62.403	62.403
2186	62.403	62.403
2187	62.403	62.403
2188	62.403	62.403
2189	62.403	62.403
2190	62.403	62.403
2191	62.403	62.403
2192	62.403	62.403
2193	62.403	62.403
2194	62.403	62.403
2195	62.403	62.403
2196	62.403	62.403
2197	62.403	62.403
2198	62.403	62.403
2199	62.403	62.403
2200	62.403	62.403
2201	62.403	62.403
2202	62.403	62.403
2203	62.403	62.403
2204	62.403	62.403
2205	62.403	62.403
2206	62.403	62.403
2207	62.403	62.403
2208	62.403	62.403
2209	62.403	62.403
2210	62.403	62.403
2211	62.403	62.403
2212	62.403	62.403
2213	62.403	62.403
2214	62.403	62.403
2215	62.403	62.403
2216	62.403	62.403
2217	62.403	62.403
2218	62.403	62.403
2219	62.403	62.403
2220	62.403	62.403
2221	62.403	62.403
2222	62.403	62.403
2223	62.403	62.403
2224	62.403	62.403
2225	62.403	62.403
2226	62.403	62.403
2227	62.403	62.403
2228	62.403	62.403
2229	62.403	62.403
2230	62.403	62.403
2231	62.403	62.403
2232	62.403	62.403
2233	62.403	62.403
2234	62.403	62.403
2235	62.403	62.403
2236	62.403	62.403
2237	62.403	62.403
2238	62.403	62.403
2239	62.403	62.403
2240	62.403	62.403
2241	62.403	62.403
2242	62.403	62.403
2243	62.403	62.403
2244	62.403	62.403
2245	62.403	62.403
2246	62.403	62.403
2247	62.403	62.403
2248	62.403	62.403
2249	62.403	62.403
2250	62.403	62.403
2251	62.403	62.403
2252	62.403	62.403
2253	62.403	62.403
2254	62.403	62.403
2255	62.403	62.403
2256	62.403	62.403
2257	62.403	62.403
2258	62.403	62.403
2259	62.403	62.403
2260	62.403	62.403
2261	62.403	62.403
2262	62.403	62.403
2263	62.403	62.403
2264	62.403	62.403
2265	62.403	62.403
2266	62.403	62.403
2267	62.403	62.403
2268	62.403	62.403
2269	62.403	62.403
2270	62.403	62.403
2271	62.403	62.403
2272	62.403	62.403
2273	62.403	62.403
2274	62.403	62.403
2275	62.403	62.403
2276	62.403	62.403
2277	62.403	62.403
2278	62.403	62.403
2279	62.403	62.403
2280	62.403	62.403
2281	62.403	62.403
2282	62.403	62.403
2283	62.403	62.403
2284	62.403	62.403
2285	62.403	62.403
2286	62.403	62.403
2287	62.403	62.403
2288	62.403	62.403
2289	62.403	62.403
2290	62.403	62.403
2291	62.403	62.403
2292	62.403	62.403
2293	62.403	62.403
2294	62.403	62.403
2295	62.403	62.403
2296	62.403	62.403
2297	62.403	62.403
2298	62.403	62.403
2299	62.403	62.403
2300	62.403	62.403
2301	62.403	62.403
2302	62.403	62.403
2303	62.403	62.403
2304	62.403	62.403
2305	62.403	62.403
2306	62.403	62.403
2307	62.403	62.403
2308	62.403	62.403
2309	62.403	62.403
2310	62.403	62.403
2311	62.403	62.403
2312	62.403	62.403
2313	62.403	62.403
2314	62.403	62.403
2315	62.403	62.403
2316	62.403	62.403
2317	62.403	62.403
2318	62.403	62.403
2319	62.403	62.403
2320	62.403	62.403
2321	62.403	62.403
2322	62.403	62.403
2323	62.403	62.403
2324	62.403	62.403
2325	62.403	62.403
2326	62.403	62.403
2327	62.403	62.403
2328	62.403	62.403
2329	62.403	62.403
2330	62.403	62.403
2331	62.403	62.403
2332	62.403	62.403
2333	62.403	62.403
2334	62.403	62.403
2335	62.403	62.403
2336	62.403	62.403
2337	62.403	62.403
2338	62.403	62.403
2339	62.403	62.403
2340	62.403	62.403
2341	62.403	62.403
2342	62.403	62.403
2343	62.403	62.403
2344	62.403	62.403
2345	62.403	62.403
2346	62.403	62.403
2347	62.403	62.403
2348	62.403	62.403
2349	62.403	62.403
2350	62.403	62.403
2351	62.403	62.403
2352	62.403	62.403
2353	62.403	62.403
2354	62.403	62.403
2355	62.403	62.403
2356	62.403	62.403
2357	62.403	62.403
2358	62.403	62.403
2359	62.403	62.403
2360	62.403	62.403
2361	62.403	62.403
2362	62.403	62.403
2363	62.403	62.403
2364	62.403	62.403
2365	62.403	62.403
2366	62.403	62.403
2367	62.403	62.403
2368	62.403	62.403
2369	62.403	62.403
2370	62.403	62.403
2371	62.403	62.403
2372	62.403	62.403
2373	62.403	62.403
2374	62.403	62.403
2375	62.403	62.403
2376	62.403	62.403
2377	62.403	62.403
2378	62.403	62.403
2379	62.403	62.403
2380	62.403	62.403
2381	62.403	62.403
2382	62.403	62.403
2383	62.403	62.403
2384	62.403	62.403
2385	62.403	62.403
2386	62.403	62.403
2387	62.403	62.403
2388	62.403	62.403
2389	62.403	62.403
2390	62.403	62.403
2391	62.403	62.403
2392	62.403	62.403
2393	62.403	62.403
2394	62.403	62.403
2395	62.403	62.403
2396	62.403	62.403
2397	62.403	62.403
2398	62.403	62.403
2399	62.403	62.403
2400	62.403	62.403
2401	62.403	62.403
2402	62.403	62.403
2403	62.403	62.403
2404	62.403	62.403
2405	62.403	62.403
2406	62.403	62.403
2407	62.403	62.403
2408	62.403	62.403
2409	62.403	62.403
2410	62.403	62.403
2411	62.403	62.403
2412	62.403	62.403
2413	62.403	62.403
2414	62.403	62.403
2415	62.403	62.403
2416	62.403	62.403
2417	62.403	62.403
2418	62.403	62.403
2419	62.403	62.403
2420	62.403	62.403
2421	62.403	62.403
2422	62.403	62.403
2423	62.403	62.403
2424	62.403	62.403
2425	62.403	62.403
2426	62.403	62.403
2427	62.403	62.403
2428	62.403	62.403
2429	62.403	62.403
2430	62.403	62.403
2431	62.403	62.403
2432	62.403	62.403
2433	62.403	62.403
2434	62.403	62.403
2435	62.403	62.403
2436	62.403	62.403
2437	62.403	62.403
2438	62.403	62.403
2439	62.403	62.403
2440	62.403	62.403
2441	62.403	62.403
2442	62.403	62.403
2443	62.403	62.403
2444	62.403	62.403
2445	62.403	62.403
2446	62.403	62.403
2447	62.403	62.403
2448	62.403	62.403
2449	62.403	62.403
2450	62.403	62.403
2451	62.403	62.403
2452	62.403	62.403
2453	62.403	62.403
2454	62.403	62.403
2455	62.403	62.403
2456	62.403	62.403
2457	62.403	62.403
2458	62.403	62.403
2459	62.403	62.403
2460	62.403	62.403
2461	62.403	62.403
2462	62.403	62.403
2463	62.403	62.403
2464	62.403	62.403
2465	62.403	62.403
2466	62.403	62.403
2467	62.403	62.403
2468	62.403	62.403
2469	62.403	62.403
2470	62.403	62.403
2471	62.403	62.403
2472	62.403	62.403
2473	62.403	62.403
2474	62.403	62.403
2475	62.403	62.403
2476	62.403	62.403
2477	62.403	62.403
2478	62.403	62.403
2479	62.403	62.403
2480	62.403	62.403
2481	62.403	62.403
2482	62.403	62.403
2483	62.403	62.403
2484	62.403	62.403
2485	62.403	62.403
2486	62.403	62.403
2487	62.403	62.403
2488	62.403	62.403
2489	62.403	62.403
2490	62.403	62.403
2491	62.403	62.403
2492	62.403	62.403
2493	62.403	62.403
2494	62.403	62.403
2495	62.403	62.403
2496	62.403	62.403
2497	62.403	62.403
2498	62.403	62.403
2499	62.403	62.403
2500	62.403	62.403
2501	62.403	62.403
2502	62.403	62.403
2503	62.403	62.403
2504	62.403	62.403
2505	62.403	62.403
2506	62.403	62.403
2507	62.403	62.403
2508	62.403	62.403
2509	62.403	62.403
2510	62.403	62.403
2511	62.403	62.403
2512	62.403	62.403
2513	62.403	62.403
2514	62.403	62.403
2515	62.403	62.403
2516	62.403	62.403
2517	62.403	62.403
2518	62.403	62.403
2519	62.403	62.403
2520	62.403	62.403
2521	62.403	62.403
2522	62.403	62.403
2523	62.403	62.403
2524	62.403	62.403
2525	62.403	62.403
2526	62.403	62.403
2527	62.403	62.403
2528	62.403	62.403
2529	62.403	62.403
2530	62.403	62.403
2531	62.403	62.403
2532	62.403	62.403
2533	62.403	62.403
2534	62.403	62.403
2535	62.403	62.403
2536	62.403	62.403
2537	62.403	62.403
2538	62.403	62.403
2539	62.403	62.403
2540	62.403	62.403
2541	62.403	62.403
2542	62.403	62.403
2543	62.403	62.403
2544	62.403	62.403
2545	62.403	62.403
2546	62.403	62.403
2547	62.403	62.403
2548	62.403	62.403
2549	62.403	62.403
2550	62.403	62.403
2551	62.403	62.403
2552	62.403	62.403
2553	62.403	62.403
2554	62.403	62.403
2555	62.403	62.403
2556	62.403	62.403
2557	62.403	62.403
2558	62.403	62.403
2559	62.403	62.403
2560	62.403	62.403
2561	62.403	62.403
2562	62.403	62.403
2563	62.403	62.403
2564	62.403	62.403
2565	62.403	62.403
2566	62.403	62.403
2567	62.403	62.403
2568	62.403	62.403
2569	62.403	62.403
2570	62.403	62.403
2571	62.403	62.403
2572	62.403	62.403
2573	62.403	62.403
2574	62.403	62.403
2575	62.403	62.403
2576	62.403	62.403
2577	62.403	62.403
2578	62.403	62.403
2579	62.403	62.403
2580	62.403	62.403
2581	62.403	62.403
2582	62.403	62.403
2583	62.403	62.403
2584	62.403	62.403
2585	62.403	62.403
2586	62.403	62.403
2587	62.403	62.403
2588	62.403	62.403
2589	62.403	62.403
2590	62.403	62.403
2591	62.403	62.403
2592	62.403	62.403
2593	62.403	62.403
2594	62.403	62.403
2595	62.403	62.403
2596	62.403	62.403
2597	62.403	62.403
2598	62.403	62.403
2599	62.403	62.403
2600	62.403	62.403
2601	62.403	62.403
2602	62.403	62.403
2603	62.403	62.403
2604	62.403	62.403
2605	62.403	62.403
2606	62.403	62.403
2607	62.403	62.403
2608	62.403	62.403
2609	62.403	62.403
2610	62.403	62.403
2611	62.403	62.403
2612	62.403	62.403
2613	62.403	62.403
2614	62.403	62.403
2615	62.403	62.403
2616	62.403	62.403
2617	62.403	62.403
2618	62.403	62.403
2619	62.403	62.403
2620	62.403	62.403
2621	62.403	62.403
2622	62.403	62.403
2623	62.403	62.403
2624	62.403	62.403
2625	62.403	62.403
2626	62.403	62.403
2627	62.403	62.403
2628	62.403	62.403
2629	62.403	62.403
2630	62.403	62.403
2631	62.403	62.403
2632	62.403	62.403
2633	62.403	62.403
2634	62.403	62.403
2635	62.403	62.403
2636	62.403	62.403
2637	62.403	62.403
2638	62.403	62.403
2639	62.403	62.403
2640	62.403	62.403
2641	62.403	62.403
2642	62.403	62.403
2643	62.403	62.403
2644	62.403	62.403
2645	62.403	62.403
2646	62.403	62.403
2647	62.403	62.403
2648	62.403	62.403
2649	62.403	62.403
2650	62.403	62.403
2651	62.403	62.403
2652	62.403	62.403
2653	62.403	62.403
2654	62.403	62.403
2655	62.403	62.403
2656	62.403	62.403
2657	62.403	62.403
2658	62.403	62.403
2659	62.403	62.403
2660	62.403	62.403
2661	62.403	62.403
2662	62.403	62.403
2663	62.403	62.403
2664	62.403	62.403
2665	62.403	62.403
2666	62.403	62.403
2667	62.403	62.403
2668	62.403	62.403
2669	62.403	62.403
2670	62.403	62.403
2671	62.403	62.403
2672	62.403	62.403
2673	62.403	62.403
2674	62.403	62.403
2675	62.403	62.403
2676	62.403	62.403
2677	62.403	62.403
2678	62.403	62.403
2679	62.403	62.403
2680	62.403	62.403
2681	62.403	62.403
2682	62.403	62.403
2683	62.403	62.403
2684	62.403	62.403
2685	62.403	62.403
2686	62.403	62.403
2687	62.403	62.403
2688	62.403	62.403
2689	62.403	62.403
2690	62.403	62.403
2691	62.403	62.403
2692	62.403	62.403
2693	62.403	62.403
2694	62.403	62.403
2695	62.403	62.403
2696	62.403	62.403
2697	62.403	62.403
2698	62.403	62.403
2699	62.403	62.403
2700	62.403	62.403
2701	62.403	62.403
2702	62.403	62.403
2703	62.403	62.403
2704	62.403	62.403
2705	62.403	62.403
2706	62.403	62.403
2707	62.403	62.403
2708	62.403	62.403
2709	62.403	62.403
2710	62.403	62.403
2711	62.403	62.403
2712	62.403	62.403
2713	62.403	62.403
2714	62.403	62.403
2715	62.403	62.403
2716	62.403	62.403
2717	62.403	62.403
2718	62.403	62.403
2719	62.403	62.403
2720	62.403	62.403
2721	62.403	62.403
2722	62.403	62.403
2723	62.403	62.403
2724	62.403	62.403
2725	62.403	62.403
2726	62.403	62.403
2727	62.403	62.403
2728	62.403	62.403
2729	62.403	62.403
2730	62.403	62.403
2731	62.403	62.403
2732	62.403	62.403
2733	62.403	62.403
2734	62.403	62.403
2735	62.403	62.403
2736	62.403	62.403
2737	62.403	62.403
2738	62.403	62.403
2739	62.403	62.403
2740	62.403	62.403
2741	62.403	62.403
2742	62.403	62.403
2743	62.403	62.403
2744	62.403	62.403
2745	62.403	62.403
2746	62.403	62.403
2747	62.403	62.403
2748	62.403	62.403
2749	62.403	62.403
2750	62.403	62.403
2751	62.403	62.403
2752	62.403	62.403
2753	62.403	62.403
2754	62.403	62.403
2755	62.403	62.403
2756	62.403	62.403
2757	62.403	62.403
2758	62.403	62.403
2759	62.403	62.403
2760	62.403	62.403
2761	62.403	62.403
2762	62.403	62.403
2763	62.403	62.403
2764	62.403	62.403
2765	62.403	62.403
2766	62.403	62.403
2767	62.403	62.403
2768	62.403	62.403
2769	62.403	62.403
2770	62.403	62.403
2771	62.403	62.403
2772	62.403	62.403
2773	62.403	62.403
2774	62.403	62.403
2775	62.403	62.403
2776	62.403	62.403
2777	62.403	62.403
2778	62.403	62.403
2779	62.403	62.403
2780	62.403	62.403
2781	62.403	62.403
2782	62.403	62.403
2783	62.403	62.403
2784	62.403	62.403
2785	62.403	62.403
2786	62.403	62.403
2787	62.403	62.403
2788	62.403	62.403
2789	62.403	62.403
2790	62.403	62.403
2791	62.403	62.403
2792	62.403	62.403
2793	62.403	62.403
2794	62.403	62.403
2795	62.403	62.403
2796	62.403	62.403
2797	62.403	62.403
2798	62.403	62.403
2799	62.403	62.403
2800	62.403	62.403
2801	62.403	62.403
2802	62.403	62.403
2803	62.403	62.403
2804	62.403	62.403
2805	62.403	62.403
2806	62.403	62.403
2807	62.403	62.403
2808	62.403	62.403
2809	62.403	62.403
2810	62.403	62.403
2811	62.403	62.403
2812	62.403	62.403
2813	62.403	62.403
2814	62.403	62.403
2815	62.403	62.403
2816	62.403	62.403
2817	62.403	62.403
2818	62.403	62.403
2819	62.403	62.403
2820	62.403	62.403
2821	62.403	62.403
2822	62.403	62.403
2823	62.403	62.403
2824	62.403	62.403
2825	62.403	62.403
2826	62.403	62.403
2827	62.403	62.403
2828	62.403	62.403
2829	62.403	62.403
2830	62.403	62.403
2831	62.403	62.403
2832	62.403	62.403
2833	62.403	62.403
2834	62.403	62.403
2835	62.403	62.403
2836	62.403	62.403
2837	62.403	62.403
2838	62.403	62.403
2839	62.403	62.403
2840	62.403	62.403
2841	62.403	62.403
2842	62.403	62.403
2843	62.403	62.403
2844	62.403	62.403
2845	62.403	62.403
2846	62.403	62.403
2847	62.403	62.403
2848	62.403	62.403
2849	62.403	62.403
2850	62.403	62.403
2851	62.403	62.403
2852	62.403	62.403
2853	62.403	62.403
2854	62.403	62.403
2855	62.403	62.403
2856	62.403	62.403
2857	62.403	62.403
2858	62.403	62.403
2859	62.403	62.403
2860	62.403	62.403
2861	62.403	62.403
2862	62.403	62.403
2863	62.403	62.403
2864	62.403	62.403
2865	62.403	62.403
2866	62.403	62.403
2867	62.403	62.403
2868	62.403	62.403
2869	62.403	62.403
2870	62.403	62.403
2871	62.403	62.403
2872	62.403	62.403
2873	62.403	62.403
2874	62.403	62.403
2875	62.403	62.403
2876	62.403	62.403
2877	62.403	62.403
2878	62.403	62.403
2879	62.403	62.403
2880	62.403	62.403
2881	62.403	62.403
2882	62.403	62.403
2883	62.403	62.403
2884	62.403	62.403
2885	62.403	62.403
2886	62.403	62.403
2887	62.403	62.403
2888	62.403	62.403
2889	62.403	62.403
2890	62.403	62.403
2891	62.403	62.403
2892	62.403	62.403
2893	62.403	62.403
2894	62.403	62.403
2895	62.403	62.403
2896	62.403	62.403
2897	62.403	62.403
2898	62.403	62.403
2899	62.403	62.403
2900	62.403	62.403
2901	62.403	62.403
2902	62.403	62.403
2903	62.403	62.403
2904	62.403	62.403
2905	62.403	62.403
2906	62.403	62.403
2907	62.403	62.403
2908	62.403	62.403
2909	62.403	62.403
2910	62.403	62.403
2911	62.403	62.403
2912	62.403	62.403
2913	62.403	62.403
2914	62.403	62.403
2915	62.403	62.403
2916	62.403	62.403
2917	62.403	62.403
2918	62.403	62.403
2919	62.403	62.403
2920	62.403	62.403
2921	62.403	62.403
2922	62.403	62.403
2923	62.403	62.403
2924	62.403	62.403
2925	62.403	62.403
2926	62.403	62.403
2927	62.403	62.403
2928	62.403	62.403
2929	62.403	62.403
2930	62.403	62.403
2931	62.403	62.403
2932	62.403	62.403
2933	62.403	62.403
2934	62.403	62.403
2935	62.403	62.403
2936	62.403	62.403
2937	62.403	62.403
2938	62.403	62.403
2939	62.403	62.403
2940	62.403	62.403
2941	62.403	62.403
2942	62.403	62.403
2943	62.403	62.403
2944	62.403	62.403
2945	62.403	62.403
2946	62.403	62.403
2947	62.403	62.403
2948	62.403	62.403
2949	62.403	62.403
2950	62.403	62.403
2951	62.403	62.403
2952	62.403	62.403
2953	62.403	62.403
2954	62.403	62.403
2955	62.403	62.403
2956	62.403	62.403
2957	62.403	62.403
2958	62.403	62.403
2959	62.403	62.403
2960	62.403	62.403
2961	62.403	62.403
2962	62.403	62.403
2963	62.403	62.403
2964	62.403	62.403
2965	62.403	62.403
2966	62.403	62.403
2967	62.403	62.403
2968	62.403	62.403
2969	62.403	62.403
2970	62.403	62.403
2971	62.403	62.403
2972	62.403	62.403
2973	62.403	62.403
2974	62.403	62.403
2975	62.403	62.403
2976	62.403	62.403
2977	62.403	62.403
2978	62.403	62.403
2979	62.403	62.403
2980	62.403	62.403
2981	62.403	62.403
2982	62.403	62.403
2983	62.403	62.403
2984	62.403	62.403
2985	62.403	62.403
2986	62.403	62.403
2987	62.403	62.403
2988	62.403	62.403
2989	62.403	62.403
2990	62.403	62.403
2991	62.403	62.403
2992	62.403	62.403
2993	62.403	62.403
2994	62.403	62.403
2995	62.403	62.403
2996	62.403	62.403
2997	62.403	62.403
2998	62.403	62.403
2999	62.403	62.403
3000	62.403	62.403
