0	135.702	164.473
1	124.675	146.888
2	114.208	132.362
3	102.773	119.172
4	97.5807	108.938
5	87.0503	100.733
6	86.4994	95.2601
7	85.0551	88.5761
8	84.6039	85.833
9	81.9954	84.9152
10	80.6202	83.7618
11	78.1657	81.4535
12	76.0767	80.3577
13	75.4123	78.0525
14	73.3108	75.9326
15	70.2266	74.7573
16	69.3654	72.4267
17	69.3654	70.4526
18	69.3654	69.4189
19	66.6235	69.3555
20	65.974	68.3865
21	65.6937	66.4121
22	64.9695	65.8479
23	64.8497	65.4331
24	64.8452	64.9428
25	64.7589	64.8655
26	64.7589	64.8267
27	64.7589	64.7809
28	64.0596	64.755
29	63.4986	64.4944
30	61.1002	63.7921
31	60.0306	62.2433
32	57.9293	60.3673
33	57.7648	59.4049
34	57.7648	58.3627
35	57.7648	57.7772
36	57.7648	57.7648
37	57.7648	57.7648
38	57.2808	57.7601
39	56.9105	57.5305
40	56.8868	57.1768
41	54.3368	56.8354
42	53.9665	55.4191
43	53.9665	54.1435
44	53.4373	53.9649
45	53.3222	53.7922
46	53.3222	53.3942
47	51.8294	53.318
48	51.652	52.8945
49	51.3816	51.8652
50	51.2042	51.6059
51	51.2042	51.2834
52	51.2042	51.2042
53	51.2042	51.2042
54	51.2042	51.2042
55	51.2042	51.2042
56	51.2042	51.2042
57	51.2042	51.2042
58	51.0839	51.2039
59	50.4011	51.1742
60	50.4011	50.9326
61	50.4011	50.457
62	50.4011	50.4011
63	50.2808	50.4008
64	50.2808	50.3807
65	50.2808	50.3016
66	50.2808	50.2808
67	50.2808	50.2808
68	50.2808	50.2808
69	50.2808	50.2808
70	50.2808	50.2808
71	48.0541	50.2752
72	48.0541	49.7318
73	48.0541	48.2729
74	48.0541	48.0541
75	48.0541	48.0541
76	48.0541	48.0541
77	48.0541	48.0541
78	48.0541	48.0541
79	48.0541	48.0541
80	48.0541	48.0541
81	48.0541	48.0541
82	48.0541	48.0541
83	48.0541	48.0541
84	48.0541	48.0541
85	48.0541	48.0541
86	48.0541	48.0541
87	48.0541	48.0541
88	48.0541	48.0541
89	48.0541	48.0541
90	48.0541	48.0541
91	48.0541	48.0541
92	48.0541	48.0541
93	48.0541	48.0541
94	48.0541	48.0541
95	47.4323	48.0525
96	47.4323	47.8878
97	47.4323	47.482
98	47.4323	47.4323
99	47.4323	47.4323
100	47.4323	47.4323
101	47.4323	47.4323
102	47.4323	47.4323
103	47.4323	47.4323
104	47.4323	47.4323
105	47.4323	47.4323
106	47.4323	47.4323
107	47.4323	47.4323
108	47.4323	47.4323
109	47.4323	47.4323
110	47.4323	47.4323
111	47.4323	47.4323
112	47.4323	47.4323
113	47.4323	47.4323
114	47.4323	47.4323
115	47.4323	47.4323
116	47.4323	47.4323
117	47.4323	47.4323
118	47.4323	47.4323
119	47.4323	47.4323
120	47.4323	47.4323
121	47.4323	47.4323
122	47.4323	47.4323
123	47.4323	47.4323
124	47.4323	47.4323
125	47.4323	47.4323
126	47.4323	47.4323
127	47.4323	47.4323
128	47.4323	47.4323
129	47.4323	47.4323
130	47.4323	47.4323
131	47.4323	47.4323
132	47.4323	47.4323
133	47.4323	47.4323
134	47.4323	47.4323
135	47.4323	47.4323
136	47.4323	47.4323
137	47.4323	47.4323
138	47.4323	47.4323
139	47.4323	47.4323
140	47.4323	47.4323
141	47.4323	47.4323
142	47.4323	47.4323
143	47.4323	47.4323
144	47.4323	47.4323
145	47.4323	47.4323
146	47.4323	47.4323
147	47.4323	47.4323
148	47.4323	47.4323
149	47.4323	47.4323
150	47.4323	47.4323
151	47.4323	47.4323
152	47.4323	47.4323
153	47.4323	47.4323
154	47.4323	47.4323
155	47.4323	47.4323
156	47.4323	47.4323
157	47.4323	47.4323
158	47.4323	47.4323
159	47.4323	47.4323
160	47.4323	47.4323
161	47.4323	47.4323
162	47.4323	47.4323
163	47.4323	47.4323
164	47.4323	47.4323
165	47.4323	47.4323
166	47.4323	47.4323
167	47.4323	47.4323
168	47.4323	47.4323
169	47.4323	47.4323
170	47.4323	47.4323
171	47.4323	47.4323
172	47.4323	47.4323
173	47.4323	47.4323
174	47.4323	47.4323
175	47.4323	47.4323
176	47.4323	47.4323
177	47.4323	47.4323
178	47.4323	47.4323
179	47.4323	47.4323
180	47.4323	47.4323
181	47.4323	47.4323
182	47.4323	47.4323
183	47.4323	47.4323
184	47.4323	47.4323
185	47.4323	47.4323
186	47.4323	47.4323
187	47.4323	47.4323
188	47.4323	47.4323
189	47.4323	47.4323
190	47.4323	47.4323
191	47.4323	47.4323
192	47.4323	47.4323
193	47.4323	47.4323
194	47.4323	47.4323
195	47.4323	47.4323
196	47.4323	47.4323
197	47.4323	47.4323
198	47.4323	47.4323
199	47.4323	47.4323
200	47.4323	47.4323
201	47.4323	47.4323
202	47.4323	47.4323
203	47.4323	47.4323
204	47.4323	47.4323
205	47.4323	47.4323
206	47.4323	47.4323
207	47.4323	47.4323
208	47.4323	47.4323
209	47.4323	47.4323
210	47.4323	47.4323
211	47.4323	47.4323
212	47.4323	47.4323
213	47.4323	47.4323
214	47.4323	47.4323
215	47.4323	47.4323
216	47.4323	47.4323
217	47.4323	47.4323
218	47.4323	47.4323
219	47.4323	47.4323
220	47.4323	47.4323
221	47.4323	47.4323
222	47.4323	47.4323
223	47.4323	47.4323
224	47.4323	47.4323
225	47.4323	47.4323
226	47.4323	47.4323
227	47.4323	47.4323
228	47.4323	47.4323
229	47.4323	47.4323
230	47.4323	47.4323
231	47.4323	47.4323
232	47.4323	47.4323
233	47.4323	47.4323
234	47.4323	47.4323
235	47.4323	47.4323
236	47.4323	47.4323
237	47.4323	47.4323
238	47.4323	47.4323
239	47.4323	47.4323
240	47.4323	47.4323
241	47.4323	47.4323
242	47.4323	47.4323
243	47.4323	47.4323
244	47.4323	47.4323
245	47.4323	47.4323
246	47.4323	47.4323
247	47.4323	47.4323
248	47.4323	47.4323
249	47.4323	47.4323
250	47.4323	47.4323
251	47.4323	47.4323
252	47.4323	47.4323
253	47.4323	47.4323
254	47.4323	47.4323
255	47.4323	47.4323
256	47.4323	47.4323
257	47.4323	47.4323
258	47.4323	47.4323
259	47.4323	47.4323
260	47.4323	47.4323
261	47.4323	47.4323
262	47.4323	47.4323
263	47.4323	47.4323
264	47.4323	47.4323
265	47.4323	47.4323
266	47.4323	47.4323
267	47.4323	47.4323
268	47.4323	47.4323
269	47.4323	47.4323
270	47.4323	47.4323
271	47.4323	47.4323
272	47.4323	47.4323
273	47.4323	47.4323
274	47.4323	47.4323
275	47.4323	47.4323
276	47.4323	47.4323
277	47.4323	47.4323
278	47.4323	47.4323
279	47.4323	47.4323
280	47.4323	47.4323
281	47.4323	47.4323
282	47.4323	47.4323
283	47.4323	47.4323
284	47.4323	47.4323
285	47.4323	47.4323
286	47.4323	47.4323
287	47.4323	47.4323
288	47.4323	47.4323
289	47.4323	47.4323
290	47.4323	47.4323
291	47.4323	47.4323
292	47.4323	47.4323
293	47.4323	47.4323
294	47.4323	47.4323
295	47.4323	47.4323
296	47.4323	47.4323
297	47.4323	47.4323
298	47.4323	47.4323
299	47.4323	47.4323
300	47.4323	47.4323
301	47.4323	47.4323
302	47.4323	47.4323
303	47.4323	47.4323
304	47.4323	47.4323
305	47.4323	47.4323
306	47.4323	47.4323
307	47.4323	47.4323
308	47.4323	47.4323
309	47.4323	47.4323
310	47.4323	47.4323
311	47.4323	47.4323
312	47.4323	47.4323
313	47.4323	47.4323
314	47.4323	47.4323
315	47.4323	47.4323
316	47.4323	47.4323
317	47.4323	47.4323
318	47.4323	47.4323
319	47.4323	47.4323
320	47.4323	47.4323
321	47.4323	47.4323
322	47.4323	47.4323
323	47.4323	47.4323
324	47.4323	47.4323
325	47.4323	47.4323
326	47.4323	47.4323
327	47.4323	47.4323
328	47.4323	47.4323
329	47.4323	47.4323
330	47.4323	47.4323
331	47.4323	47.4323
332	47.4323	47.4323
333	47.2392	47.4318
334	47.2392	47.4091
335	47.2392	47.3207
336	47.2392	47.2392
337	47.2392	47.2392
338	47.2392	47.2392
339	47.2392	47.2392
340	47.2392	47.2392
341	47.2392	47.2392
342	47.2392	47.2392
343	47.2392	47.2392
344	47.2392	47.2392
345	47.2392	47.2392
346	47.2392	47.2392
347	47.2392	47.2392
348	46.3666	47.2371
349	46.3666	46.9469
350	46.3666	46.3666
351	46.3666	46.3666
352	46.3666	46.3666
353	46.3666	46.3666
354	46.3666	46.3666
355	46.3666	46.3666
356	46.3666	46.3666
357	46.3666	46.3666
358	46.3666	46.3666
359	46.3666	46.3666
360	46.3666	46.3666
361	46.3666	46.3666
362	46.3666	46.3666
363	46.3666	46.3666
364	46.3666	46.3666
365	46.3666	46.3666
366	46.3666	46.3666
367	46.3666	46.3666
368	46.3666	46.3666
369	46.3666	46.3666
370	46.3666	46.3666
371	46.3666	46.3666
372	46.3666	46.3666
373	46.3666	46.3666
374	46.3666	46.3666
375	46.3666	46.3666
376	46.3666	46.3666
377	46.3666	46.3666
378	46.3666	46.3666
379	46.3666	46.3666
380	46.3666	46.3666
381	46.3666	46.3666
382	46.3666	46.3666
383	46.3666	46.3666
384	46.3666	46.3666
385	46.3666	46.3666
386	46.3666	46.3666
387	46.3666	46.3666
388	46.3666	46.3666
389	46.3666	46.3666
390	46.3666	46.3666
391	46.3666	46.3666
392	46.3666	46.3666
393	46.3666	46.3666
394	46.3666	46.3666
395	46.3666	46.3666
396	46.3666	46.3666
397	46.3666	46.3666
398	46.3666	46.3666
399	46.3666	46.3666
400	46.3666	46.3666
401	46.3666	46.3666
402	46.3666	46.3666
403	46.3666	46.3666
404	46.3666	46.3666
405	46.3666	46.3666
406	46.3666	46.3666
407	46.3666	46.3666
408	46.3666	46.3666
409	46.3666	46.3666
410	46.3666	46.3666
411	46.3666	46.3666
412	46.3666	46.3666
413	46.3666	46.3666
414	46.3666	46.3666
415	46.3666	46.3666
416	46.3666	46.3666
417	46.3666	46.3666
418	46.3666	46.3666
419	46.3666	46.3666
420	46.3666	46.3666
421	46.3666	46.3666
422	46.3666	46.3666
423	46.3666	46.3666
424	46.3666	46.3666
425	46.3666	46.3666
426	46.3666	46.3666
427	46.3666	46.3666
428	46.3666	46.3666
429	46.3666	46.3666
430	46.3666	46.3666
431	46.3666	46.3666
432	46.3666	46.3666
433	46.3666	46.3666
434	46.3666	46.3666
435	46.3666	46.3666
436	46.3666	46.3666
437	46.3666	46.3666
438	46.3666	46.3666
439	46.3666	46.3666
440	46.3666	46.3666
441	46.3666	46.3666
442	46.3666	46.3666
443	46.3666	46.3666
444	46.3666	46.3666
445	46.3666	46.3666
446	46.3666	46.3666
447	46.3666	46.3666
448	46.3666	46.3666
449	46.3666	46.3666
450	46.3666	46.3666
451	46.3666	46.3666
452	46.3666	46.3666
453	46.3666	46.3666
454	46.3666	46.3666
455	46.3666	46.3666
456	46.3666	46.3666
457	46.3666	46.3666
458	46.3666	46.3666
459	46.3666	46.3666
460	46.3666	46.3666
461	46.3666	46.3666
462	46.3666	46.3666
463	46.3666	46.3666
464	46.3666	46.3666
465	46.3666	46.3666
466	46.3666	46.3666
467	46.3666	46.3666
468	46.3666	46.3666
469	46.3666	46.3666
470	46.3666	46.3666
471	46.3666	46.3666
472	46.3666	46.3666
473	46.3666	46.3666
474	46.3666	46.3666
475	46.3666	46.3666
476	46.3666	46.3666
477	46.3666	46.3666
478	46.3666	46.3666
479	46.3666	46.3666
480	46.3666	46.3666
481	46.3666	46.3666
482	46.3666	46.3666
483	46.3666	46.3666
484	46.3666	46.3666
485	46.3666	46.3666
486	46.3666	46.3666
487	46.3666	46.3666
488	46.3666	46.3666
489	46.3666	46.3666
490	46.3666	46.3666
491	46.3666	46.3666
492	46.3666	46.3666
493	46.3666	46.3666
494	46.3666	46.3666
495	46.3666	46.3666
496	46.3666	46.3666
497	46.3666	46.3666
498	46.3666	46.3666
499	46.3666	46.3666
500	46.3666	46.3666
501	46.3666	46.3666
502	46.3666	46.3666
503	46.3666	46.3666
504	46.3666	46.3666
505	46.3666	46.3666
506	46.3666	46.3666
507	46.3666	46.3666
508	46.3666	46.3666
509	46.3666	46.3666
510	46.3666	46.3666
511	46.3666	46.3666
512	46.3666	46.3666
513	46.3666	46.3666
514	46.3666	46.3666
515	46.3666	46.3666
516	46.3666	46.3666
517	46.3666	46.3666
518	46.3666	46.3666
519	46.3666	46.3666
520	46.3666	46.3666
521	46.3666	46.3666
522	46.3666	46.3666
523	46.3666	46.3666
524	46.3666	46.3666
525	46.3666	46.3666
526	46.3666	46.3666
527	46.3666	46.3666
528	46.3666	46.3666
529	46.3666	46.3666
530	46.3666	46.3666
531	46.3666	46.3666
532	46.3666	46.3666
533	46.3666	46.3666
534	46.3666	46.3666
535	46.3666	46.3666
536	46.3666	46.3666
537	46.3666	46.3666
538	46.3666	46.3666
539	46.3666	46.3666
540	46.3666	46.3666
541	46.3666	46.3666
542	46.3666	46.3666
543	46.3666	46.3666
544	46.3666	46.3666
545	46.3666	46.3666
546	46.3666	46.3666
547	46.3666	46.3666
548	46.3666	46.3666
549	46.3666	46.3666
550	46.3666	46.3666
551	46.3666	46.3666
552	46.3666	46.3666
553	46.3666	46.3666
554	46.3666	46.3666
555	46.3666	46.3666
556	46.3666	46.3666
557	46.3666	46.3666
558	46.3666	46.3666
559	46.3666	46.3666
560	46.3666	46.3666
561	46.3666	46.3666
562	46.3666	46.3666
563	46.3666	46.3666
564	46.3666	46.3666
565	46.3666	46.3666
566	46.3666	46.3666
567	46.3666	46.3666
568	46.3666	46.3666
569	46.3666	46.3666
570	46.3666	46.3666
571	46.3666	46.3666
572	46.3666	46.3666
573	46.3666	46.3666
574	46.3666	46.3666
575	46.3666	46.3666
576	46.3666	46.3666
577	46.3666	46.3666
578	46.3666	46.3666
579	46.3666	46.3666
580	46.3666	46.3666
581	46.3666	46.3666
582	46.3666	46.3666
583	46.3666	46.3666
584	46.3666	46.3666
585	46.3666	46.3666
586	46.3666	46.3666
587	46.3666	46.3666
588	46.3666	46.3666
589	46.3666	46.3666
590	46.3666	46.3666
591	46.3666	46.3666
592	46.3666	46.3666
593	46.3666	46.3666
594	46.3666	46.3666
595	46.3666	46.3666
596	46.3666	46.3666
597	46.3666	46.3666
598	46.3666	46.3666
599	46.3666	46.3666
600	46.3666	46.3666
601	46.3666	46.3666
602	46.3666	46.3666
603	46.3666	46.3666
604	46.3666	46.3666
605	46.3666	46.3666
606	46.3666	46.3666
607	46.3666	46.3666
608	46.3666	46.3666
609	46.3666	46.3666
610	46.3666	46.3666
611	46.3666	46.3666
612	46.3666	46.3666
613	46.3666	46.3666
614	46.3666	46.3666
615	46.3666	46.3666
616	46.3666	46.3666
617	46.3666	46.3666
618	46.3666	46.3666
619	46.3666	46.3666
620	46.3666	46.3666
621	46.3666	46.3666
622	46.3666	46.3666
623	46.3666	46.3666
624	46.3666	46.3666
625	46.3666	46.3666
626	46.3666	46.3666
627	46.3666	46.3666
628	46.3666	46.3666
629	46.3666	46.3666
630	46.3666	46.3666
631	46.3666	46.3666
632	46.3666	46.3666
633	46.3666	46.3666
634	46.3666	46.3666
635	46.3666	46.3666
636	46.3666	46.3666
637	46.3666	46.3666
638	46.3666	46.3666
639	46.3666	46.3666
640	46.3666	46.3666
641	46.3666	46.3666
642	46.3666	46.3666
643	46.3666	46.3666
644	46.3666	46.3666
645	46.3666	46.3666
646	46.3666	46.3666
647	46.3666	46.3666
648	46.3666	46.3666
649	46.3666	46.3666
650	46.3666	46.3666
651	46.3666	46.3666
652	46.3666	46.3666
653	46.3666	46.3666
654	46.3666	46.3666
655	46.3666	46.3666
656	46.3666	46.3666
657	46.3666	46.3666
658	46.3666	46.3666
659	46.3666	46.3666
660	46.3666	46.3666
661	46.3666	46.3666
662	46.3666	46.3666
663	46.3666	46.3666
664	46.3666	46.3666
665	46.3666	46.3666
666	46.3666	46.3666
667	46.3666	46.3666
668	46.3666	46.3666
669	46.3666	46.3666
670	46.3666	46.3666
671	46.3666	46.3666
672	46.3666	46.3666
673	46.3666	46.3666
674	46.3666	46.3666
675	46.3666	46.3666
676	46.3666	46.3666
677	46.3666	46.3666
678	46.3666	46.3666
679	46.3666	46.3666
680	46.3666	46.3666
681	46.3666	46.3666
682	46.3666	46.3666
683	46.3666	46.3666
684	46.3666	46.3666
685	46.3666	46.3666
686	46.3666	46.3666
687	46.3666	46.3666
688	46.3666	46.3666
689	46.3666	46.3666
690	46.3666	46.3666
691	46.3666	46.3666
692	46.3666	46.3666
693	46.3666	46.3666
694	46.3666	46.3666
695	46.3666	46.3666
696	46.3666	46.3666
697	46.3666	46.3666
698	46.3666	46.3666
699	46.3666	46.3666
700	46.3666	46.3666
701	46.3666	46.3666
702	46.3666	46.3666
703	46.3666	46.3666
704	46.3666	46.3666
705	46.3666	46.3666
706	46.3666	46.3666
707	46.3666	46.3666
708	46.3666	46.3666
709	46.3666	46.3666
710	46.3666	46.3666
711	46.3666	46.3666
712	46.3666	46.3666
713	46.3666	46.3666
714	46.3666	46.3666
715	46.3666	46.3666
716	46.3666	46.3666
717	46.3666	46.3666
718	46.3666	46.3666
719	46.3666	46.3666
720	46.3666	46.3666
721	46.3666	46.3666
722	46.3666	46.3666
723	46.3666	46.3666
724	46.3666	46.3666
725	46.3666	46.3666
726	46.3666	46.3666
727	46.3666	46.3666
728	46.3666	46.3666
729	46.3666	46.3666
730	46.3666	46.3666
731	46.3666	46.3666
732	46.3666	46.3666
733	46.3666	46.3666
734	46.3666	46.3666
735	46.3666	46.3666
736	46.3666	46.3666
737	46.3666	46.3666
738	46.3666	46.3666
739	46.3666	46.3666
740	46.3666	46.3666
741	46.3666	46.3666
742	46.3666	46.3666
743	46.3666	46.3666
744	46.3666	46.3666
745	46.3666	46.3666
746	46.3666	46.3666
747	46.3666	46.3666
748	46.3666	46.3666
749	46.3666	46.3666
750	46.3666	46.3666
751	46.3666	46.3666
752	46.3666	46.3666
753	46.3666	46.3666
754	46.3666	46.3666
755	46.3666	46.3666
756	46.3666	46.3666
757	46.3666	46.3666
758	46.3666	46.3666
759	46.3666	46.3666
760	46.3666	46.3666
761	46.3666	46.3666
762	46.3666	46.3666
763	46.3666	46.3666
764	46.3666	46.3666
765	46.3666	46.3666
766	46.3666	46.3666
767	46.3666	46.3666
768	46.3666	46.3666
769	46.3666	46.3666
770	46.3666	46.3666
771	46.3666	46.3666
772	46.3666	46.3666
773	46.3666	46.3666
774	46.3666	46.3666
775	46.3666	46.3666
776	46.3666	46.3666
777	46.3666	46.3666
778	46.3666	46.3666
779	46.3666	46.3666
780	46.3666	46.3666
781	46.3666	46.3666
782	46.3666	46.3666
783	46.3666	46.3666
784	46.3666	46.3666
785	46.3666	46.3666
786	46.3666	46.3666
787	46.3666	46.3666
788	46.3666	46.3666
789	46.3666	46.3666
790	46.3666	46.3666
791	46.3666	46.3666
792	46.3666	46.3666
793	46.3666	46.3666
794	46.3666	46.3666
795	46.3666	46.3666
796	46.3666	46.3666
797	46.3666	46.3666
798	46.3666	46.3666
799	46.3666	46.3666
800	46.3666	46.3666
801	46.3666	46.3666
802	46.3666	46.3666
803	46.3666	46.3666
804	46.3666	46.3666
805	46.3666	46.3666
806	46.3666	46.3666
807	46.3666	46.3666
808	46.3666	46.3666
809	46.3666	46.3666
810	46.3666	46.3666
811	46.3666	46.3666
812	46.3666	46.3666
813	46.3666	46.3666
814	46.3666	46.3666
815	46.3666	46.3666
816	46.3666	46.3666
817	46.3666	46.3666
818	46.3666	46.3666
819	46.3666	46.3666
820	46.3666	46.3666
821	46.3666	46.3666
822	46.3666	46.3666
823	46.3666	46.3666
824	46.3666	46.3666
825	46.3666	46.3666
826	46.3666	46.3666
827	46.3666	46.3666
828	46.3666	46.3666
829	46.3666	46.3666
830	46.3666	46.3666
831	46.3666	46.3666
832	46.3666	46.3666
833	46.3666	46.3666
834	46.3666	46.3666
835	46.3666	46.3666
836	46.3666	46.3666
837	46.3666	46.3666
838	46.3666	46.3666
839	46.3666	46.3666
840	46.3666	46.3666
841	46.3666	46.3666
842	46.3666	46.3666
843	46.3666	46.3666
844	46.3666	46.3666
845	46.3666	46.3666
846	46.3666	46.3666
847	46.3666	46.3666
848	46.3666	46.3666
849	46.3666	46.3666
850	46.3666	46.3666
851	46.3666	46.3666
852	46.3666	46.3666
853	46.3666	46.3666
854	46.3666	46.3666
855	46.3666	46.3666
856	46.3666	46.3666
857	46.3666	46.3666
858	46.3666	46.3666
859	46.3666	46.3666
860	46.3666	46.3666
861	46.3666	46.3666
862	46.3666	46.3666
863	46.3666	46.3666
864	46.3666	46.3666
865	46.3666	46.3666
866	46.3666	46.3666
867	46.3666	46.3666
868	46.3666	46.3666
869	46.3666	46.3666
870	46.3666	46.3666
871	46.3666	46.3666
872	46.3666	46.3666
873	46.3666	46.3666
874	46.3666	46.3666
875	46.3666	46.3666
876	46.3666	46.3666
877	46.3666	46.3666
878	46.3666	46.3666
879	46.3666	46.3666
880	46.3666	46.3666
881	46.3666	46.3666
882	46.3666	46.3666
883	46.3666	46.3666
884	46.3666	46.3666
885	46.3666	46.3666
886	46.3666	46.3666
887	46.3666	46.3666
888	46.3666	46.3666
889	46.3666	46.3666
890	46.3666	46.3666
891	46.3666	46.3666
892	46.3666	46.3666
893	46.3666	46.3666
894	46.3666	46.3666
895	46.3666	46.3666
896	46.3666	46.3666
897	46.3666	46.3666
898	46.3666	46.3666
899	46.3666	46.3666
900	46.3666	46.3666
901	46.3666	46.3666
902	46.3666	46.3666
903	46.3666	46.3666
904	46.3666	46.3666
905	46.3666	46.3666
906	46.3666	46.3666
907	46.3666	46.3666
908	46.3666	46.3666
909	46.3666	46.3666
910	46.3666	46.3666
911	46.3666	46.3666
912	46.3666	46.3666
913	46.3666	46.3666
914	46.3666	46.3666
915	46.3666	46.3666
916	46.3666	46.3666
917	46.3666	46.3666
918	46.3666	46.3666
919	46.3666	46.3666
920	46.3666	46.3666
921	46.3666	46.3666
922	46.3666	46.3666
923	46.3666	46.3666
924	46.3666	46.3666
925	46.3666	46.3666
926	46.3666	46.3666
927	46.3666	46.3666
928	46.3666	46.3666
929	46.3666	46.3666
930	46.3666	46.3666
931	46.3666	46.3666
932	46.3666	46.3666
933	46.3666	46.3666
934	46.3666	46.3666
935	46.3666	46.3666
936	46.3666	46.3666
937	46.3666	46.3666
938	46.3666	46.3666
939	46.3666	46.3666
940	46.3666	46.3666
941	46.3666	46.3666
942	46.3666	46.3666
943	46.3666	46.3666
944	46.3666	46.3666
945	46.3666	46.3666
946	46.3666	46.3666
947	46.3666	46.3666
948	46.3666	46.3666
949	46.3666	46.3666
950	46.3666	46.3666
951	46.3666	46.3666
952	46.3666	46.3666
953	46.3666	46.3666
954	46.3666	46.3666
955	46.3666	46.3666
956	46.3666	46.3666
957	46.3666	46.3666
958	46.3666	46.3666
959	46.3666	46.3666
960	46.3666	46.3666
961	46.3666	46.3666
962	46.3666	46.3666
963	46.3666	46.3666
964	46.3666	46.3666
965	46.3666	46.3666
966	46.3666	46.3666
967	46.3666	46.3666
968	46.3666	46.3666
969	46.3666	46.3666
970	46.3666	46.3666
971	46.3666	46.3666
972	46.3666	46.3666
973	46.3666	46.3666
974	46.3666	46.3666
975	46.3666	46.3666
976	46.3666	46.3666
977	46.3666	46.3666
978	46.3666	46.3666
979	46.3666	46.3666
980	46.3666	46.3666
981	46.3666	46.3666
982	46.3666	46.3666
983	46.3666	46.3666
984	46.3666	46.3666
985	46.3666	46.3666
986	46.3666	46.3666
987	46.3666	46.3666
988	46.3666	46.3666
989	46.3666	46.3666
990	46.3666	46.3666
991	46.3666	46.3666
992	46.3666	46.3666
993	46.3666	46.3666
994	46.3666	46.3666
995	46.3666	46.3666
996	46.3666	46.3666
997	46.3666	46.3666
998	46.3666	46.3666
999	46.3666	46.3666
1000	46.3666	46.3666
1001	46.3666	46.3666
1002	46.3666	46.3666
1003	46.3666	46.3666
1004	46.3666	46.3666
1005	46.3666	46.3666
1006	46.3666	46.3666
1007	46.3666	46.3666
1008	46.3666	46.3666
1009	46.3666	46.3666
1010	46.3666	46.3666
1011	46.3666	46.3666
1012	46.3666	46.3666
1013	46.3666	46.3666
1014	46.3666	46.3666
1015	46.3666	46.3666
1016	46.3666	46.3666
1017	46.3666	46.3666
1018	46.3666	46.3666
1019	46.3666	46.3666
1020	46.3666	46.3666
1021	46.3666	46.3666
1022	46.3666	46.3666
1023	46.3666	46.3666
1024	46.3666	46.3666
1025	46.3666	46.3666
1026	46.3666	46.3666
1027	46.3666	46.3666
1028	46.3666	46.3666
1029	46.3666	46.3666
1030	46.3666	46.3666
1031	46.3666	46.3666
1032	46.3666	46.3666
1033	46.3666	46.3666
1034	46.3666	46.3666
1035	46.3666	46.3666
1036	46.3666	46.3666
1037	46.3666	46.3666
1038	46.3666	46.3666
1039	46.3666	46.3666
1040	46.3666	46.3666
1041	46.3666	46.3666
1042	46.3666	46.3666
1043	46.3666	46.3666
1044	46.3666	46.3666
1045	46.3666	46.3666
1046	46.3666	46.3666
1047	46.3666	46.3666
1048	46.3666	46.3666
1049	46.3666	46.3666
1050	46.3666	46.3666
1051	46.3666	46.3666
1052	46.3666	46.3666
1053	46.3666	46.3666
1054	46.3666	46.3666
1055	46.3666	46.3666
1056	46.3666	46.3666
1057	46.3666	46.3666
1058	46.3666	46.3666
1059	46.3666	46.3666
1060	46.3666	46.3666
1061	46.3666	46.3666
1062	46.3666	46.3666
1063	46.3666	46.3666
1064	46.3666	46.3666
1065	46.3666	46.3666
1066	46.3666	46.3666
1067	46.3666	46.3666
1068	46.3666	46.3666
1069	46.3666	46.3666
1070	46.3666	46.3666
1071	46.3666	46.3666
1072	46.3666	46.3666
1073	46.3666	46.3666
1074	46.3666	46.3666
1075	46.3666	46.3666
1076	46.3666	46.3666
1077	46.3666	46.3666
1078	46.3666	46.3666
1079	46.3666	46.3666
1080	46.3666	46.3666
1081	46.3666	46.3666
1082	46.3666	46.3666
1083	46.3666	46.3666
1084	46.3666	46.3666
1085	46.3666	46.3666
1086	46.3666	46.3666
1087	46.3666	46.3666
1088	46.3666	46.3666
1089	46.3666	46.3666
1090	46.3666	46.3666
1091	46.3666	46.3666
1092	46.3666	46.3666
1093	46.3666	46.3666
1094	46.3666	46.3666
1095	46.3666	46.3666
1096	46.3666	46.3666
1097	46.3666	46.3666
1098	46.3666	46.3666
1099	46.3666	46.3666
1100	46.3666	46.3666
1101	46.3666	46.3666
1102	46.3666	46.3666
1103	46.3666	46.3666
1104	46.3666	46.3666
1105	46.3666	46.3666
1106	46.3666	46.3666
1107	46.3666	46.3666
1108	46.3666	46.3666
1109	46.3666	46.3666
1110	46.3666	46.3666
1111	46.3666	46.3666
1112	46.3666	46.3666
1113	46.3666	46.3666
1114	46.3666	46.3666
1115	46.3666	46.3666
1116	46.3666	46.3666
1117	46.3666	46.3666
1118	46.3666	46.3666
1119	46.3666	46.3666
1120	46.3666	46.3666
1121	46.3666	46.3666
1122	46.3666	46.3666
1123	46.3666	46.3666
1124	46.3666	46.3666
1125	46.3666	46.3666
1126	46.3666	46.3666
1127	46.3666	46.3666
1128	46.3666	46.3666
1129	46.3666	46.3666
1130	46.3666	46.3666
1131	46.3666	46.3666
1132	46.3666	46.3666
1133	46.3666	46.3666
1134	46.3666	46.3666
1135	46.3666	46.3666
1136	46.3666	46.3666
1137	46.3666	46.3666
1138	46.3666	46.3666
1139	46.3666	46.3666
1140	46.3666	46.3666
1141	46.3666	46.3666
1142	46.3666	46.3666
1143	46.3666	46.3666
1144	46.3666	46.3666
1145	46.3666	46.3666
1146	46.3666	46.3666
1147	46.3666	46.3666
1148	46.3666	46.3666
1149	46.3666	46.3666
1150	46.3666	46.3666
1151	46.3666	46.3666
1152	46.3666	46.3666
1153	46.3666	46.3666
1154	46.3666	46.3666
1155	46.3666	46.3666
1156	46.3666	46.3666
1157	46.3666	46.3666
1158	46.3666	46.3666
1159	46.3666	46.3666
1160	46.3666	46.3666
1161	46.3666	46.3666
1162	46.3666	46.3666
1163	46.3666	46.3666
1164	46.3666	46.3666
1165	46.3666	46.3666
1166	46.3666	46.3666
1167	46.3666	46.3666
1168	46.3666	46.3666
1169	46.3666	46.3666
1170	46.3666	46.3666
1171	46.3666	46.3666
1172	46.3666	46.3666
1173	46.3666	46.3666
1174	46.3666	46.3666
1175	46.3666	46.3666
1176	46.3666	46.3666
1177	46.3666	46.3666
1178	46.3666	46.3666
1179	46.3666	46.3666
1180	46.3666	46.3666
1181	46.3666	46.3666
1182	46.3666	46.3666
1183	46.3666	46.3666
1184	46.3666	46.3666
1185	46.3666	46.3666
1186	46.3666	46.3666
1187	46.3666	46.3666
1188	46.3666	46.3666
1189	46.3666	46.3666
1190	46.3666	46.3666
1191	46.3666	46.3666
1192	46.3666	46.3666
1193	46.3666	46.3666
1194	46.3666	46.3666
1195	46.3666	46.3666
1196	46.3666	46.3666
1197	46.3666	46.3666
1198	46.3666	46.3666
1199	46.3666	46.3666
1200	46.3666	46.3666
1201	46.3666	46.3666
1202	46.3666	46.3666
1203	46.3666	46.3666
1204	46.3666	46.3666
1205	46.3666	46.3666
1206	46.3666	46.3666
1207	46.3666	46.3666
1208	46.3666	46.3666
1209	46.3666	46.3666
1210	46.3666	46.3666
1211	46.3666	46.3666
1212	46.3666	46.3666
1213	46.3666	46.3666
1214	46.3666	46.3666
1215	46.3666	46.3666
1216	46.3666	46.3666
1217	46.3666	46.3666
1218	46.3666	46.3666
1219	46.3666	46.3666
1220	46.3666	46.3666
1221	46.3666	46.3666
1222	46.3666	46.3666
1223	46.3666	46.3666
1224	46.3666	46.3666
1225	46.3666	46.3666
1226	46.3666	46.3666
1227	46.3666	46.3666
1228	46.3666	46.3666
1229	46.3666	46.3666
1230	46.3666	46.3666
1231	46.3666	46.3666
1232	46.3666	46.3666
1233	46.3666	46.3666
1234	46.3666	46.3666
1235	46.3666	46.3666
1236	46.3666	46.3666
1237	46.3666	46.3666
1238	46.3666	46.3666
1239	46.3666	46.3666
1240	46.3666	46.3666
1241	46.3666	46.3666
1242	46.3666	46.3666
1243	46.3666	46.3666
1244	46.3666	46.3666
1245	46.3666	46.3666
1246	46.3666	46.3666
1247	46.3666	46.3666
1248	46.3666	46.3666
1249	46.3666	46.3666
1250	46.3666	46.3666
1251	46.3666	46.3666
1252	46.3666	46.3666
1253	46.3666	46.3666
1254	46.3666	46.3666
1255	46.3666	46.3666
1256	46.3666	46.3666
1257	46.3666	46.3666
1258	46.3666	46.3666
1259	46.3666	46.3666
1260	46.3666	46.3666
1261	46.3666	46.3666
1262	46.3666	46.3666
1263	46.3666	46.3666
1264	46.3666	46.3666
1265	46.3666	46.3666
1266	46.3666	46.3666
1267	46.3666	46.3666
1268	46.3666	46.3666
1269	46.3666	46.3666
1270	46.3666	46.3666
1271	46.3666	46.3666
1272	46.3666	46.3666
1273	46.3666	46.3666
1274	46.3666	46.3666
1275	46.3666	46.3666
1276	46.3666	46.3666
1277	46.3666	46.3666
1278	46.3666	46.3666
1279	46.3666	46.3666
1280	46.3666	46.3666
1281	46.3666	46.3666
1282	46.3666	46.3666
1283	46.3666	46.3666
1284	46.3666	46.3666
1285	46.3666	46.3666
1286	46.3666	46.3666
1287	46.3666	46.3666
1288	46.3666	46.3666
1289	46.3666	46.3666
1290	46.3666	46.3666
1291	46.3666	46.3666
1292	46.3666	46.3666
1293	46.3666	46.3666
1294	46.3666	46.3666
1295	46.3666	46.3666
1296	46.3666	46.3666
1297	46.3666	46.3666
1298	46.3666	46.3666
1299	46.3666	46.3666
1300	46.3666	46.3666
1301	46.3666	46.3666
1302	46.3666	46.3666
1303	46.3666	46.3666
1304	46.3666	46.3666
1305	46.3666	46.3666
1306	46.3666	46.3666
1307	46.3666	46.3666
1308	46.3666	46.3666
1309	46.3666	46.3666
1310	46.3666	46.3666
1311	46.3666	46.3666
1312	46.3666	46.3666
1313	46.3666	46.3666
1314	46.3666	46.3666
1315	46.3666	46.3666
1316	46.3666	46.3666
1317	46.3666	46.3666
1318	46.3666	46.3666
1319	46.3666	46.3666
1320	46.3666	46.3666
1321	46.3666	46.3666
1322	46.3666	46.3666
1323	46.3666	46.3666
1324	46.3666	46.3666
1325	46.3666	46.3666
1326	46.3666	46.3666
1327	46.3666	46.3666
1328	46.3666	46.3666
1329	46.3666	46.3666
1330	46.3666	46.3666
1331	46.3666	46.3666
1332	46.3666	46.3666
1333	46.3666	46.3666
1334	46.3666	46.3666
1335	46.3666	46.3666
1336	46.3666	46.3666
1337	46.3666	46.3666
1338	46.3666	46.3666
1339	46.3666	46.3666
1340	46.3666	46.3666
1341	46.3666	46.3666
1342	46.3666	46.3666
1343	46.3666	46.3666
1344	46.3666	46.3666
1345	46.3666	46.3666
1346	46.3666	46.3666
1347	46.3666	46.3666
1348	46.3666	46.3666
1349	46.3666	46.3666
1350	46.3666	46.3666
1351	46.3666	46.3666
1352	46.3666	46.3666
1353	46.3666	46.3666
1354	46.3666	46.3666
1355	46.3666	46.3666
1356	46.3666	46.3666
1357	46.3666	46.3666
1358	46.3666	46.3666
1359	46.3666	46.3666
1360	46.3666	46.3666
1361	46.3666	46.3666
1362	46.3666	46.3666
1363	46.3666	46.3666
1364	46.3666	46.3666
1365	46.3666	46.3666
1366	46.3666	46.3666
1367	46.3666	46.3666
1368	46.3666	46.3666
1369	46.3666	46.3666
1370	46.3666	46.3666
1371	46.3666	46.3666
1372	46.3666	46.3666
1373	46.3666	46.3666
1374	46.3666	46.3666
1375	46.3666	46.3666
1376	46.3666	46.3666
1377	46.3666	46.3666
1378	46.3666	46.3666
1379	46.3666	46.3666
1380	46.3666	46.3666
1381	46.3666	46.3666
1382	46.3666	46.3666
1383	46.3666	46.3666
1384	46.3666	46.3666
1385	46.3666	46.3666
1386	46.3666	46.3666
1387	46.3666	46.3666
1388	46.3666	46.3666
1389	46.3666	46.3666
1390	46.3666	46.3666
1391	46.3666	46.3666
1392	46.3666	46.3666
1393	46.3666	46.3666
1394	46.3666	46.3666
1395	46.3666	46.3666
1396	46.3666	46.3666
1397	46.3666	46.3666
1398	46.3666	46.3666
1399	46.3666	46.3666
1400	46.3666	46.3666
1401	46.3666	46.3666
1402	46.3666	46.3666
1403	46.3666	46.3666
1404	46.3666	46.3666
1405	46.3666	46.3666
1406	46.3666	46.3666
1407	46.3666	46.3666
1408	46.3666	46.3666
1409	46.3666	46.3666
1410	46.3666	46.3666
1411	46.3666	46.3666
1412	46.3666	46.3666
1413	46.3666	46.3666
1414	46.3666	46.3666
1415	46.3666	46.3666
1416	46.3666	46.3666
1417	46.3666	46.3666
1418	46.3666	46.3666
1419	46.3666	46.3666
1420	46.3666	46.3666
1421	46.3666	46.3666
1422	46.3666	46.3666
1423	46.3666	46.3666
1424	46.3666	46.3666
1425	46.3666	46.3666
1426	46.3666	46.3666
1427	46.3666	46.3666
1428	46.3666	46.3666
1429	46.3666	46.3666
1430	46.3666	46.3666
1431	46.3666	46.3666
1432	46.3666	46.3666
1433	46.3666	46.3666
1434	46.3666	46.3666
1435	46.3666	46.3666
1436	46.3666	46.3666
1437	46.3666	46.3666
1438	46.3666	46.3666
1439	46.3666	46.3666
1440	46.3666	46.3666
1441	46.3666	46.3666
1442	46.3666	46.3666
1443	46.3666	46.3666
1444	46.3666	46.3666
1445	46.3666	46.3666
1446	46.3666	46.3666
1447	46.3666	46.3666
1448	46.3666	46.3666
1449	46.3666	46.3666
1450	46.3666	46.3666
1451	46.3666	46.3666
1452	46.3666	46.3666
1453	46.3666	46.3666
1454	46.3666	46.3666
1455	46.3666	46.3666
1456	46.3666	46.3666
1457	46.3666	46.3666
1458	46.3666	46.3666
1459	46.3666	46.3666
1460	46.3666	46.3666
1461	46.3666	46.3666
1462	46.3666	46.3666
1463	46.3666	46.3666
1464	46.3666	46.3666
1465	46.3666	46.3666
1466	46.3666	46.3666
1467	46.3666	46.3666
1468	46.3666	46.3666
1469	46.3666	46.3666
1470	46.3666	46.3666
1471	46.3666	46.3666
1472	46.3666	46.3666
1473	46.3666	46.3666
1474	46.3666	46.3666
1475	46.3666	46.3666
1476	46.3666	46.3666
1477	46.3666	46.3666
1478	46.3666	46.3666
1479	46.3666	46.3666
1480	46.3666	46.3666
1481	46.3666	46.3666
1482	46.3666	46.3666
1483	46.3666	46.3666
1484	46.3666	46.3666
1485	46.3666	46.3666
1486	46.3666	46.3666
1487	46.3666	46.3666
1488	46.3666	46.3666
1489	46.3666	46.3666
1490	46.3666	46.3666
1491	46.3666	46.3666
1492	46.3666	46.3666
1493	46.3666	46.3666
1494	46.3666	46.3666
1495	46.3666	46.3666
1496	46.3666	46.3666
1497	46.3666	46.3666
1498	46.3666	46.3666
1499	46.3666	46.3666
1500	46.3666	46.3666
