1.87905	-0.64837	-1.38408
0.779298	1.03629	-3.00565
-0.736015	0.354282	-3.65084
-0.736015	0.354282	-3.65084
-0.736015	0.354282	-3.65084
-1.46502	2.35944	-4.40194
-1.46502	2.35944	-4.40194
-1.46502	2.35944	-4.40194
-3.17582	2.98882	-3.88373
-3.17582	2.98882	-3.88373
-2.62332	-3.12635	-3.72167
-3.61037	2.5647	-3.34908
-1.96388	-3.09975	-1.93631
-1.90675	-2.56808	-4.41148
0.285293	-2.12586	-4.18291
1.90336	-4.52038	-3.69008
1.90336	-4.52038	-3.69008
1.90336	-4.52038	-3.69008
1.90336	-4.52038	-3.69008
1.90336	-4.52038	-3.69008
1.90336	-4.52038	-3.69008
1.90336	-4.52038	-3.69008
1.90336	-4.52038	-3.69008
1.90336	-4.52038	-3.69008
1.20804	-4.87318	-3.78512
1.20804	-4.87318	-3.78512
1.81697	-3.55395	-2.94286
1.81697	-3.55395	-2.94286
1.81697	-3.55395	-2.94286
1.81697	-3.55395	-2.94286
1.07917	-4.81306	-1.5493
-0.530047	-4.31806	1.00613
-0.625902	-4.09758	1.31894
-0.625902	-4.09758	1.31894
-0.625902	-4.09758	1.31894
-0.625902	-4.09758	1.31894
-0.625902	-4.09758	1.31894
-0.625902	-4.09758	1.31894
-0.244014	-1.60464	0.240419
-1.42687	0.326024	1.9714
-1.42687	0.326024	1.9714
-1.42687	0.326024	1.9714
-1.18768	-0.461681	2.93806
-1.18768	-0.461681	2.93806
-0.716217	-1.32471	3.10421
0.624526	-0.842599	4.04875
0.624526	-0.842599	4.04875
-1.71373	0.257358	3.99106
-1.71373	0.257358	3.99106
-1.06743	1.9691	3.07809
-1.59679	0.956172	3.42233
-1.59679	0.956172	3.42233
-1.59679	0.956172	3.42233
-0.915969	-1.89808	5.11173
-3.28751	-2.38478	5.59014
-2.54478	-3.05866	4.51611
-2.54478	-3.05866	4.51611
-2.54478	-3.05866	4.51611
-2.54478	-3.05866	4.51611
-2.54478	-3.05866	4.51611
-5.03175	-2.88451	3.31151
-5.86668	1.38685	4.19683
-6.39977	1.77793	2.0236
-6.39977	1.77793	2.0236
-4.87672	3.78536	4.32592
-4.87672	3.78536	4.32592
-5.42738	2.63902	3.24274
-6.29247	-0.423578	3.83163
-6.96549	-0.127805	5.1189
-7.7714	2.38207	7.2351
-9.23097	3.82115	6.44895
-9.23097	3.82115	6.44895
-9.23097	3.82115	6.44895
-8.16411	3.03816	7.45645
-8.16411	3.03816	7.45645
-7.95332	3.49224	3.12793
-7.06905	2.88754	1.47459
-5.56293	2.00575	4.15214
-5.4664	-0.4276	4.88611
-5.4664	-0.4276	4.88611
-5.4664	-0.4276	4.88611
-2.92616	0.520895	4.31023
-2.4659	-2.26239	1.20964
-1.41512	-3.40216	-3.01413
-1.41512	-3.40216	-3.01413
-1.41512	-3.40216	-3.01413
-1.41512	-3.40216	-3.01413
-1.41512	-3.40216	-3.01413
-1.12192	-5.84016	-2.93467
-1.12192	-5.84016	-2.93467
-3.76074	-5.77003	-5.77735
-3.76074	-5.77003	-5.77735
-3.76074	-5.77003	-5.77735
-3.26627	-4.44298	-8.20688
-3.30375	-3.3852	-5.44533
-3.30375	-3.3852	-5.44533
-3.30375	-3.3852	-5.44533
-0.832984	-2.9041	-4.75745
-1.28041	-2.75372	-6.60842
-1.34564	-2.20916	-3.8652
-1.34564	-2.20916	-3.8652
-1.34564	-2.20916	-3.8652
-2.2776	-1.88442	-4.19639
-0.110308	-2.39816	-1.27159
-0.110308	-2.39816	-1.27159
-0.110308	-2.39816	-1.27159
-0.426937	-4.54928	-4.24358
-2.21563	-2.23666	-3.38508
-2.21563	-2.23666	-3.38508
-2.21563	-2.23666	-3.38508
-3.24036	-2.3212	-2.23646
-2.6497	-2.85943	-3.90908
-3.04167	-4.11071	-2.51824
-0.416623	-3.37956	-7.28927
-0.416623	-3.37956	-7.28927
-0.416623	-3.37956	-7.28927
-0.634361	-1.77108	-9.45976
-0.634361	-1.77108	-9.45976
-0.634361	-1.77108	-9.45976
-0.634361	-1.77108	-9.45976
-0.686002	0.700207	-7.36727
-0.818544	-0.267941	-5.76875
-0.818544	-0.267941	-5.76875
-0.126054	-0.896013	-6.37168
-0.126054	-0.896013	-6.37168
-0.126054	-0.896013	-6.37168
3.85005	-1.08437	-7.62192
-0.323842	1.11586	-7.56331
-0.323842	1.11586	-7.56331
-0.323842	1.11586	-7.56331
-0.323842	1.11586	-7.56331
-0.551033	-0.830881	-4.90512
-0.551033	-0.830881	-4.90512
-1.81267	-2.40582	-4.26727
1.38433	-2.79281	-3.35589
1.38433	-2.79281	-3.35589
1.38433	-2.79281	-3.35589
1.38433	-2.79281	-3.35589
1.38433	-2.79281	-3.35589
1.19677	-3.63795	-7.36805
-0.0820899	-0.0548823	-5.08194
-0.0820899	-0.0548823	-5.08194
1.56009	-0.452324	-5.42449
1.56009	-0.452324	-5.42449
1.56009	-0.452324	-5.42449
0.617258	-0.479707	-4.05692
0.617258	-0.479707	-4.05692
0.617258	-0.479707	-4.05692
0.617258	-0.479707	-4.05692
0.617258	-0.479707	-4.05692
0.617258	-0.479707	-4.05692
-0.222993	-1.11582	-0.842663
-2.82079	-2.43108	-3.39969
-2.82079	-2.43108	-3.39969
-2.82079	-2.43108	-3.39969
-1.7505	-1.95309	-3.98435
-1.7505	-1.95309	-3.98435
-0.137671	-1.78007	-4.57385
-0.137671	-1.78007	-4.57385
-0.137671	-1.78007	-4.57385
-0.137671	-1.78007	-4.57385
-0.137671	-1.78007	-4.57385
0.705288	-1.21591	-2.85913
0.705288	-1.21591	-2.85913
0.705288	-1.21591	-2.85913
0.705288	-1.21591	-2.85913
0.705288	-1.21591	-2.85913
0.705288	-1.21591	-2.85913
0.705288	-1.21591	-2.85913
3.199	2.56813	-4.8601
6.07997	3.59741	-3.94556
5.42628	4.34415	-3.08076
5.42628	4.34415	-3.08076
5.87551	3.96041	-2.19764
2.77067	0.707761	-4.88091
2.77067	0.707761	-4.88091
2.77067	0.707761	-4.88091
3.3958	-0.15234	-4.63112
3.30104	0.197619	-4.38371
3.30104	0.197619	-4.38371
0.625163	1.92371	-3.3814
0.544306	0.621899	-3.88761
-0.688251	1.77336	-2.01818
-0.814631	0.561406	-2.17825
-0.814631	0.561406	-2.17825
-0.814631	0.561406	-2.17825
-0.814631	0.561406	-2.17825
-0.814631	0.561406	-2.17825
-0.54899	-1.07477	-2.0896
-0.54899	-1.07477	-2.0896
-0.54899	-1.07477	-2.0896
-0.54899	-1.07477	-2.0896
-0.54899	-1.07477	-2.0896
-0.54899	-1.07477	-2.0896
2.55968	0.455251	-4.23779
1.56536	0.150002	-4.19116
1.61847	0.169955	-1.43518
-0.44737	1.23218	-4.01863
-2.50035	1.76182	-3.64839
-1.42446	2.21282	-3.89432
-1.42446	2.21282	-3.89432
2.1794	0.948901	-1.57224
2.1794	0.948901	-1.57224
2.92599	0.034463	-2.5981
2.01057	-0.977945	-4.38126
4.33183	0.290635	-2.87773
3.76129	-2.48524	-2.17806
1.52162	-1.3812	-7.35175
3.50477	0.849389	-6.70575
3.27147	-0.565799	-5.48259
3.27147	-0.565799	-5.48259
1.69678	1.84082	-2.52911
1.69678	1.84082	-2.52911
2.9542	0.976598	-3.01765
2.85879	-1.87074	-1.5815
0.0872212	-1.22631	-5.07058
0.0872212	-1.22631	-5.07058
0.0872212	-1.22631	-5.07058
0.291682	1.04731	-4.7821
0.291682	1.04731	-4.7821
0.291682	1.04731	-4.7821
0.291682	1.04731	-4.7821
0.291682	1.04731	-4.7821
0.291682	1.04731	-4.7821
-0.45876	1.02315	-4.65216
-0.45876	1.02315	-4.65216
-3.21222	-0.376697	-6.7755
-3.07073	-1.30005	-7.40076
-1.98015	-1.28529	-6.94556
0.538928	-1.06068	-8.77355
-0.692235	-2.25567	-5.95482
-0.692235	-2.25567	-5.95482
-0.168762	-1.83723	-7.28324
-0.168762	-1.83723	-7.28324
2.72455	-1.83278	-7.84384
2.72455	-1.83278	-7.84384
3.02033	-0.996689	-5.87419
0.770579	2.05785	-7.38554
0.770579	2.05785	-7.38554
0.770579	2.05785	-7.38554
-1.82066	3.09663	-6.8079
-1.82066	3.09663	-6.8079
-1.38466	-1.50679	-7.26004
-1.38466	-1.50679	-7.26004
-1.38466	-1.50679	-7.26004
-1.38466	-1.50679	-7.26004
-1.38466	-1.50679	-7.26004
-6.2808	-2.41013	-6.86926
-5.85283	-4.09644	-6.33123
-5.42299	-4.78971	-5.9756
-6.84256	-2.79287	-7.84038
-6.84256	-2.79287	-7.84038
-4.69169	-0.984254	-10.189
-5.64512	2.26488	-8.50649
-5.9181	3.1288	-8.55944
-5.792	-0.695128	-6.80341
-5.792	-0.695128	-6.80341
-2.94632	-0.868587	-7.95176
-6.19226	-0.0812596	-5.52311
-3.25153	-0.864617	-3.53159
-3.80533	-3.19173	-4.20251
-3.80533	-3.19173	-4.20251
-3.80533	-3.19173	-4.20251
-3.80533	-3.19173	-4.20251
-1.2847	0.524939	-5.44853
-2.33422	0.47013	-5.68103
-1.63871	0.621037	-1.90104
-0.0622547	-1.63706	-1.39948
-0.0622547	-1.63706	-1.39948
0.0381101	-1.61638	1.74744
1.32064	-1.80543	5.39174
1.32064	-1.80543	5.39174
1.32064	-1.80543	5.39174
0.647527	-2.60664	6.882
2.14134	0.493816	5.17791
1.2359	1.21262	2.49151
1.2359	1.21262	2.49151
1.60813	1.54727	5.55536
1.60813	1.54727	5.55536
1.60813	1.54727	5.55536
0.581211	-0.0633981	4.36084
0.393759	-0.322539	2.30927
0.393759	-0.322539	2.30927
0.393759	-0.322539	2.30927
-0.441604	-1.37332	2.54877
-0.441604	-1.37332	2.54877
-0.441604	-1.37332	2.54877
-2.33955	-1.36292	1.13832
-1.84764	-2.14634	1.82463
-0.605109	-0.414915	5.05513
-0.605109	-0.414915	5.05513
2.30215	2.27569	4.08698
-0.904053	1.18915	7.61238
-0.904053	1.18915	7.61238
-0.904053	1.18915	7.61238
-0.8647	1.4644	6.36283
-2.75146	0.573777	3.88802
-2.75146	0.573777	3.88802
-2.41642	0.958496	3.99885
-2.41642	0.958496	3.99885
-1.31981	1.80741	3.38805
-1.46519	2.59542	4.03606
-1.46519	2.59542	4.03606
-1.46519	2.59542	4.03606
0.111585	3.07895	2.97079
0.111585	3.07895	2.97079
-2.39127	1.77729	3.66938
-4.172	1.85991	2.83414
-3.9607	2.70179	3.76488
-3.25368	1.93313	3.60281
-3.26674	1.80662	3.12099
-3.26674	1.80662	3.12099
-3.26674	1.80662	3.12099
-1.09761	0.947383	2.47055
-1.09761	0.947383	2.47055
-1.09761	0.947383	2.47055
-1.09761	0.947383	2.47055
1.59386	0.513415	3.11311
1.59386	0.513415	3.11311
-0.548194	1.13643	2.13633
-0.548194	1.13643	2.13633
-0.407552	-0.0944005	-1.00705
-0.407552	-0.0944005	-1.00705
-0.407552	-0.0944005	-1.00705
-0.407552	-0.0944005	-1.00705
-0.407552	-0.0944005	-1.00705
0.45608	1.69959	1.02971
1.67252	1.38148	-1.46018
1.67252	1.38148	-1.46018
0.105205	0.262787	1.34924
0.105205	0.262787	1.34924
0.105205	0.262787	1.34924
0.105205	0.262787	1.34924
0.105205	0.262787	1.34924
0.105205	0.262787	1.34924
0.105205	0.262787	1.34924
0.105205	0.262787	1.34924
0.105205	0.262787	1.34924
0.164948	-0.139239	3.44181
0.164948	-0.139239	3.44181
0.164948	-0.139239	3.44181
0.164948	-0.139239	3.44181
0.164948	-0.139239	3.44181
0.164948	-0.139239	3.44181
0.164948	-0.139239	3.44181
0.824315	-0.94213	3.45844
0.824315	-0.94213	3.45844
0.787377	-0.369637	4.332
0.787377	-0.369637	4.332
1.93823	-1.12171	5.12424
1.93823	-1.12171	5.12424
1.93823	-1.12171	5.12424
1.93823	-1.12171	5.12424
1.57542	-4.76671	4.9249
1.70839	-3.55872	4.30883
1.70839	-3.55872	4.30883
2.332	-2.38634	4.55246
2.332	-2.38634	4.55246
0.482466	-1.24225	5.72266
2.52185	-0.859666	5.20223
3.33341	1.48474	6.06379
5.82991	0.672036	4.27786
5.20349	-1.43281	3.79594
3.94849	-1.8822	1.89345
3.24461	-2.89759	2.43507
1.79465	-4.70029	6.68094
2.83489	-6.01184	3.7445
2.83489	-6.01184	3.7445
2.83489	-6.01184	3.7445
2.83489	-6.01184	3.7445
2.83489	-6.01184	3.7445
2.83489	-6.01184	3.7445
2.83489	-6.01184	3.7445
2.83489	-6.01184	3.7445
2.83489	-6.01184	3.7445
2.83489	-6.01184	3.7445
1.43878	-4.72491	1.99736
1.43878	-4.72491	1.99736
0.651834	-4.24304	3.02629
0.630095	-2.06007	3.59005
0.630095	-2.06007	3.59005
-0.642598	-1.36872	2.42701
-0.642598	-1.36872	2.42701
-0.642598	-1.36872	2.42701
-1.431	0.821571	2.89643
-1.66819	1.85779	3.04493
-0.684994	-0.879451	2.53567
-0.684994	-0.879451	2.53567
-0.684994	-0.879451	2.53567
-0.684994	-0.879451	2.53567
0.212676	-0.068117	1.91445
0.212676	-0.068117	1.91445
-2.34264	-0.0773558	1.61063
-2.34264	-0.0773558	1.61063
-2.34264	-0.0773558	1.61063
-2.34264	-0.0773558	1.61063
-0.499486	-0.590675	4.87981
1.23791	0.582548	3.36295
-0.215199	-0.869122	5.58869
-0.215199	-0.869122	5.58869
-0.215199	-0.869122	5.58869
-0.237209	-1.45426	1.28006
-1.85465	-2.58557	-2.38268
-1.85465	-2.58557	-2.38268
-0.208556	-3.53604	-3.46719
0.0517045	-2.49056	-4.55267
0.0517045	-2.49056	-4.55267
-2.87085	-2.83358	-6.92301
-1.46455	-2.91877	-7.94363
-1.33513	-2.93212	-7.92675
-1.33513	-2.93212	-7.92675
-0.478082	-1.4562	-8.22379
0.586818	-2.38266	-7.23547
0.586818	-2.38266	-7.23547
0.586818	-2.38266	-7.23547
0.586818	-2.38266	-7.23547
-0.00211497	-1.95689	-3.96146
-0.695839	-2.34026	-3.0474
-0.695839	-2.34026	-3.0474
-0.695839	-2.34026	-3.0474
2.43532	-0.738425	-1.88262
2.43532	-0.738425	-1.88262
2.96905	-1.88689	-3.29136
2.96905	-1.88689	-3.29136
2.96905	-1.88689	-3.29136
3.61284	0.194309	-3.39493
3.62669	-0.624832	-5.59902
3.62669	-0.624832	-5.59902
2.73404	0.911236	-5.43374
2.19167	1.83392	-6.23814
2.86773	2.88704	-3.04426
1.06318	3.57453	-2.67759
1.06318	3.57453	-2.67759
-0.681002	0.566818	-1.39171
-0.479029	4.22825	-3.36111
-0.479029	4.22825	-3.36111
-0.479029	4.22825	-3.36111
-1.61051	2.46697	-3.12095
-1.55258	2.71261	0.423284
0.106895	3.54993	1.59485
-1.16016	2.30683	2.39123
-1.35843	3.04085	3.57757
-0.844375	2.4165	2.99123
-0.121364	-1.74272	0.959172
1.35469	0.346123	2.00418
1.35469	0.346123	2.00418
0.639452	0.22401	2.63324
0.639452	0.22401	2.63324
-3.16736	-0.404587	3.03414
-3.16736	-0.404587	3.03414
-3.16736	-0.404587	3.03414
-3.57752	0.221512	3.35183
-2.50354	0.385151	3.951
0.075189	-1.05474	3.3725
0.075189	-1.05474	3.3725
0.075189	-1.05474	3.3725
-1.59632	-0.593268	1.90853
0.631268	0.516787	3.61622
0.631268	0.516787	3.61622
0.631268	0.516787	3.61622
1.13815	-1.95069	7.86865
1.13815	-1.95069	7.86865
0.610949	-1.88284	7.37618
0.610949	-1.88284	7.37618
-4.26576	0.307174	7.3267
-2.25704	2.01559	8.10704
-2.25704	2.01559	8.10704
-3.54829	5.19855	4.85896
-3.54829	5.19855	4.85896
-2.01512	3.63284	5.35259
-2.01512	3.63284	5.35259
-2.44968	0.95234	3.33664
-2.44968	0.95234	3.33664
-3.71679	1.35965	3.66886
-3.71679	1.35965	3.66886
-3.71679	1.35965	3.66886
-1.27279	0.366514	4.79352
-1.27279	0.366514	4.79352
-0.566061	-0.911814	3.50482
2.4812	0.983158	4.60362
2.4812	0.983158	4.60362
-0.127596	0.63558	6.81762
2.18309	0.241664	7.00375
2.18309	0.241664	7.00375
1.9254	1.02261	4.53214
1.9254	1.02261	4.53214
1.9254	1.02261	4.53214
1.9254	1.02261	4.53214
1.9254	1.02261	4.53214
1.76097	0.437852	5.34658
3.7642	-0.0300064	4.89328
0.697357	-1.0417	4.66927
-0.824431	-1.08389	2.73244
-0.824431	-1.08389	2.73244
-0.824431	-1.08389	2.73244
-0.824431	-1.08389	2.73244
-0.824431	-1.08389	2.73244
-0.9722	1.55679	2.37386
-0.9722	1.55679	2.37386
-0.462975	2.18457	1.87065
-0.462975	2.18457	1.87065
0.766311	1.33116	3.40445
0.766311	1.33116	3.40445
0.730851	2.97133	4.02831
0.730851	2.97133	4.02831
0.730851	2.97133	4.02831
-2.46542	3.18126	6.47791
-2.46542	3.18126	6.47791
-3.40866	3.55419	6.05599
-3.43258	3.9716	6.9347
-3.43258	3.9716	6.9347
-4.342	2.50316	7.30226
-4.342	2.50316	7.30226
-5.21946	2.00003	4.98814
-5.21946	2.00003	4.98814
-5.21946	2.00003	4.98814
-5.30322	2.49295	3.00124
-5.30322	2.49295	3.00124
-5.30322	2.49295	3.00124
-3.2022	0.61309	0.917599
-3.2022	0.61309	0.917599
-2.53729	1.78101	2.52218
-2.53729	1.78101	2.52218
-1.3804	1.49931	1.14233
-1.3804	1.49931	1.14233
-1.78569	-0.467664	2.45175
-1.78569	-0.467664	2.45175
-1.78569	-0.467664	2.45175
-1.78569	-0.467664	2.45175
-1.24593	1.2177	-0.6745
-0.570584	2.74881	2.77798
1.15143	0.888324	3.68449
2.03499	1.30783	2.90696
2.03499	1.30783	2.90696
2.18194	1.11285	3.27865
2.90521	3.17786	3.48539
1.02597	1.34004	4.69967
1.02597	1.34004	4.69967
1.5843	0.659257	6.9581
2.25704	1.39617	5.09131
4.79641	-1.1437	1.62385
4.51493	1.12374	3.20978
4.51493	1.12374	3.20978
4.1427	-2.15553	3.31289
4.1427	-2.15553	3.31289
4.05116	-0.931568	1.76511
4.05116	-0.931568	1.76511
4.05116	-0.931568	1.76511
6.593	-2.26483	2.70212
4.25422	-0.317074	4.4736
4.25422	-0.317074	4.4736
4.25422	-0.317074	4.4736
2.63185	-0.396139	4.88441
2.63185	-0.396139	4.88441
2.63185	-0.396139	4.88441
0.253214	-2.67199	5.38913
0.253214	-2.67199	5.38913
0.253214	-2.67199	5.38913
-1.02479	-3.14065	3.67803
-1.02479	-3.14065	3.67803
-1.02479	-3.14065	3.67803
-1.02479	-3.14065	3.67803
0.696564	-2.4459	4.13938
-0.166953	-2.5514	3.54913
-0.166953	-2.5514	3.54913
1.20293	-0.54854	4.55068
-0.92049	1.81092	4.26197
-0.92049	1.81092	4.26197
0.436739	1.72294	5.31423
0.436739	1.72294	5.31423
0.566437	1.3359	4.54085
0.566437	1.3359	4.54085
0.566437	1.3359	4.54085
1.85414	0.336775	3.82593
1.85414	0.336775	3.82593
1.85414	0.336775	3.82593
1.63581	0.447178	3.57422
4.56347	0.544859	3.35282
2.6188	1.10828	2.11667
1.42759	0.0584284	-1.39562
2.81976	1.87029	-1.47923
2.81976	1.87029	-1.47923
2.81976	1.87029	-1.47923
2.81976	1.87029	-1.47923
2.81976	1.87029	-1.47923
2.81976	1.87029	-1.47923
3.01426	-0.750328	-0.261535
1.92807	0.0399409	-2.66224
1.92807	0.0399409	-2.66224
1.92807	0.0399409	-2.66224
1.92807	0.0399409	-2.66224
1.92807	0.0399409	-2.66224
1.92807	0.0399409	-2.66224
1.92807	0.0399409	-2.66224
1.92807	0.0399409	-2.66224
1.92807	0.0399409	-2.66224
1.92807	0.0399409	-2.66224
1.92807	0.0399409	-2.66224
1.92807	0.0399409	-2.66224
-1.05322	2.17019	-2.82342
-0.226301	0.280258	-3.71721
-0.226301	0.280258	-3.71721
-0.226301	0.280258	-3.71721
-0.226301	0.280258	-3.71721
-0.226301	0.280258	-3.71721
-0.226301	0.280258	-3.71721
-0.226301	0.280258	-3.71721
-0.226301	0.280258	-3.71721
3.33793	2.84302	-2.29872
2.37895	4.50558	-4.09762
2.37895	4.50558	-4.09762
3.10811	0.0555243	-3.03891
3.10811	0.0555243	-3.03891
3.10811	0.0555243	-3.03891
3.10811	0.0555243	-3.03891
3.10811	0.0555243	-3.03891
3.10811	0.0555243	-3.03891
1.04071	-2.21998	-2.10469
4.02471	0.598671	-1.5665
4.02471	0.598671	-1.5665
4.37885	0.970125	-2.43706
4.37885	0.970125	-2.43706
3.45215	1.62186	-1.60281
2.65798	-0.383947	-2.39137
2.65798	-0.383947	-2.39137
2.65798	-0.383947	-2.39137
2.65798	-0.383947	-2.39137
2.65798	-0.383947	-2.39137
3.86123	-0.215912	-3.16265
3.86123	-0.215912	-3.16265
3.86123	-0.215912	-3.16265
4.22072	-0.41175	-3.28738
2.08714	-3.50558	-4.74893
0.743623	-2.93299	-2.61416
-1.42691	-0.888464	-2.9473
-1.42691	-0.888464	-2.9473
-1.42691	-0.888464	-2.9473
-1.42691	-0.888464	-2.9473
-1.42691	-0.888464	-2.9473
-1.42691	-0.888464	-2.9473
-1.42691	-0.888464	-2.9473
-0.935952	0.256419	-4.49635
-0.935952	0.256419	-4.49635
-2.20817	0.262901	-5.11758
-3.24322	2.56303	-3.194
1.71157	3.71708	-4.8274
1.7706	3.5221	-2.30403
1.7706	3.5221	-2.30403
1.7706	3.5221	-2.30403
-2.3287	0.631342	-5.60353
-2.3287	0.631342	-5.60353
-3.06801	0.225839	-4.02861
-3.06801	0.225839	-4.02861
-0.965842	2.22928	-2.92489
1.6215	1.94385	-1.50009
1.6215	1.94385	-1.50009
1.6215	1.94385	-1.50009
1.16434	0.414962	-5.03949
1.43037	2.97683	-3.49338
-0.0682495	3.33523	-5.32718
1.53707	3.66115	-4.2242
1.53707	3.66115	-4.2242
1.53707	3.66115	-4.2242
1.53707	3.66115	-4.2242
1.82081	0.868251	-2.06193
1.82081	0.868251	-2.06193
2.89276	-0.62769	-2.08361
1.78384	0.317091	-1.99922
1.78384	0.317091	-1.99922
1.78384	0.317091	-1.99922
1.78384	0.317091	-1.99922
2.44086	-0.602945	-1.49384
2.44086	-0.602945	-1.49384
3.64459	1.21655	-3.26424
1.48517	-0.893916	-3.39019
-0.485445	-2.05869	-1.634
-0.485445	-2.05869	-1.634
-0.485445	-2.05869	-1.634
-0.485445	-2.05869	-1.634
-0.485445	-2.05869	-1.634
-0.240877	-1.68728	-3.06539
-0.240877	-1.68728	-3.06539
-0.240877	-1.68728	-3.06539
-0.240877	-1.68728	-3.06539
-0.240877	-1.68728	-3.06539
-0.240877	-1.68728	-3.06539
-0.240877	-1.68728	-3.06539
-0.240877	-1.68728	-3.06539
-0.240877	-1.68728	-3.06539
-0.240877	-1.68728	-3.06539
-0.240877	-1.68728	-3.06539
-1.61483	-0.628263	-3.80551
-1.61483	-0.628263	-3.80551
-1.39628	-0.528553	-4.30792
-1.39628	-0.528553	-4.30792
-1.39628	-0.528553	-4.30792
-1.39628	-0.528553	-4.30792
-1.39628	-0.528553	-4.30792
-1.18123	0.250698	-4.64621
-1.18123	0.250698	-4.64621
-1.18123	0.250698	-4.64621
0.607854	-1.83645	-4.15866
0.607854	-1.83645	-4.15866
-0.197366	-0.890643	-3.26005
-0.197366	-0.890643	-3.26005
-0.197366	-0.890643	-3.26005
1.32337	-1.60406	-3.48195
1.32337	-1.60406	-3.48195
0.782346	-1.79948	-4.28027
0.782346	-1.79948	-4.28027
2.12089	-0.88952	1.44195
2.12089	-0.88952	1.44195
2.12089	-0.88952	1.44195
2.12089	-0.88952	1.44195
3.24574	-0.421071	-0.771291
1.73863	0.698407	-2.67699
-0.0289667	-1.20031	-4.26506
0.67384	-3.4095	-5.4589
0.736361	-3.10698	-3.95056
1.87139	0.283177	-2.69063
1.87139	0.283177	-2.69063
1.87139	0.283177	-2.69063
1.87139	0.283177	-2.69063
1.87139	0.283177	-2.69063
1.87139	0.283177	-2.69063
0.968984	-1.50907	-1.16514
0.968984	-1.50907	-1.16514
0.968984	-1.50907	-1.16514
2.84917	-0.01382	-2.666
2.84917	-0.01382	-2.666
1.70387	-2.89978	-1.58902
-4.68362	-0.987737	-2.67237
-1.9496	-0.876626	-0.726221
-1.9496	-0.876626	-0.726221
0.161591	-3.51832	-2.50943
1.07131	0.0894396	-4.76172
1.36415	-1.02806	-4.45645
3.39145	-0.545452	-9.27385
5.6942	-0.407805	-7.19857
6.5225	0.317884	-5.67006
5.05736	-1.98498	-5.91071
2.80188	0.416587	-4.98114
2.80188	0.416587	-4.98114
2.80188	0.416587	-4.98114
4.24388	-0.701435	-2.0181
4.24388	-0.701435	-2.0181
4.24388	-0.701435	-2.0181
1.10914	-2.00343	0.75994
1.3343	-0.213387	1.52045
1.3343	-0.213387	1.52045
-0.302918	1.00183	2.78847
-0.302918	1.00183	2.78847
-0.302918	1.00183	2.78847
-0.302918	1.00183	2.78847
-0.302918	1.00183	2.78847
-0.302918	1.00183	2.78847
-0.302918	1.00183	2.78847
-0.302918	1.00183	2.78847
0.778968	-1.04476	3.80225
-0.782681	-0.183383	4.69522
-4.01026	0.290421	4.15963
-4.01026	0.290421	4.15963
-1.53982	1.12249	2.66788
-1.53982	1.12249	2.66788
-1.53982	1.12249	2.66788
-1.53982	1.12249	2.66788
-1.53982	1.12249	2.66788
-1.53982	1.12249	2.66788
-1.53982	1.12249	2.66788
-1.53982	1.12249	2.66788
-1.53982	1.12249	2.66788
-2.17652	-1.53277	1.11372
-2.17652	-1.53277	1.11372
-2.17652	-1.53277	1.11372
-2.17652	-1.53277	1.11372
-2.17652	-1.53277	1.11372
-0.0878605	0.414729	2.37585
-0.0878605	0.414729	2.37585
-1.32501	-1.97979	3.66873
-1.32501	-1.97979	3.66873
0.387381	-2.23071	2.47791
0.387381	-2.23071	2.47791
0.867365	-2.55025	3.3227
0.274072	0.28128	1.21461
0.274072	0.28128	1.21461
0.274072	0.28128	1.21461
0.274072	0.28128	1.21461
0.274072	0.28128	1.21461
-0.943707	0.20444	-1.59101
-0.943707	0.20444	-1.59101
-0.943707	0.20444	-1.59101
-1.96409	2.04796	2.55261
-1.96409	2.04796	2.55261
-1.96409	2.04796	2.55261
-1.96409	2.04796	2.55261
-1.96409	2.04796	2.55261
-2.63419	0.44415	3.98084
-2.63419	0.44415	3.98084
-2.63419	0.44415	3.98084
-2.63419	0.44415	3.98084
-1.40257	-1.24008	4.76886
-0.950288	0.943815	5.13435
-0.950288	0.943815	5.13435
-0.950288	0.943815	5.13435
-1.01744	-0.293618	5.59556
-1.51849	-1.23625	3.56068
-1.51849	-1.23625	3.56068
-1.51849	-1.23625	3.56068
-1.51849	-1.23625	3.56068
-1.26237	-0.771847	1.90541
-1.26237	-0.771847	1.90541
-1.26237	-0.771847	1.90541
-1.26237	-0.771847	1.90541
-1.24196	0.744618	2.64315
-1.24196	0.744618	2.64315
-1.24196	0.744618	2.64315
-1.24196	0.744618	2.64315
-3.14319	0.60535	3.79778
-2.51295	-0.714686	4.86361
-2.20588	2.06033	6.8369
-2.90233	1.05147	6.97479
-2.90233	1.05147	6.97479
-3.25904	0.305076	8.32406
-2.64456	3.54636	7.79916
-0.0808852	3.63866	9.93678
1.24319	1.86904	10.3396
1.24319	1.86904	10.3396
1.24319	1.86904	10.3396
1.00739	4.81856	8.69663
1.00739	4.81856	8.69663
1.00739	4.81856	8.69663
0.293924	5.60662	7.69997
-2.50909	4.16791	5.13156
-1.57634	5.63695	4.38486
-1.57634	5.63695	4.38486
-1.57634	5.63695	4.38486
-0.0389392	5.30503	5.03549
0.616694	6.15521	7.22755
1.42605	5.70767	5.27654
2.13617	4.19287	6.73278
-1.55675	1.00129	7.56958
-1.55675	1.00129	7.56958
-1.43879	3.62101	6.04834
-2.16257	0.141792	4.21417
-2.16257	0.141792	4.21417
-2.2462	0.744605	2.50398
-2.2462	0.744605	2.50398
-2.2462	0.744605	2.50398
-2.2462	0.744605	2.50398
-2.2462	0.744605	2.50398
-0.74039	-1.33755	1.62603
1.65812	0.00949799	2.63757
1.65812	0.00949799	2.63757
1.65812	0.00949799	2.63757
-4.13204	-0.610016	2.81667
-4.13204	-0.610016	2.81667
-3.33454	-2.33721	3.86104
-2.97071	1.75528	4.13563
-2.97071	1.75528	4.13563
-2.02941	-0.574973	3.55424
-1.0527	-2.61685	2.49795
-1.0527	-2.61685	2.49795
-1.0527	-2.61685	2.49795
-1.0527	-2.61685	2.49795
-0.881158	-3.7821	4.22824
-0.881158	-3.7821	4.22824
-0.881158	-3.7821	4.22824
-0.881158	-3.7821	4.22824
-0.702909	-5.69558	3.94699
-0.702909	-5.69558	3.94699
-0.702909	-5.69558	3.94699
-3.20357	-4.13879	3.94578
-3.20357	-4.13879	3.94578
-0.978296	-6.07491	5.62039
-0.978296	-6.07491	5.62039
-0.978296	-6.07491	5.62039
-0.978296	-6.07491	5.62039
-0.978296	-6.07491	5.62039
-0.00838535	-4.39404	4.38456
-0.00838535	-4.39404	4.38456
-0.00838535	-4.39404	4.38456
-0.00838535	-4.39404	4.38456
2.68884	-2.62382	3.04231
2.68884	-2.62382	3.04231
4.20907	-2.20403	4.82878
4.80214	0.368917	1.72855
4.20391	-0.974447	1.80073
6.30481	-4.75413	0.87202
6.72045	-2.89716	-1.65691
6.72045	-2.89716	-1.65691
4.68091	-2.94473	-2.6994
4.40416	-4.9188	-3.21839
4.40416	-4.9188	-3.21839
4.78153	-4.66427	-4.87834
4.79636	-5.39123	-4.40984
3.98205	-4.11628	-3.65248
3.98205	-4.11628	-3.65248
3.98205	-4.11628	-3.65248
3.83664	-2.18494	-3.65253
3.83664	-2.18494	-3.65253
3.83664	-2.18494	-3.65253
3.83664	-2.18494	-3.65253
3.83664	-2.18494	-3.65253
3.05038	-0.527218	-1.22632
3.68771	-2.67158	-3.1934
1.02723	-2.56901	-5.01752
1.02723	-2.56901	-5.01752
1.02723	-2.56901	-5.01752
1.02723	-2.56901	-5.01752
-1.23919	-0.435046	-7.73043
1.7857	0.13852	-4.80521
1.45099	-1.17681	-5.89348
2.31747	-1.33303	-5.92058
2.31747	-1.33303	-5.92058
-0.951217	-1.00293	-6.70855
-2.50548	-1.78854	-8.98512
-2.50548	-1.78854	-8.98512
-2.63778	-2.56124	-9.52028
-2.63778	-2.56124	-9.52028
-3.71284	-2.11635	-9.30077
-2.92782	-5.40613	-8.84579
-0.38861	-4.41531	-6.19302
-0.38861	-4.41531	-6.19302
-2.36851	-4.07451	-5.90691
-2.36851	-4.07451	-5.90691
-2.36851	-4.07451	-5.90691
-2.36851	-4.07451	-5.90691
-2.88881	-4.19885	-4.58951
-2.88881	-4.19885	-4.58951
-2.88881	-4.19885	-4.58951
-2.88881	-4.19885	-4.58951
-3.54892	-4.56095	-3.58286
-2.33027	-5.5478	-2.79962
-2.33027	-5.5478	-2.79962
-2.33027	-5.5478	-2.79962
-5.22216	-5.20933	-4.81371
-3.14739	-3.42378	-5.58112
-3.14739	-3.42378	-5.58112
-6.34123	-1.75938	-3.56445
-6.34123	-1.75938	-3.56445
-5.75391	-3.10734	-5.22053
-3.5924	-2.76004	-4.97487
-3.5924	-2.76004	-4.97487
-3.5924	-2.76004	-4.97487
-3.5924	-2.76004	-4.97487
-3.5924	-2.76004	-4.97487
-5.90203	-3.28786	-5.8645
-5.90203	-3.28786	-5.8645
-3.84327	-3.78697	-5.40158
-3.84327	-3.78697	-5.40158
-3.15764	-0.572822	-5.70077
-3.62334	0.0863796	-4.25017
-3.62334	0.0863796	-4.25017
-3.62334	0.0863796	-4.25017
-3.62334	0.0863796	-4.25017
-2.79583	0.882346	-2.58044
-2.79583	0.882346	-2.58044
-2.79583	0.882346	-2.58044
-3.30592	-0.959858	-2.99286
-3.30592	-0.959858	-2.99286
-3.30592	-0.959858	-2.99286
0.790995	1.21549	-5.88843
-0.296912	0.914656	-6.40555
-0.296912	0.914656	-6.40555
-0.427351	3.25982	-5.29933
-0.427351	3.25982	-5.29933
-0.427351	3.25982	-5.29933
0.817892	1.94416	-3.45067
0.817892	1.94416	-3.45067
-0.413519	1.12708	-4.21426
-0.413519	1.12708	-4.21426
-0.413519	1.12708	-4.21426
-0.413519	1.12708	-4.21426
0.768846	-1.22541	-3.13032
0.768846	-1.22541	-3.13032
0.768846	-1.22541	-3.13032
-1.75919	0.955258	-3.12015
0.67974	1.05282	-2.51601
0.67974	1.05282	-2.51601
0.67974	1.05282	-2.51601
0.567848	-0.31867	-3.40577
0.567848	-0.31867	-3.40577
1.5337	-0.634158	-4.52368
3.87201	-0.625697	-4.43081
3.67655	-2.25078	-3.35085
3.67655	-2.25078	-3.35085
1.64125	-3.017	-2.62102
2.11391	-0.481309	-2.79195
2.11391	-0.481309	-2.79195
2.11391	-0.481309	-2.79195
-1.09204	1.1004	-0.903042
0.0689977	1.6893	-2.84436
0.380794	0.0957954	-3.3665
0.380794	0.0957954	-3.3665
0.380794	0.0957954	-3.3665
0.380794	0.0957954	-3.3665
-0.207847	-1.39003	-2.53554
-0.207847	-1.39003	-2.53554
-0.207847	-1.39003	-2.53554
-0.207847	-1.39003	-2.53554
1.95393	-0.839712	-2.93602
1.95393	-0.839712	-2.93602
1.23471	0.818961	-2.99044
1.23471	0.818961	-2.99044
1.87908	2.06537	-2.39147
1.87908	2.06537	-2.39147
0.825558	1.7006	-1.72213
1.22395	0.390021	-3.51767
1.22395	0.390021	-3.51767
2.36688	-1.18326	-3.3716
2.36688	-1.18326	-3.3716
3.83308	-0.836528	-3.56094
5.62879	0.982345	-3.47067
5.96429	-0.0357501	-3.61816
5.96429	-0.0357501	-3.61816
5.96429	-0.0357501	-3.61816
5.96429	-0.0357501	-3.61816
5.96429	-0.0357501	-3.61816
5.32098	-0.0528222	-2.33874
5.32098	-0.0528222	-2.33874
5.32098	-0.0528222	-2.33874
5.32098	-0.0528222	-2.33874
5.43414	2.41896	-0.966319
5.5565	2.28335	-1.90693
3.02967	5.42979	-1.48851
3.08554	3.69703	2.02997
3.08554	3.69703	2.02997
3.08554	3.69703	2.02997
3.08554	3.69703	2.02997
3.22165	2.95374	2.46456
3.22165	2.95374	2.46456
2.68593	3.93275	1.19079
2.68593	3.93275	1.19079
2.68593	3.93275	1.19079
2.68593	3.93275	1.19079
2.68593	3.93275	1.19079
3.15472	3.03042	4.252
3.15472	3.03042	4.252
2.69536	3.8169	3.63809
2.61964	2.68578	5.16894
2.40132	4.8347	6.3664
2.40132	4.8347	6.3664
2.40132	4.8347	6.3664
2.40132	4.8347	6.3664
2.40132	4.8347	6.3664
1.40531	6.51769	4.80698
1.40531	6.51769	4.80698
2.21333	6.73751	3.79733
1.52819	5.95959	7.93046
5.82571	5.83006	5.64862
2.84258	6.82452	7.68166
2.87732	5.49488	8.79376
3.90698	5.74643	4.38154
1.56969	6.49044	6.06369
2.1268	5.11253	5.46257
2.1268	5.11253	5.46257
1.05771	5.33329	5.21059
1.07436	3.71074	8.94634
1.07436	3.71074	8.94634
1.07436	3.71074	8.94634
-0.944728	3.4321	6.95492
-0.944728	3.4321	6.95492
-1.04699	1.82033	5.32036
-1.04699	1.82033	5.32036
-2.02114	1.17557	5.96246
-0.671693	2.56854	3.717
0.430232	0.745138	5.44159
0.430232	0.745138	5.44159
-1.34757	2.19735	8.30765
-1.9536	2.14992	7.97401
0.659525	-1.59101	4.32446
0.659525	-1.59101	4.32446
0.659525	-1.59101	4.32446
0.659525	-1.59101	4.32446
0.659525	-1.59101	4.32446
0.659525	-1.59101	4.32446
3.45905	0.219227	2.35094
1.30562	0.670415	1.50067
1.30562	0.670415	1.50067
1.30562	0.670415	1.50067
1.71246	0.632431	-1.71946
1.71246	0.632431	-1.71946
1.71246	0.632431	-1.71946
1.71246	0.632431	-1.71946
1.71246	0.632431	-1.71946
1.71246	0.632431	-1.71946
1.71246	0.632431	-1.71946
1.71246	0.632431	-1.71946
1.71246	0.632431	-1.71946
2.41698	-1.59097	-5.73718
2.41698	-1.59097	-5.73718
4.8736	-1.38962	-4.2241
4.8736	-1.38962	-4.2241
4.8736	-1.38962	-4.2241
4.8736	-1.38962	-4.2241
4.8736	-1.38962	-4.2241
2.40915	-1.39912	-4.63468
0.809044	1.23428	-2.48147
0.809044	1.23428	-2.48147
0.809044	1.23428	-2.48147
0.809044	1.23428	-2.48147
0.809044	1.23428	-2.48147
-1.1703	0.637146	-2.12223
-1.1703	0.637146	-2.12223
-1.1703	0.637146	-2.12223
0.661232	-0.777883	-3.08545
0.661232	-0.777883	-3.08545
2.73273	0.385637	-1.41436
2.83745	0.695488	-3.88185
2.83745	0.695488	-3.88185
2.83745	0.695488	-3.88185
2.83745	0.695488	-3.88185
2.57908	2.91379	-4.81461
2.57908	2.91379	-4.81461
2.57908	2.91379	-4.81461
2.57908	2.91379	-4.81461
3.83747	3.18808	-4.57644
4.13251	-0.335687	-4.87207
0.547804	0.831547	-4.01986
0.547804	0.831547	-4.01986
-0.217754	-1.56768	-3.72451
-1.3351	-0.808417	-2.48283
-2.07857	1.5798	1.9423
-2.07857	1.5798	1.9423
-2.07857	1.5798	1.9423
-2.07857	1.5798	1.9423
-2.07857	1.5798	1.9423
1.36819	3.35282	4.65005
1.36819	3.35282	4.65005
1.40193	0.835224	3.07856
-0.60075	-1.1944	2.80224
-0.60075	-1.1944	2.80224
-0.934129	-0.786585	2.06084
-0.934129	-0.786585	2.06084
-0.934129	-0.786585	2.06084
-0.934129	-0.786585	2.06084
-0.934129	-0.786585	2.06084
-0.934129	-0.786585	2.06084
-0.934129	-0.786585	2.06084
-0.934129	-0.786585	2.06084
-2.35177	-0.185192	1.79415
-0.372703	-0.717958	3.15233
0.830149	-0.226443	1.8114
0.830149	-0.226443	1.8114
-1.65623	2.05675	-1.51757
3.89255	0.20351	-1.17788
3.89255	0.20351	-1.17788
1.94146	0.127789	-6.38123
1.94146	0.127789	-6.38123
4.45434	0.571886	-8.50851
1.78087	-3.16785	-5.87256
2.75821	-1.14306	-4.74313
1.45634	0.222119	-4.07845
1.45634	0.222119	-4.07845
1.45634	0.222119	-4.07845
2.18176	0.37623	-3.56838
2.18176	0.37623	-3.56838
1.65843	0.504665	-4.6318
3.5727	2.88015	-5.79937
4.11776	4.55649	-6.85488
5.26023	2.47556	-6.78564
5.26023	2.47556	-6.78564
4.37644	4.95035	-3.80855
0.982894	2.55264	-1.95347
-0.0508058	1.63389	-2.3879
-0.0508058	1.63389	-2.3879
-0.0508058	1.63389	-2.3879
1.48491	0.762872	-3.97449
2.12797	0.202331	-4.0543
2.12797	0.202331	-4.0543
2.12797	0.202331	-4.0543
2.12797	0.202331	-4.0543
2.12797	0.202331	-4.0543
2.12797	0.202331	-4.0543
2.12797	0.202331	-4.0543
2.12797	0.202331	-4.0543
2.12797	0.202331	-4.0543
2.12797	0.202331	-4.0543
-0.143268	1.39393	-5.81703
-0.143268	1.39393	-5.81703
-0.143268	1.39393	-5.81703
-2.5492	2.73382	-4.39773
-2.5492	2.73382	-4.39773
-0.469811	-0.173622	-2.59739
-0.469811	-0.173622	-2.59739
0.224808	-1.87786	-1.48861
1.98409	-1.43917	-2.58
3.05646	0.334976	-4.58339
0.807585	2.85068	-4.61727
3.21731	2.75253	-4.46964
-0.244942	1.65925	-5.72385
-0.58955	4.01578	-3.7062
-0.68714	0.4629	-5.7458
-0.68714	0.4629	-5.7458
-0.68714	0.4629	-5.7458
-0.68714	0.4629	-5.7458
-0.68714	0.4629	-5.7458
-0.68714	0.4629	-5.7458
-1.26921	2.97449	-2.53214
-2.45758	2.51116	-3.05326
-2.45758	2.51116	-3.05326
-2.45758	2.51116	-3.05326
-4.14703	0.0980747	-6.29898
-1.93163	2.53353	-4.21649
-1.23879	3.38319	-5.42417
-1.23879	3.38319	-5.42417
-2.19834	2.81829	-4.44989
-2.07903	3.54121	-4.19685
-3.49967	-0.493306	-5.91839
-3.49967	-0.493306	-5.91839
-3.49967	-0.493306	-5.91839
-2.57392	-0.0393186	-5.50522
-0.716276	1.4168	-4.99982
-0.716276	1.4168	-4.99982
-1.77458	2.39056	-4.99929
0.218423	0.512176	-3.38968
0.218423	0.512176	-3.38968
0.218423	0.512176	-3.38968
0.218423	0.512176	-3.38968
0.218423	0.512176	-3.38968
0.218423	0.512176	-3.38968
0.218423	0.512176	-3.38968
0.0517764	2.24038	-3.78649
0.0517764	2.24038	-3.78649
0.61083	1.11733	-3.03959
0.598032	1.16486	-3.6639
0.598032	1.16486	-3.6639
2.65475	1.9502	-2.33246
2.65475	1.9502	-2.33246
2.65475	1.9502	-2.33246
2.65475	1.9502	-2.33246
2.65475	1.9502	-2.33246
0.898223	1.82068	-1.77683
0.898223	1.82068	-1.77683
0.898223	1.82068	-1.77683
0.898223	1.82068	-1.77683
-2.06972	0.776038	-2.15993
-2.06972	0.776038	-2.15993
-2.06972	0.776038	-2.15993
-1.78331	-0.615166	-0.586688
-0.591459	0.280729	-0.848959
-0.29103	0.359953	-1.19957
-0.29103	0.359953	-1.19957
-0.29103	0.359953	-1.19957
-0.29103	0.359953	-1.19957
-0.29103	0.359953	-1.19957
-0.29103	0.359953	-1.19957
-3.8482	2.22603	-3.19471
-2.36506	1.10441	-4.78596
-2.36506	1.10441	-4.78596
-0.741482	-1.59807	-4.14594
-0.741482	-1.59807	-4.14594
-0.741482	-1.59807	-4.14594
-0.333818	-3.33228	-3.18426
-0.333818	-3.33228	-3.18426
-0.333818	-3.33228	-3.18426
-0.0811199	-1.45348	-3.92452
-0.0811199	-1.45348	-3.92452
-2.09888	0.058479	-4.2453
-1.18733	-0.344136	-4.62139
0.631897	0.628578	-2.21404
0.631897	0.628578	-2.21404
0.631897	0.628578	-2.21404
0.631897	0.628578	-2.21404
0.631897	0.628578	-2.21404
0.631897	0.628578	-2.21404
-0.421482	0.602045	-3.16018
-0.421482	0.602045	-3.16018
-0.421482	0.602045	-3.16018
-0.421482	0.602045	-3.16018
-0.421482	0.602045	-3.16018
-0.421482	0.602045	-3.16018
-0.421482	0.602045	-3.16018
0.665466	0.990352	-0.79081
0.665466	0.990352	-0.79081
0.665466	0.990352	-0.79081
-2.49608	2.97756	2.39632
-2.49608	2.97756	2.39632
-2.41158	3.37414	2.6844
-2.26558	1.92235	0.974564
-2.26558	1.92235	0.974564
-3.93911	2.21846	2.01751
-4.94279	2.60468	5.38455
-4.94279	2.60468	5.38455
-4.491	3.21015	8.13049
-4.491	3.21015	8.13049
-4.491	3.21015	8.13049
-4.96304	0.366764	7.24062
-2.57649	0.00923672	11.0741
-3.04361	1.17602	9.47267
-4.38469	0.149033	5.82156
-4.38469	0.149033	5.82156
-5.78436	0.0941248	5.03984
-5.78436	0.0941248	5.03984
-5.78436	0.0941248	5.03984
-3.87867	-0.613018	8.32891
-0.677414	1.93789	6.61939
-1.46636	1.70489	7.24336
0.609921	1.29375	6.33434
0.609921	1.29375	6.33434
3.38247	-2.85496	5.83423
3.38247	-2.85496	5.83423
2.58772	-3.00282	6.06607
1.26784	0.428084	7.22503
1.26784	0.428084	7.22503
1.0659	0.622211	7.32755
1.0659	0.622211	7.32755
1.0659	0.622211	7.32755
1.72375	1.45693	7.35285
1.72375	1.45693	7.35285
-1.59308	1.02954	6.2582
-1.93711	3.37799	4.42572
-1.93711	3.37799	4.42572
-3.02038	2.70038	2.9589
-3.71521	3.5037	4.07976
-3.71521	3.5037	4.07976
-3.71521	3.5037	4.07976
-1.23084	3.4548	3.80118
-1.23084	3.4548	3.80118
-1.5231	1.67248	4.28295
-1.5231	1.67248	4.28295
-1.5231	1.67248	4.28295
0.620879	1.11325	4.75483
0.620879	1.11325	4.75483
-0.56743	0.202654	3.07865
-0.849721	-0.748603	5.85432
-0.849721	-0.748603	5.85432
-0.849721	-0.748603	5.85432
-1.08316	0.263594	3.66521
1.6023	1.8775	2.43034
-0.269045	1.44859	2.40824
-0.269045	1.44859	2.40824
1.77887	0.422075	1.98851
1.77887	0.422075	1.98851
1.77887	0.422075	1.98851
1.77887	0.422075	1.98851
1.38654	-1.20067	2.71899
1.38654	-1.20067	2.71899
-0.218165	-2.53134	1.97858
-0.218165	-2.53134	1.97858
1.19016	-0.543934	3.53202
1.19016	-0.543934	3.53202
1.19016	-0.543934	3.53202
1.40606	-0.662927	3.44092
1.40606	-0.662927	3.44092
1.40606	-0.662927	3.44092
2.21532	-0.18963	5.64969
2.14021	3.49454	3.11704
2.14021	3.49454	3.11704
2.14021	3.49454	3.11704
2.14021	3.49454	3.11704
2.14021	3.49454	3.11704
2.14021	3.49454	3.11704
2.14021	3.49454	3.11704
3.6285	2.1844	2.83367
3.32595	1.50586	1.47293
1.44282	2.58872	1.81166
1.44282	2.58872	1.81166
2.01997	-0.0579781	2.42768
2.01997	-0.0579781	2.42768
2.01997	-0.0579781	2.42768
2.01997	-0.0579781	2.42768
2.01997	-0.0579781	2.42768
2.01997	-0.0579781	2.42768
2.01997	-0.0579781	2.42768
2.01997	-0.0579781	2.42768
1.5428	-2.79282	2.79531
3.27818	-1.65635	4.89789
3.27818	-1.65635	4.89789
3.27818	-1.65635	4.89789
3.27818	-1.65635	4.89789
4.73581	-1.0967	4.80535
4.73581	-1.0967	4.80535
4.93551	-0.529747	4.23266
4.93551	-0.529747	4.23266
5.14704	-1.38788	4.24177
5.14704	-1.38788	4.24177
3.56885	-0.566665	5.08074
3.56885	-0.566665	5.08074
3.56885	-0.566665	5.08074
0.50755	1.83068	9.81947
0.50755	1.83068	9.81947
2.47376	1.2876	10.6497
2.10747	-0.476116	7.81166
2.10747	-0.476116	7.81166
0.0588157	-2.51014	7.87434
-1.67803	-2.00465	7.1256
-3.49168	-1.09073	5.44959
-2.39254	1.28934	5.34458
-0.460492	2.24337	4.81541
-0.460492	2.24337	4.81541
-0.460492	2.24337	4.81541
-0.460492	2.24337	4.81541
-0.140613	1.30984	2.98174
1.27735	0.302907	0.730737
0.0995046	-0.470059	1.91958
0.704045	2.36046	4.16472
-0.730125	-1.09191	1.49794
-0.360382	0.729491	1.03368
-0.360382	0.729491	1.03368
-1.52846	0.266757	3.17538
-2.52503	-1.03343	5.18824
-2.52503	-1.03343	5.18824
-2.52503	-1.03343	5.18824
-4.53631	-0.251471	6.31487
-3.02328	-0.669967	6.72131
-1.17138	-0.430191	8.90505
-1.59098	-0.999038	8.61918
-1.84893	-1.62094	10.7444
-1.84893	-1.62094	10.7444
-1.84893	-1.62094	10.7444
-0.538328	-2.41961	10.6504
-0.538328	-2.41961	10.6504
-0.538328	-2.41961	10.6504
0.035506	-4.06751	9.28681
0.035506	-4.06751	9.28681
1.69576	-3.09811	7.07417
1.69576	-3.09811	7.07417
2.59027	-3.05849	3.79831
-1.72269	-2.12781	3.92105
-2.3387	-0.533187	1.45481
0.983722	-1.84572	1.25664
-1.17811	-1.19946	1.46432
-1.65717	-2.16	3.34389
-1.65717	-2.16	3.34389
-1.65717	-2.16	3.34389
-1.65717	-2.16	3.34389
-0.961817	-1.88202	6.93556
-0.961817	-1.88202	6.93556
-1.50053	-2.24052	7.13009
-1.50053	-2.24052	7.13009
-1.50053	-2.24052	7.13009
-3.96293	-1.25051	6.7028
-3.96293	-1.25051	6.7028
-3.96293	-1.25051	6.7028
-2.16974	0.78572	4.90786
-1.94107	-0.231497	6.45031
-2.883	-1.17371	4.58188
-3.59819	-0.853928	2.56952
-3.59819	-0.853928	2.56952
-1.7883	-0.0927225	4.92818
-0.288309	-2.11132	1.94726
-1.14634	-1.08051	3.67616
-1.92127	-1.40506	3.10658
-1.92127	-1.40506	3.10658
0.206594	0.183601	0.998001
0.206594	0.183601	0.998001
1.60383	-1.65756	2.03881
1.60383	-1.65756	2.03881
2.16537	-2.41949	4.34571
2.16537	-2.41949	4.34571
2.16537	-2.41949	4.34571
2.34797	-0.646011	-1.79608
2.34797	-0.646011	-1.79608
-1.42616	2.28848	-2.38893
1.17097	0.378598	1.04524
1.17097	0.378598	1.04524
1.17097	0.378598	1.04524
0.44409	3.25048	-0.911708
0.932358	2.26247	-2.57174
-0.170876	2.09741	-3.71824
-0.170876	2.09741	-3.71824
0.0352389	2.89002	-3.32289
2.11376	0.952731	-3.9745
2.11376	0.952731	-3.9745
3.23518	-1.47965	-1.44369
0.468249	2.14792	-0.882253
0.468249	2.14792	-0.882253
0.468249	2.14792	-0.882253
-0.266087	-0.0296278	0.916161
0.86933	-1.34688	-1.94509
1.7816	-0.271055	-3.30395
1.17109	0.753452	-1.32184
2.63303	0.301651	-3.23604
2.22325	1.96269	-2.97836
2.22325	1.96269	-2.97836
-1.15822	0.60252	-3.87181
-1.15822	0.60252	-3.87181
-2.42193	-1.73544	-5.01483
-4.08882	-1.87626	-2.15949
1.56837	-2.1706	-4.82909
-2.39992	-0.953199	-4.82356
-2.59766	1.44858	-3.05292
-2.59766	1.44858	-3.05292
-2.59766	1.44858	-3.05292
-2.59766	1.44858	-3.05292
-0.102638	3.56667	-2.26129
-1.46841	3.48055	-2.96591
-1.46841	3.48055	-2.96591
-0.907049	1.8733	-5.90812
0.52281	3.8267	-4.65991
0.52281	3.8267	-4.65991
1.30569	6.151	-3.1499
-0.808405	5.77597	-4.11253
-0.808405	5.77597	-4.11253
-0.808405	5.77597	-4.11253
-2.29843	4.23727	-5.24689
-2.29843	4.23727	-5.24689
0.161563	4.91816	-3.64478
0.161563	4.91816	-3.64478
0.615404	4.75233	-3.81751
-1.07174	3.95064	-5.21889
-1.07174	3.95064	-5.21889
-0.0490763	-1.17741	-6.13838
1.16239	0.514671	-4.28364
1.16239	0.514671	-4.28364
1.16239	0.514671	-4.28364
1.71649	-1.28574	-2.76184
1.71649	-1.28574	-2.76184
0.277797	-0.667023	-0.584943
