0.2	0.2	0.2
0.0207755	-0.939803	0.43538
-0.393135	-1.5287	0.312504
-0.393135	-1.5287	0.312504
-0.353636	-2.26706	-0.607241
-0.353636	-2.26706	-0.607241
-0.105324	-1.33468	-0.771042
-0.105324	-1.33468	-0.771042
1.47581	0.0470085	-0.386975
1.84383	-0.0621125	-0.948005
1.84383	-0.0621125	-0.948005
1.84383	-0.0621125	-0.948005
1.84383	-0.0621125	-0.948005
1.20185	0.041565	-1.77218
1.88403	0.608448	-0.105713
2.0093	0.663332	-0.21355
2.0093	0.663332	-0.21355
1.01348	1.90658	0.0264963
1.01348	1.90658	0.0264963
0.806109	0.598853	1.56759
0.768658	-0.127209	0.708035
0.768658	-0.127209	0.708035
0.768658	-0.127209	0.708035
0.798593	-0.956077	-0.295567
0.798593	-0.956077	-0.295567
0.798593	-0.956077	-0.295567
0.936274	-0.225155	0.511613
0.936274	-0.225155	0.511613
0.936274	-0.225155	0.511613
1.12294	-0.314174	0.564591
1.30726	-1.20739	-0.168413
2.11707	-1.26049	-0.0194246
2.33928	-1.38217	-0.227868
2.80833	-1.53459	-0.220052
2.80833	-1.53459	-0.220052
2.80833	-1.53459	-0.220052
2.14655	-1.73988	-0.911298
1.3016	-1.9855	-0.463945
0.448957	-2.41173	-0.656527
0.811428	-2.31022	-1.20267
0.811428	-2.31022	-1.20267
0.811428	-2.31022	-1.20267
-0.486663	-2.36703	-1.2993
0.490098	-1.23925	-1.24165
-0.0995471	-0.99947	-1.80826
-0.0995471	-0.99947	-1.80826
0.383738	-0.260425	-2.58824
0.57829	0.89954	-2.18465
0.572205	-0.476594	-2.24638
0.572205	-0.476594	-2.24638
1.10998	0.0829378	-1.96892
1.57787	-0.121904	-0.997744
0.873177	-0.367501	-0.512913
0.873177	-0.367501	-0.512913
0.873177	-0.367501	-0.512913
-0.362335	-0.432477	-1.29881
-0.362335	-0.432477	-1.29881
-0.228525	0.675463	-1.12541
-0.228525	0.675463	-1.12541
-0.612006	0.00874268	-0.830135
-0.612006	0.00874268	-0.830135
-0.375946	0.211021	-1.63136
-0.603188	0.438848	-1.60088
-0.903519	-0.603131	-1.07462
-1.78888	-0.35925	-0.490799
-1.78888	-0.35925	-0.490799
-2.53343	-0.014593	-0.660264
-1.91137	-1.70599	-1.26274
-2.0061	-2.55719	-2.33297
-2.0061	-2.55719	-2.33297
-2.0061	-2.55719	-2.33297
-1.85951	-2.75892	-2.16167
-1.85951	-2.75892	-2.16167
-1.3493	-2.15735	-1.95146
-1.3493	-2.15735	-1.95146
-1.3493	-2.15735	-1.95146
-0.955769	-2.52437	-0.782726
-0.636551	-2.42182	-0.309325
-0.791284	-1.94828	0.648675
0.216464	-1.7171	0.740093
0.216464	-1.7171	0.740093
-0.577058	-1.39969	0.628506
-0.577058	-1.39969	0.628506
-1.04579	-1.74843	0.739634
-1.04579	-1.74843	0.739634
-1.04579	-1.74843	0.739634
-1.30458	-2.19625	0.577694
-1.30458	-2.19625	0.577694
-1.30458	-2.19625	0.577694
-1.30458	-2.19625	0.577694
-1.99298	-1.00377	-0.0958797
-1.23528	-0.633304	0.207161
-1.23528	-0.633304	0.207161
-1.23528	-0.633304	0.207161
0.204897	-0.170856	-0.0812574
0.204897	-0.170856	-0.0812574
0.204897	-0.170856	-0.0812574
0.204897	-0.170856	-0.0812574
0.204897	-0.170856	-0.0812574
0.204897	-0.170856	-0.0812574
0.204897	-0.170856	-0.0812574
-0.0999238	0.01326	0.472463
-0.0999238	0.01326	0.472463
-0.0999238	0.01326	0.472463
-0.0999238	0.01326	0.472463
-0.0999238	0.01326	0.472463
-0.0745677	-0.206051	-0.59217
0.41084	-0.464846	-0.717474
0.41084	-0.464846	-0.717474
0.41084	-0.464846	-0.717474
0.41084	-0.464846	-0.717474
0.41084	-0.464846	-0.717474
0.41084	-0.464846	-0.717474
0.41084	-0.464846	-0.717474
0.41084	-0.464846	-0.717474
0.41084	-0.464846	-0.717474
0.41084	-0.464846	-0.717474
0.199511	-0.855568	-1.30373
0.199511	-0.855568	-1.30373
0.403619	0.14844	-0.999761
0.403619	0.14844	-0.999761
1.73642	0.107499	-0.778501
1.73642	0.107499	-0.778501
0.977601	-0.865783	-1.34943
0.977601	-0.865783	-1.34943
0.646032	-0.475169	-0.782219
-0.595861	-0.778479	-1.36292
-0.390185	-0.936021	0.386577
-0.390185	-0.936021	0.386577
-0.282885	-0.507035	0.806536
-0.282885	-0.507035	0.806536
-0.282885	-0.507035	0.806536
0.535131	-0.825551	-1.09387
0.535131	-0.825551	-1.09387
0.535131	-0.825551	-1.09387
0.952012	-0.502267	-0.019392
0.952012	-0.502267	-0.019392
0.952012	-0.502267	-0.019392
0.952012	-0.502267	-0.019392
0.952012	-0.502267	-0.019392
0.871235	-1.06189	-0.627628
0.242229	-1.10905	1.80647
0.242229	-1.10905	1.80647
0.242229	-1.10905	1.80647
0.749111	-0.483123	2.08437
1.02309	-0.868521	2.17042
1.02309	-0.868521	2.17042
1.33687	-0.152393	2.13112
1.01774	1.21384	2.34061
1.01774	1.21384	2.34061
1.01774	1.21384	2.34061
1.01774	1.21384	2.34061
1.31454	1.45435	2.3342
1.56088	1.65314	1.35264
0.758344	0.829853	1.63039
0.758344	0.829853	1.63039
0.758344	0.829853	1.63039
0.758344	0.829853	1.63039
0.345972	1.0967	0.39512
0.345972	1.0967	0.39512
0.423224	0.637225	-0.0642332
1.07504	0.0592756	-0.100957
1.07504	0.0592756	-0.100957
0.423242	-0.778152	-0.782639
0.423242	-0.778152	-0.782639
0.423242	-0.778152	-0.782639
-0.377117	0.343428	-0.990038
0.338774	0.288722	1.23491
0.338774	0.288722	1.23491
0.338774	0.288722	1.23491
0.338774	0.288722	1.23491
0.338774	0.288722	1.23491
-1.27974	-0.792282	1.05069
-1.74326	-0.801413	0.779397
-1.74326	-0.801413	0.779397
-1.62303	0.551455	-0.532114
-1.62303	0.551455	-0.532114
-1.62303	0.551455	-0.532114
-0.0510097	1.0372	-1.45498
-0.956347	1.70735	-2.36441
-0.210174	0.941109	-1.0431
0.865187	1.25148	0.150502
-0.205849	-0.156915	-0.427765
-0.13438	0.26053	0.0116498
0.0505414	0.100734	0.522373
0.0505414	0.100734	0.522373
0.0505414	0.100734	0.522373
-0.0654354	0.286864	0.781077
-0.0654354	0.286864	0.781077
-0.0654354	0.286864	0.781077
0.726363	0.408831	0.184897
0.726363	0.408831	0.184897
0.726363	0.408831	0.184897
-0.21284	-0.070561	-0.43922
-0.21284	-0.070561	-0.43922
0.573974	0.390711	-0.747954
0.756591	-0.783248	0.155691
0.756591	-0.783248	0.155691
0.00538452	0.112341	-0.248066
0.69496	-0.139902	-0.036534
-0.500482	-0.738554	0.705006
-0.138569	-1.7587	0.806793
-1.43517	-1.40277	0.683968
-1.68963	-0.886058	1.52469
-1.20661	-0.798811	0.351704
-0.700611	-1.52617	-0.404617
-0.700611	-1.52617	-0.404617
-0.570323	-1.51635	0.29889
-0.570323	-1.51635	0.29889
-0.265341	-0.458627	0.702294
-0.265341	-0.458627	0.702294
1.07562	-0.18612	0.440843
1.26463	0.379759	1.66405
0.623703	1.33367	0.549046
0.013104	1.15995	0.104037
0.013104	1.15995	0.104037
0.125796	0.562276	1.47397
0.311795	-0.80476	0.990944
0.311795	-0.80476	0.990944
-1.09234	-1.67006	1.44599
-0.587246	-0.949801	0.513207
-0.587246	-0.949801	0.513207
-0.587246	-0.949801	0.513207
-0.322424	0.360811	-0.129935
-0.322424	0.360811	-0.129935
-0.51665	-0.176644	-0.0445034
-0.51665	-0.176644	-0.0445034
-0.425122	0.0567817	0.625056
-0.425122	0.0567817	0.625056
-1.21216	-0.404475	-0.335119
-1.21216	-0.404475	-0.335119
-0.48487	-0.375132	0.0194354
-0.670451	-0.859895	-0.0743201
-0.670451	-0.859895	-0.0743201
-0.670451	-0.859895	-0.0743201
-0.670451	-0.859895	-0.0743201
-0.730952	-0.629785	-0.152806
-1.08545	-0.511382	-0.0599267
-1.08545	-0.511382	-0.0599267
-1.08545	-0.511382	-0.0599267
-1.08545	-0.511382	-0.0599267
-1.42413	-0.670623	-0.149652
-0.450173	-0.477962	0.153565
-1.15371	0.492134	-0.312057
-1.22109	0.224162	0.116598
-0.429135	-0.20716	0.458959
-0.841719	-0.429895	0.506594
-0.841719	-0.429895	0.506594
-0.841719	-0.429895	0.506594
-1.03133	-1.42834	1.41578
-1.03133	-1.42834	1.41578
-0.236519	-1.72202	1.15053
-0.236519	-1.72202	1.15053
0.258823	-2.21844	2.08457
-0.0554488	-1.49237	1.23163
-1.16932	-0.949148	1.03765
-0.770392	-0.680302	1.09238
-0.312454	-1.33197	1.05098
-0.312454	-1.33197	1.05098
-0.312454	-1.33197	1.05098
-0.49245	-1.32196	-0.724145
-0.49245	-1.32196	-0.724145
-0.49245	-1.32196	-0.724145
-0.0451641	-0.700451	-1.20722
-0.0451641	-0.700451	-1.20722
-0.0451641	-0.700451	-1.20722
0.573397	0.31466	-0.499292
0.573397	0.31466	-0.499292
0.573397	0.31466	-0.499292
0.573397	0.31466	-0.499292
-0.0368909	-0.0195975	-1.2807
-0.0368909	-0.0195975	-1.2807
-0.0368909	-0.0195975	-1.2807
-0.0368909	-0.0195975	-1.2807
0.0220048	-0.419929	-0.236507
0.0220048	-0.419929	-0.236507
0.782144	-0.40576	-0.786195
0.782144	-0.40576	-0.786195
0.782144	-0.40576	-0.786195
-0.606166	-0.630675	-0.0831672
-0.606166	-0.630675	-0.0831672
-0.422201	0.184665	0.0279796
-0.422201	0.184665	0.0279796
-0.422201	0.184665	0.0279796
-0.422201	0.184665	0.0279796
-0.175298	0.432065	-0.28812
-0.175298	0.432065	-0.28812
-0.175298	0.432065	-0.28812
-0.175298	0.432065	-0.28812
-0.175298	0.432065	-0.28812
-0.175298	0.432065	-0.28812
-0.234256	0.755824	-0.384078
-0.234256	0.755824	-0.384078
-0.234256	0.755824	-0.384078
-0.234256	0.755824	-0.384078
0.438294	0.574946	0.0761381
0.438294	0.574946	0.0761381
0.438294	0.574946	0.0761381
-0.0583441	1.01638	-0.103405
-0.0583441	1.01638	-0.103405
-0.0583441	1.01638	-0.103405
0.0602566	0.885842	-0.331642
0.831993	0.0507867	-0.127899
0.846977	-0.829008	0.245666
-0.253282	-1.09723	0.431603
0.820132	-0.681594	1.82271
1.34302	-0.108548	2.50321
0.794773	0.886531	0.971217
0.794773	0.886531	0.971217
0.794773	0.886531	0.971217
0.144439	0.697608	0.814608
0.144439	0.697608	0.814608
0.144439	0.697608	0.814608
-0.940375	0.951996	-0.0296863
-0.940375	0.951996	-0.0296863
-1.30123	0.382183	-0.256257
-1.36358	-0.0960032	0.663805
-1.36358	-0.0960032	0.663805
-1.36358	-0.0960032	0.663805
-0.525881	-0.171198	1.6281
-0.535691	-0.201896	0.187154
-0.56334	-0.448973	-0.453483
-0.56334	-0.448973	-0.453483
-0.56334	-0.448973	-0.453483
-0.221752	-0.891113	0.00490409
-0.330879	-0.425314	0.386385
-0.330879	-0.425314	0.386385
0.3772	0.0473289	-0.189773
0.3772	0.0473289	-0.189773
0.3772	0.0473289	-0.189773
0.3772	0.0473289	-0.189773
0.3772	0.0473289	-0.189773
-0.243645	-0.260304	0.442421
-0.243645	-0.260304	0.442421
-0.614498	0.337531	0.714822
-0.614498	0.337531	0.714822
-0.614498	0.337531	0.714822
-1.78454	0.955393	1.38316
-2.69957	0.0137317	0.943562
-2.69957	0.0137317	0.943562
-2.69957	0.0137317	0.943562
-1.58878	-1.39123	-0.281745
0.0703479	-1.50243	-1.11713
0.796173	-0.800054	-1.03954
0.796173	-0.800054	-1.03954
0.283096	-0.648292	-0.537663
0.0988161	-0.123938	-1.40849
0.0988161	-0.123938	-1.40849
-0.169283	0.442482	-0.594515
-0.169283	0.442482	-0.594515
0.0945932	-0.107368	-0.68389
0.354582	-0.129993	0.447088
0.354582	-0.129993	0.447088
0.354582	-0.129993	0.447088
0.354582	-0.129993	0.447088
-0.382967	1.44967	0.360199
-0.382967	1.44967	0.360199
-0.382967	1.44967	0.360199
-1.51258	0.879881	-0.122165
-1.09507	-0.171024	-0.729966
-1.50582	-0.369486	-0.278928
-0.463574	-1.09459	-0.811246
0.356346	-1.07031	-0.417085
0.231982	-0.685228	0.0869036
0.231982	-0.685228	0.0869036
0.231982	-0.685228	0.0869036
0.231982	-0.685228	0.0869036
0.231982	-0.685228	0.0869036
0.231982	-0.685228	0.0869036
0.231982	-0.685228	0.0869036
0.514697	-0.262379	-0.892326
-0.989458	-0.316422	-0.812675
-1.24226	-0.160904	-0.481137
-1.24226	-0.160904	-0.481137
-0.675398	1.16918	-0.122591
-0.675398	1.16918	-0.122591
-0.271482	0.988935	-0.202334
1.29767	0.980703	0.434232
0.309759	0.391797	0.380769
0.309759	0.391797	0.380769
0.309759	0.391797	0.380769
0.309759	0.391797	0.380769
0.309759	0.391797	0.380769
0.309759	0.391797	0.380769
0.0843032	0.213303	1.24919
0.320578	-1.1266	0.847165
0.320578	-1.1266	0.847165
-0.618701	-0.47898	0.0144385
-1.07788	-0.219545	-0.239321
0.482341	-0.206669	-0.9166
0.482341	-0.206669	-0.9166
0.347381	-0.292396	-0.966874
0.37488	-0.0634793	-0.378271
0.37488	-0.0634793	-0.378271
0.37488	-0.0634793	-0.378271
0.37488	-0.0634793	-0.378271
0.37488	-0.0634793	-0.378271
0.37488	-0.0634793	-0.378271
-0.595233	-0.626243	-0.134995
-0.595233	-0.626243	-0.134995
0.370063	-1.83265	-1.06908
0.531653	-1.59372	0.107609
1.73595	-0.734722	0.0752961
1.24724	-0.879556	0.488913
1.24724	-0.879556	0.488913
0.334928	-0.0612208	0.635823
0.334928	-0.0612208	0.635823
0.682621	-0.0315536	0.317193
0.176614	0.721586	-0.0414004
0.276089	0.41255	-0.23076
0.276089	0.41255	-0.23076
0.813076	-0.160122	0.487442
0.00536661	-0.371433	0.126576
0.86994	-0.152106	-0.481151
-0.0122422	0.350035	-0.439319
-0.0122422	0.350035	-0.439319
-0.0608993	0.318646	-0.283033
-0.0608993	0.318646	-0.283033
-0.0608993	0.318646	-0.283033
-0.0608993	0.318646	-0.283033
-0.0608993	0.318646	-0.283033
-0.0767509	-0.0322743	-0.729846
-0.0767509	-0.0322743	-0.729846
-0.0767509	-0.0322743	-0.729846
-0.692878	-0.79591	-0.000446259
-0.692878	-0.79591	-0.000446259
-0.692878	-0.79591	-0.000446259
-0.77803	0.17678	0.0738908
-0.77803	0.17678	0.0738908
-0.77803	0.17678	0.0738908
-0.13558	0.359168	0.466425
-0.13558	0.359168	0.466425
-0.13558	0.359168	0.466425
0.601261	0.502912	-0.620916
0.601261	0.502912	-0.620916
0.601261	0.502912	-0.620916
0.137044	0.696023	-0.382064
0.137044	0.696023	-0.382064
0.137044	0.696023	-0.382064
-0.881525	0.357995	-1.87486
-0.649448	1.08922	-1.40089
-1.34763	1.1962	-1.11214
-0.909429	1.48027	-0.16763
-0.909429	1.48027	-0.16763
0.168712	0.634206	0.146352
0.709025	0.819359	-0.18668
0.709025	0.819359	-0.18668
0.709025	0.819359	-0.18668
0.709025	0.819359	-0.18668
1.57243	0.543564	-0.401564
1.57243	0.543564	-0.401564
1.39154	0.126484	-0.52457
1.84154	1.50259	-1.16575
0.627786	0.519288	-1.41681
0.627786	0.519288	-1.41681
1.24387	-0.714444	-2.25313
1.34099	-1.68832	-0.821245
1.34099	-1.68832	-0.821245
1.20749	-2.12983	-1.05151
1.20749	-2.12983	-1.05151
2.28767	-2.21924	-0.820196
0.772551	-2.18968	-0.827266
1.4997	-1.67248	-0.0213436
1.4997	-1.67248	-0.0213436
0.163098	-0.150349	-0.584461
0.163098	-0.150349	-0.584461
0.163098	-0.150349	-0.584461
1.22876	0.236169	-0.681214
1.32469	0.0217409	-1.19167
1.32469	0.0217409	-1.19167
1.32469	0.0217409	-1.19167
2.04958	0.837499	-1.85992
0.902094	0.916687	-2.33006
0.48766	0.318178	-2.54495
1.40344	1.42193	-2.00601
1.40344	1.42193	-2.00601
2.12846	1.89461	-1.72247
2.80134	1.20619	-0.263693
2.80134	1.20619	-0.263693
3.02075	1.14526	0.293447
1.89089	2.17817	-1.19772
1.89089	2.17817	-1.19772
1.45465	2.73275	-0.371258
1.4745	2.07233	0.268342
1.4745	2.07233	0.268342
1.4745	2.07233	0.268342
1.4745	2.07233	0.268342
1.4745	2.07233	0.268342
1.41302	2.09837	0.266647
1.5332	1.97993	0.0912929
1.51694	1.11443	-0.597119
1.13577	1.40245	-0.354986
-0.0549152	2.09439	0.505107
-0.300272	1.08024	0.823561
-0.300272	1.08024	0.823561
-0.300272	1.08024	0.823561
-0.300272	1.08024	0.823561
-0.216358	0.84571	-0.0481409
-0.357452	0.0370717	-0.0230237
-0.357452	0.0370717	-0.0230237
-0.357452	0.0370717	-0.0230237
-0.357452	0.0370717	-0.0230237
-0.357452	0.0370717	-0.0230237
-0.357452	0.0370717	-0.0230237
0.0697032	1.09638	-0.201219
0.186263	-0.341531	0.0503217
0.378543	0.254674	0.584053
0.400305	-0.07354	0.29619
0.400305	-0.07354	0.29619
0.173654	1.38235	-0.482201
-0.371362	0.217717	-1.26571
-0.371362	0.217717	-1.26571
-0.71995	0.383638	-0.231953
-0.121207	-0.590284	0.173235
0.177416	0.693352	0.0175843
0.177416	0.693352	0.0175843
0.24735	0.130021	-0.218737
0.24735	0.130021	-0.218737
0.24735	0.130021	-0.218737
0.24735	0.130021	-0.218737
0.24735	0.130021	-0.218737
0.24735	0.130021	-0.218737
0.24735	0.130021	-0.218737
0.24735	0.130021	-0.218737
0.439582	0.264872	0.168115
-0.328751	1.22734	-0.584539
-0.781539	-1.06726	-1.31029
-0.900803	-1.55751	-0.6531
0.0859238	-1.28542	-0.256279
0.0291106	-1.33515	0.3989
-1.32581	-1.40224	0.943193
-0.499156	-1.59171	0.272058
-0.588506	-1.2512	-0.505304
-0.588506	-1.2512	-0.505304
-0.588506	-1.2512	-0.505304
-0.243319	-0.448514	1.66556
-0.243319	-0.448514	1.66556
-0.512598	1.22012	1.36709
-0.512598	1.22012	1.36709
-0.874831	1.32818	1.72855
-0.846799	1.93841	0.0382918
-0.846799	1.93841	0.0382918
-0.790555	1.49947	-0.281223
-0.790555	1.49947	-0.281223
-1.62976	-0.153886	-0.423454
0.284493	0.784152	0.990734
0.284493	0.784152	0.990734
-0.490358	-0.236562	0.928243
-0.490358	-0.236562	0.928243
-0.490358	-0.236562	0.928243
-0.490358	-0.236562	0.928243
-0.490358	-0.236562	0.928243
-0.490358	-0.236562	0.928243
-0.490358	-0.236562	0.928243
-0.776118	-0.42837	0.926083
-1.35724	0.351164	1.87808
-1.35724	0.351164	1.87808
-1.20359	0.243308	2.20605
-1.59991	0.351341	1.78333
-1.17609	0.509176	0.479422
-0.573123	0.516224	-0.0421062
-0.573123	0.516224	-0.0421062
-0.80853	0.586412	0.209748
-0.80853	0.586412	0.209748
0.542412	0.437176	0.410373
0.542412	0.437176	0.410373
0.542412	0.437176	0.410373
0.542412	0.437176	0.410373
0.542412	0.437176	0.410373
0.542412	0.437176	0.410373
0.542412	0.437176	0.410373
-0.0952111	0.488054	0.314953
-0.0952111	0.488054	0.314953
-0.470796	-0.273297	-0.595529
-0.824815	-0.17317	-1.13385
-0.824815	-0.17317	-1.13385
-0.44898	-0.716678	-0.871124
-0.44898	-0.716678	-0.871124
-0.44898	-0.716678	-0.871124
-0.0791968	-0.260178	-0.705933
-0.0791968	-0.260178	-0.705933
-0.621586	-0.516611	-1.20608
-0.621586	-0.516611	-1.20608
-1.1441	0.0851695	-1.86724
-0.167622	0.268467	-1.7879
0.51468	0.0628347	-1.2443
0.750639	0.253616	-1.04087
-0.260135	1.28473	-0.31743
-0.000876371	0.810793	-1.67201
-0.000876371	0.810793	-1.67201
-0.000876371	0.810793	-1.67201
-0.69016	1.15749	-1.16363
-1.72656	0.599985	-0.789183
-1.96282	1.35697	0.58219
-1.43334	1.23902	1.05775
-1.43334	1.23902	1.05775
-0.707582	0.223099	1.54576
-0.707582	0.223099	1.54576
-0.707582	0.223099	1.54576
0.410585	-0.130047	-0.0234187
0.410585	-0.130047	-0.0234187
0.410585	-0.130047	-0.0234187
0.451242	-0.690501	-0.0253235
0.411832	-0.830123	-0.481943
0.00716542	-0.467133	-0.753611
0.00716542	-0.467133	-0.753611
0.00716542	-0.467133	-0.753611
-0.359041	-0.664908	0.413692
-0.498166	-0.288855	-0.588778
0.13543	0.0410382	0.188411
0.618382	1.11021	-0.154772
0.618382	1.11021	-0.154772
0.618382	1.11021	-0.154772
0.618382	1.11021	-0.154772
0.618382	1.11021	-0.154772
0.517286	0.319303	-1.11734
0.441507	0.231427	-0.539159
1.0476	-0.577373	0.344279
1.0476	-0.577373	0.344279
1.0476	-0.577373	0.344279
-0.106942	-0.988303	-0.432498
-0.681171	0.025415	0.176679
-0.681171	0.025415	0.176679
0.26708	0.527753	0.807826
0.26708	0.527753	0.807826
0.26708	0.527753	0.807826
0.188652	1.75479	-0.72495
0.336616	1.76928	-0.496446
0.661893	1.31807	0.0743554
0.271486	1.55594	0.200597
0.271486	1.55594	0.200597
0.271486	1.55594	0.200597
-0.57018	0.815385	0.190215
-0.57018	0.815385	0.190215
0.776675	0.601838	1.98262
0.72868	0.0870243	1.71747
0.488311	-0.239111	2.02521
0.488311	-0.239111	2.02521
0.294773	-0.0737837	1.40029
0.294773	-0.0737837	1.40029
0.122558	-0.553994	1.25796
0.122558	-0.553994	1.25796
-0.411577	0.136678	0.931655
-0.411577	0.136678	0.931655
0.0731786	-0.481255	1.35353
0.271449	-1.36432	2.17073
-0.00604731	-2.33574	1.26781
0.774333	-2.0815	-0.444601
1.70508	-1.64355	1.00246
1.70508	-1.64355	1.00246
1.70508	-1.64355	1.00246
1.70508	-1.64355	1.00246
1.70508	-1.64355	1.00246
1.70508	-1.64355	1.00246
2.32172	-2.36729	1.51695
1.88904	-1.53371	2.23186
1.91841	-0.783064	2.18803
2.1669	-1.72329	2.36393
1.48031	-2.04101	1.86996
1.48031	-2.04101	1.86996
1.48031	-2.04101	1.86996
1.42501	-2.17093	1.79956
1.42501	-2.17093	1.79956
2.49499	-0.921766	1.20701
2.49499	-0.921766	1.20701
0.791297	-1.26227	2.47746
0.791297	-1.26227	2.47746
1.31694	-0.855338	2.71223
1.31694	-0.855338	2.71223
0.506954	-0.365293	2.29003
0.29742	-1.28856	1.93661
0.487342	-1.26227	2.40602
0.487342	-1.26227	2.40602
0.257391	-1.87312	1.9743
0.303101	-1.57488	2.06908
-0.0661884	-1.01162	1.60068
0.0205493	-2.38694	0.891254
0.0760989	-1.97367	-0.0187845
-0.0176654	-2.87221	0.23812
-0.0176654	-2.87221	0.23812
-0.0176654	-2.87221	0.23812
0.469539	-3.40456	1.13406
0.469539	-3.40456	1.13406
0.469539	-3.40456	1.13406
0.469539	-3.40456	1.13406
0.281328	-4.29993	2.61896
0.281328	-4.29993	2.61896
0.389054	-4.31338	2.77971
0.389054	-4.31338	2.77971
0.0281464	-4.68297	2.36799
0.0281464	-4.68297	2.36799
0.56317	-4.89973	1.96225
-0.619502	-4.08553	1.80379
-0.853785	-3.25425	1.87352
-1.53229	-3.70728	1.54832
-1.53229	-3.70728	1.54832
-1.22053	-4.67741	1.15057
-1.22053	-4.67741	1.15057
-0.329322	-3.68071	2.48988
-0.329322	-3.68071	2.48988
-0.329322	-3.68071	2.48988
-0.044502	-2.79805	2.12401
-0.044502	-2.79805	2.12401
-0.262178	-2.2225	2.11223
-0.262178	-2.2225	2.11223
0.325951	-2.07685	2.19988
0.325951	-2.07685	2.19988
0.325951	-2.07685	2.19988
0.788164	-3.24085	2.25037
1.00513	-3.40471	0.746979
2.39662	-2.73587	0.10687
2.39662	-2.73587	0.10687
1.12258	-2.06713	-0.0910272
1.12258	-2.06713	-0.0910272
1.34201	-1.27698	0.385397
1.34201	-1.27698	0.385397
1.34201	-1.27698	0.385397
1.34201	-1.27698	0.385397
1.43298	-0.957441	1.01047
1.43298	-0.957441	1.01047
1.73425	0.0652314	1.32507
0.852682	-0.371279	1.86334
0.782617	-0.814588	2.6376
-0.0625295	-0.769664	2.33265
1.52553	-0.0272138	1.58473
0.662059	-0.312231	2.4699
0.510857	0.0862424	2.71161
0.00401408	-0.202624	2.66402
0.770688	-1.45214	2.5426
-0.0283612	-1.07887	2.25502
0.128604	-1.35127	2.12372
0.824776	-1.46397	2.0226
1.26463	-1.17762	1.60607
1.26463	-1.17762	1.60607
1.26463	-1.17762	1.60607
1.74587	-0.996439	0.823036
1.85148	-0.781501	1.07526
1.85148	-0.781501	1.07526
1.69651	-2.27175	0.73392
1.03558	-1.50519	0.0190989
-0.0374103	-1.51773	0.424367
-0.0374103	-1.51773	0.424367
-0.0374103	-1.51773	0.424367
-0.0374103	-1.51773	0.424367
-0.0228744	-1.03081	0.430478
0.41001	0.443416	1.22609
0.30476	0.228508	0.915184
0.30476	0.228508	0.915184
0.30476	0.228508	0.915184
0.30476	0.228508	0.915184
0.30476	0.228508	0.915184
0.30476	0.228508	0.915184
0.30476	0.228508	0.915184
0.30476	0.228508	0.915184
0.51784	-1.00505	0.144035
0.223786	-0.97359	0.5003
0.223786	-0.97359	0.5003
0.415822	-0.571369	0.181622
0.415822	-0.571369	0.181622
0.0395658	-0.106146	-0.370554
0.0395658	-0.106146	-0.370554
0.0395658	-0.106146	-0.370554
0.0395658	-0.106146	-0.370554
0.0395658	-0.106146	-0.370554
0.636001	0.643818	-0.753868
-0.209916	1.54523	-0.800595
0.257093	1.03505	-0.192672
0.257093	1.03505	-0.192672
0.257093	1.03505	-0.192672
0.418297	1.52869	-0.613022
0.418297	1.52869	-0.613022
0.9123	1.35778	-0.898577
0.447447	1.78088	-0.311297
-0.112377	0.999012	0.800291
0.376688	0.665413	-0.00533545
0.850642	0.342621	0.817268
0.850642	0.342621	0.817268
0.850642	0.342621	0.817268
0.850642	0.342621	0.817268
0.645711	-0.579697	0.297369
0.453297	-0.621531	0.283474
0.748518	-0.321597	0.104787
0.158442	-0.68033	0.206856
0.158442	-0.68033	0.206856
0.222835	-1.3934	0.171238
-0.869228	-0.088748	0.552276
-1.30909	-0.695041	0.972954
0.223686	-0.682804	0.93651
0.223686	-0.682804	0.93651
-0.0282532	-0.470402	1.33252
-0.0282532	-0.470402	1.33252
-0.0282532	-0.470402	1.33252
1.06948	-1.34112	1.03707
1.06948	-1.34112	1.03707
1.22562	-0.451323	1.38611
2.29487	0.113593	1.18828
2.65242	0.131361	1.23458
2.65242	0.131361	1.23458
2.83432	1.09463	1.31461
2.66978	-0.0233126	0.53738
2.66978	-0.0233126	0.53738
2.83922	0.73716	0.791513
1.37601	0.402614	1.43374
1.37601	0.402614	1.43374
1.39284	-0.914372	0.778443
1.39284	-0.914372	0.778443
0.444273	-0.779321	1.2637
0.377421	-0.375399	0.343615
0.377421	-0.375399	0.343615
0.527445	-0.297731	-0.0196229
0.918569	0.0461451	1.09388
0.785017	1.07316	0.388035
0.785017	1.07316	0.388035
0.652146	1.35576	1.42014
0.652146	1.35576	1.42014
0.15101	2.07131	2.00905
0.15101	2.07131	2.00905
0.282929	2.01808	1.48188
-0.0170049	1.7146	0.265273
-0.0170049	1.7146	0.265273
-0.0170049	1.7146	0.265273
-0.59288	1.34292	0.117022
-1.54735	1.0701	-0.026964
-1.04208	-0.204952	-0.869503
-1.19804	-0.730689	0.0448578
-1.6234	-0.331195	0.802456
-1.6234	-0.331195	0.802456
-1.6234	-0.331195	0.802456
-1.6234	-0.331195	0.802456
-1.7764	-0.155162	1.08974
-1.30446	-0.819649	0.662367
-1.30446	-0.819649	0.662367
-1.30446	-0.819649	0.662367
-1.12144	-1.02023	0.561957
-1.12144	-1.02023	0.561957
-1.12144	-1.02023	0.561957
-0.823445	-0.258695	0.115499
-0.823445	-0.258695	0.115499
-0.0392209	-0.398406	0.584947
-0.0392209	-0.398406	0.584947
0.162007	-0.562865	0.105827
0.514429	0.572145	0.27786
-0.414924	0.544138	-0.444673
-0.414924	0.544138	-0.444673
-0.513061	1.04333	-0.158833
-0.513061	1.04333	-0.158833
-0.513061	1.04333	-0.158833
-0.046683	0.191807	0.906173
-0.564659	0.29775	0.395354
-1.55255	-0.839736	-1.48787
-1.55255	-0.839736	-1.48787
-1.3336	-0.636265	-0.0766584
-1.3336	-0.636265	-0.0766584
-1.15064	-0.922418	-0.414043
-1.15064	-0.922418	-0.414043
0.169386	-0.647975	-1.05227
0.304755	-0.656847	-2.59487
0.0692107	-0.959528	-3.08872
-1.25423	0.325568	-2.93195
-0.91886	1.03465	-2.20811
-0.515218	1.27978	-1.75894
-1.0693	1.05827	-1.13403
-0.91506	2.23276	-0.923687
-0.331175	1.94776	-1.06867
-0.331175	1.94776	-1.06867
-1.43656	1.73902	-1.48276
-0.594087	1.97615	-1.93945
-1.12742	1.86756	-2.63898
-1.27017	0.952035	-3.01669
-1.24639	-0.200288	-3.42332
-1.81843	0.0844035	-2.98428
-1.81843	0.0844035	-2.98428
-1.64025	-1.17335	-2.337
-2.11538	-0.20052	-1.69495
-2.23379	0.0961102	-2.60257
-2.23379	0.0961102	-2.60257
-2.23379	0.0961102	-2.60257
-2.20006	-2.04378	-1.79418
-1.68284	-1.19954	-2.8963
-0.345732	-1.92007	-2.97165
-0.345732	-1.92007	-2.97165
-0.345732	-1.92007	-2.97165
-0.345732	-1.92007	-2.97165
-0.193772	-1.43658	-2.1553
-0.193772	-1.43658	-2.1553
-0.193772	-1.43658	-2.1553
-0.0154009	-1.2472	-2.01667
-0.119063	-0.554017	-2.05013
-0.119063	-0.554017	-2.05013
0.253613	-0.574295	-1.16211
0.253613	-0.574295	-1.16211
1.09143	-0.715927	-0.160389
0.319968	-0.392941	-0.991506
1.38115	0.443367	-0.114632
1.38115	0.443367	-0.114632
1.4095	0.366386	-0.16632
1.85588	1.15456	-0.477236
1.11817	0.746826	0.409937
1.11817	0.746826	0.409937
1.11817	0.746826	0.409937
0.698436	0.97519	-0.138237
0.698436	0.97519	-0.138237
0.698436	0.97519	-0.138237
1.00878	0.595911	-0.915909
1.00878	0.595911	-0.915909
1.09384	1.56651	-0.117334
1.09384	1.56651	-0.117334
2.15411	0.628023	-0.276047
2.15411	0.628023	-0.276047
1.47764	0.644692	-0.418219
0.27036	1.2296	-0.766307
0.0182673	1.01212	-0.958973
-0.703168	0.867506	0.0907546
-1.3887	-0.141342	0.333161
-1.76329	1.06428	0.51913
-0.478606	1.68575	0.146212
-0.528434	1.25059	0.123458
-0.528434	1.25059	0.123458
-0.528434	1.25059	0.123458
-1.11758	0.379942	0.481538
-1.64588	-0.304449	-0.798945
-1.35251	-0.757818	-1.10499
-1.35251	-0.757818	-1.10499
-1.35251	-0.757818	-1.10499
-1.35251	-0.757818	-1.10499
-1.48407	-0.400312	-0.168299
-0.314083	1.46843	0.66715
-0.394962	0.527644	1.38804
-0.394962	0.527644	1.38804
0.368795	0.114786	-0.955868
0.368795	0.114786	-0.955868
0.368795	0.114786	-0.955868
0.783976	0.115211	-0.133859
-0.179951	0.17895	-0.633756
-0.0277699	0.210002	0.174141
-0.0277699	0.210002	0.174141
-0.0277699	0.210002	0.174141
-0.0277699	0.210002	0.174141
-0.0277699	0.210002	0.174141
0.107641	-0.00820201	-0.148941
0.107641	-0.00820201	-0.148941
0.107641	-0.00820201	-0.148941
0.107641	-0.00820201	-0.148941
-1.68214	0.344575	0.229174
-1.68214	0.344575	0.229174
-1.80323	-0.049471	-0.670624
-0.200998	-0.833165	0.926416
-0.200998	-0.833165	0.926416
-0.200998	-0.833165	0.926416
0.256575	-1.57768	1.04756
-0.425669	-1.50945	0.558647
-1.04088	-1.7232	-0.288085
-0.821923	-1.80822	0.0405715
0.29914	-2.14722	0.137631
0.29914	-2.14722	0.137631
0.29914	-2.14722	0.137631
0.29914	-2.14722	0.137631
0.29914	-2.14722	0.137631
-0.168133	-2.15452	-0.414851
-0.168133	-2.15452	-0.414851
0.937498	-2.78236	-1.16764
0.565338	-2.4182	-1.33722
0.565338	-2.4182	-1.33722
0.565338	-2.4182	-1.33722
0.565338	-2.4182	-1.33722
0.565338	-2.4182	-1.33722
0.565338	-2.4182	-1.33722
1.10596	-3.20935	-1.26765
1.10596	-3.20935	-1.26765
1.10596	-3.20935	-1.26765
1.4133	-2.26755	-0.794545
1.4133	-2.26755	-0.794545
1.4133	-2.26755	-0.794545
1.35636	-1.9078	0.669482
1.35636	-1.9078	0.669482
1.19247	-3.01088	0.259096
1.19247	-3.01088	0.259096
1.19247	-3.01088	0.259096
1.19247	-3.01088	0.259096
1.19247	-3.01088	0.259096
1.0023	-3.45115	0.857837
0.52083	-4.27927	0.875192
0.52083	-4.27927	0.875192
0.52083	-4.27927	0.875192
1.85619	-4.10756	-0.0967505
0.83425	-3.28103	-0.332067
0.83425	-3.28103	-0.332067
0.117289	-2.59198	-1.62119
-0.706014	-0.8154	-1.72416
-0.706014	-0.8154	-1.72416
-0.706014	-0.8154	-1.72416
-0.495729	0.50688	-1.73454
-0.495729	0.50688	-1.73454
-0.135084	0.262188	-0.445646
-1.32883	-1.0621	-0.484967
-0.880566	-2.17169	-0.452906
-1.71103	-1.57607	-0.940585
-1.71103	-1.57607	-0.940585
-0.737251	-1.4877	-0.92968
-0.737251	-1.4877	-0.92968
0.132594	-0.402146	-1.29145
-0.146925	-0.259743	-1.08717
-0.146925	-0.259743	-1.08717
0.609242	-0.212275	-2.64056
0.137128	0.248615	-2.01197
0.137128	0.248615	-2.01197
-0.859652	-0.709945	-1.41879
-0.222972	-0.729886	-1.09319
-0.222972	-0.729886	-1.09319
0.308524	-0.624369	-0.835185
0.308524	-0.624369	-0.835185
0.308524	-0.624369	-0.835185
-0.552424	-0.585421	-1.58874
0.481694	-0.465657	-1.07214
0.308557	-0.727221	-1.56978
0.375643	-0.409132	-1.35864
0.385407	-0.898788	-1.04728
0.513744	-1.18321	-1.3632
0.513744	-1.18321	-1.3632
-0.690432	-0.0228654	-1.28874
-0.690432	-0.0228654	-1.28874
0.366187	0.064706	-0.781328
-0.88078	0.443068	-0.0611056
-0.88078	0.443068	-0.0611056
-0.88078	0.443068	-0.0611056
-0.88078	0.443068	-0.0611056
-0.88078	0.443068	-0.0611056
-0.679273	0.49248	-0.267294
-0.679273	0.49248	-0.267294
-0.679273	0.49248	-0.267294
-0.629223	0.803287	0.726627
-0.968912	0.874777	-0.233721
-0.974401	0.833878	-0.424965
-0.974401	0.833878	-0.424965
-0.974401	0.833878	-0.424965
-0.974401	0.833878	-0.424965
-1.25703	0.0155201	0.196196
-0.631024	0.506859	-0.903299
-0.635873	0.77358	-1.07201
-1.35568	1.06271	-1.11283
-1.35568	1.06271	-1.11283
-1.35568	1.06271	-1.11283
-0.956254	1.19727	-0.150379
-0.195572	0.897753	-0.694357
0.107326	-0.102716	-0.536156
-0.240945	-0.237705	-0.630346
-0.240945	-0.237705	-0.630346
-0.291239	0.371635	-0.0799877
-0.144434	1.17977	-0.118969
0.210421	1.41911	-0.651033
-0.463875	0.295648	-1.47624
-0.209106	1.07469	-0.606725
0.839558	0.893163	-0.146839
0.738561	0.342826	-0.163745
1.34718	0.417815	-0.0867742
1.34718	0.417815	-0.0867742
1.34718	0.417815	-0.0867742
1.35154	0.633091	0.395247
0.876928	0.675556	-0.385793
-0.59517	0.735905	-0.0282702
-0.59517	0.735905	-0.0282702
-0.450946	0.459211	-0.457955
-0.450946	0.459211	-0.457955
0.0143957	-0.03389	0.00771906
0.0143957	-0.03389	0.00771906
0.0143957	-0.03389	0.00771906
0.0143957	-0.03389	0.00771906
0.0143957	-0.03389	0.00771906
0.0143957	-0.03389	0.00771906
0.0143957	-0.03389	0.00771906
0.273429	0.240106	-0.502392
0.273429	0.240106	-0.502392
0.273429	0.240106	-0.502392
0.937783	-0.950507	-1.05095
0.725965	-0.625702	-1.9137
0.567392	0.0250943	-1.4923
0.567392	0.0250943	-1.4923
0.567392	0.0250943	-1.4923
0.276875	0.546879	-0.316147
0.276875	0.546879	-0.316147
0.276875	0.546879	-0.316147
0.276875	0.546879	-0.316147
0.276875	0.546879	-0.316147
0.276875	0.546879	-0.316147
1.12194	0.25547	-0.2117
1.12194	0.25547	-0.2117
0.346697	-0.508166	0.157421
0.346697	-0.508166	0.157421
0.298067	-0.41255	-0.209616
0.298067	-0.41255	-0.209616
0.298067	-0.41255	-0.209616
0.245056	0.567632	-0.147078
-0.162716	0.836511	-0.364909
-0.814721	0.1084	-0.019508
-0.814721	0.1084	-0.019508
-0.556392	0.034142	0.429435
-0.395553	0.399784	0.330352
-0.0417257	-0.101311	-0.533632
-0.0417257	-0.101311	-0.533632
-0.0417257	-0.101311	-0.533632
-0.0417257	-0.101311	-0.533632
-0.0417257	-0.101311	-0.533632
-0.0417257	-0.101311	-0.533632
-0.0417257	-0.101311	-0.533632
-0.0417257	-0.101311	-0.533632
-0.0417257	-0.101311	-0.533632
-0.0417257	-0.101311	-0.533632
0.452662	-0.00805573	0.190798
0.452662	-0.00805573	0.190798
0.0653901	0.155366	0.47948
0.0653901	0.155366	0.47948
0.737141	0.0133691	0.00981098
0.737141	0.0133691	0.00981098
0.737141	0.0133691	0.00981098
0.737141	0.0133691	0.00981098
0.737141	0.0133691	0.00981098
0.737141	0.0133691	0.00981098
0.174905	-0.63945	0.729383
0.174905	-0.63945	0.729383
0.723758	-0.602499	0.599594
0.723758	-0.602499	0.599594
0.723758	-0.602499	0.599594
0.723758	-0.602499	0.599594
0.723758	-0.602499	0.599594
0.723758	-0.602499	0.599594
0.820455	0.0999975	0.904528
0.820455	0.0999975	0.904528
0.820455	0.0999975	0.904528
0.820455	0.0999975	0.904528
0.375595	-0.14602	0.683787
0.375595	-0.14602	0.683787
0.194134	-0.518115	0.107227
0.194134	-0.518115	0.107227
-0.0613352	0.723261	0.504702
-0.0613352	0.723261	0.504702
0.608968	0.18432	1.36065
0.469811	-0.471008	1.43271
0.469811	-0.471008	1.43271
0.469811	-0.471008	1.43271
0.469811	-0.471008	1.43271
0.212614	-0.177661	1.1714
0.212614	-0.177661	1.1714
0.44438	0.782702	0.282188
0.44438	0.782702	0.282188
1.30132	0.739456	1.04422
1.30132	0.739456	1.04422
1.30132	0.739456	1.04422
1.08757	1.27458	0.443657
1.08757	1.27458	0.443657
1.63906	0.50102	1.29057
1.15388	1.08111	0.844049
1.6224	1.03855	2.09281
0.969094	1.0119	2.55873
0.969094	1.0119	2.55873
0.969094	1.0119	2.55873
1.38359	0.516973	2.54784
1.01854	0.392006	2.71435
1.01854	0.392006	2.71435
1.01854	0.392006	2.71435
1.01854	0.392006	2.71435
1.01854	0.392006	2.71435
1.01854	0.392006	2.71435
-0.584614	0.370534	2.02863
-0.584614	0.370534	2.02863
-0.206026	0.673161	1.67977
-0.206026	0.673161	1.67977
-0.206026	0.673161	1.67977
-0.0122789	1.62099	1.57935
-0.203368	0.122378	1.7264
-0.203368	0.122378	1.7264
0.370511	-0.843036	0.482205
0.935408	1.03443	-0.282239
0.78051	2.16834	0.0495497
1.38971	1.7746	-0.643973
1.51331	1.42709	-0.165999
1.51331	1.42709	-0.165999
2.46317	0.726945	0.597849
1.42453	0.772545	0.945232
0.94874	1.56254	0.830891
2.04626	0.989639	0.470404
2.04626	0.989639	0.470404
2.04626	0.989639	0.470404
2.04626	0.989639	0.470404
2.04626	0.989639	0.470404
2.04626	0.989639	0.470404
2.14921	2.45375	1.26459
2.14921	2.45375	1.26459
1.75016	2.70455	0.35557
2.24396	3.35353	0.5752
2.8849	2.26617	0.91555
3.28367	2.89287	-0.0189874
3.36869	2.29781	-0.0286269
3.78142	1.77754	-0.80951
3.56014	1.50456	-1.69704
2.71614	1.48535	-0.922248
2.71614	1.48535	-0.922248
2.37288	2.09188	-1.42118
1.67539	1.83855	-2.10993
2.22043	1.12988	-2.03414
2.22043	1.12988	-2.03414
2.22043	1.12988	-2.03414
2.11115	0.797896	-2.66048
1.49179	1.19666	-2.59072
1.2236	0.482934	-2.41355
1.2236	0.482934	-2.41355
0.967166	0.383173	-1.70085
0.967166	0.383173	-1.70085
0.967166	0.383173	-1.70085
0.967166	0.383173	-1.70085
0.327017	-0.225499	-1.76982
0.672594	-0.330726	-1.98041
1.41928	-0.442633	-2.11096
0.839989	0.22205	-2.57625
0.839989	0.22205	-2.57625
0.830437	1.18984	-2.58413
2.33068	1.79568	-3.26627
2.33068	1.79568	-3.26627
2.33068	1.79568	-3.26627
2.33068	1.79568	-3.26627
1.64523	1.90439	-3.4919
0.388077	1.19662	-4.77457
0.824225	0.822595	-4.65263
0.824225	0.822595	-4.65263
-0.0964566	0.444911	-4.0021
0.81883	-0.32603	-3.97288
1.23502	1.0154	-3.56703
1.87181	0.168642	-4.38813
1.87181	0.168642	-4.38813
1.66071	-0.0935941	-4.78814
1.1453	-0.196081	-4.5897
1.67218	0.184395	-5.02748
1.67218	0.184395	-5.02748
1.41569	-1.13328	-5.72519
1.41569	-1.13328	-5.72519
0.356726	-0.59625	-4.9921
0.356726	-0.59625	-4.9921
0.0966631	0.131199	-3.92
0.0966631	0.131199	-3.92
0.0966631	0.131199	-3.92
0.0966631	0.131199	-3.92
-1.3079	0.302673	-2.64333
-1.3079	0.302673	-2.64333
-1.3079	0.302673	-2.64333
-1.69269	-0.703843	-2.42775
-0.690233	-0.688756	-3.06982
-0.796952	-1.0256	-2.63274
-0.846391	-1.04553	-1.38802
-0.846391	-1.04553	-1.38802
-0.888337	-1.24265	-0.964206
-0.527537	-1.53232	-1.28989
-0.527537	-1.53232	-1.28989
-0.657501	-1.79607	-1.33492
-0.0598164	-1.94601	-1.61639
0.00928401	-0.665225	-1.49088
-0.0791051	-0.164972	-1.36302
-0.69061	-0.719621	-0.719074
-0.69061	-0.719621	-0.719074
-0.69061	-0.719621	-0.719074
-0.69061	-0.719621	-0.719074
-0.69061	-0.719621	-0.719074
0.320603	-0.047608	-0.718537
-0.169705	-0.337414	-0.14467
0.706252	0.35359	-0.191753
0.706252	0.35359	-0.191753
0.706252	0.35359	-0.191753
0.751137	-0.047491	-0.447273
0.0505155	0.655724	-0.169897
0.0505155	0.655724	-0.169897
-0.115909	0.99762	-0.589708
-0.115909	0.99762	-0.589708
-0.115909	0.99762	-0.589708
-0.456318	0.515095	-0.364641
-0.456318	0.515095	-0.364641
-0.42072	-0.581295	0.128835
-0.348773	-1.49699	-0.50289
-0.195145	-0.449431	-0.461273
-0.195145	-0.449431	-0.461273
-0.195145	-0.449431	-0.461273
-0.195145	-0.449431	-0.461273
-0.195145	-0.449431	-0.461273
-0.195145	-0.449431	-0.461273
-0.195145	-0.449431	-0.461273
-0.195145	-0.449431	-0.461273
-1.40676	-0.705724	-0.556901
-0.361794	-0.151807	-1.2056
-1.22084	0.226234	-1.9524
-1.11516	-0.304245	-1.66456
-0.716103	-0.78351	-1.62753
-0.932425	0.387465	-1.70874
-0.82641	0.589109	-0.238714
-0.82641	0.589109	-0.238714
-0.82641	0.589109	-0.238714
0.00332458	1.44365	0.439052
0.0809946	1.05777	-0.124876
0.0809946	1.05777	-0.124876
-0.0368805	1.19673	-0.0226217
-0.630102	0.680726	-0.395491
-0.630102	0.680726	-0.395491
0.348881	0.605983	-0.712186
0.348881	0.605983	-0.712186
0.348881	0.605983	-0.712186
-0.493119	0.523884	-0.627808
-0.330255	-1.21568	-0.663002
-0.578093	0.0555521	-0.573774
-0.53713	0.565739	-1.65007
-0.53713	0.565739	-1.65007
-0.132345	-0.232542	-2.35369
-0.777116	0.436227	-2.50144
0.0315444	1.68664	-0.311842
-0.713376	0.49954	-1.26493
-0.713376	0.49954	-1.26493
-0.713376	0.49954	-1.26493
0.659123	-0.516375	-1.04705
-0.631834	-1.07413	-0.396506
-0.631834	-1.07413	-0.396506
-0.631834	-1.07413	-0.396506
-0.631834	-1.07413	-0.396506
-0.905475	-1.55295	-0.763606
-0.905475	-1.55295	-0.763606
-0.335739	-0.644473	-0.0286455
-0.351623	-0.208717	1.49163
0.0058469	0.16423	0.577076
0.0058469	0.16423	0.577076
0.583082	-0.917033	0.0847206
0.583082	-0.917033	0.0847206
0.334949	-0.0784286	-0.75472
0.334949	-0.0784286	-0.75472
-0.26394	-0.224886	-0.853064
-0.26394	-0.224886	-0.853064
-0.26394	-0.224886	-0.853064
-0.26394	-0.224886	-0.853064
-0.26394	-0.224886	-0.853064
-0.26394	-0.224886	-0.853064
-0.26394	-0.224886	-0.853064
-0.26394	-0.224886	-0.853064
-0.26394	-0.224886	-0.853064
-0.378655	0.461419	-1.198
-0.24965	0.168132	-1.72519
0.500392	-0.231761	-0.549215
-0.201857	-0.490337	-0.512511
-0.201857	-0.490337	-0.512511
-0.201857	-0.490337	-0.512511
-0.201857	-0.490337	-0.512511
-0.0795229	0.461538	0.0172458
0.964747	0.794708	0.10425
1.3107	0.864068	0.0873231
0.23531	1.15895	0.472116
0.23531	1.15895	0.472116
-0.506763	1.14363	-0.505774
-1.34567	-0.00814276	0.254188
-0.689727	-0.868454	1.07726
-0.689727	-0.868454	1.07726
-0.531204	-0.178106	0.902986
-0.531204	-0.178106	0.902986
0.0134259	-0.284178	-0.124225
0.0134259	-0.284178	-0.124225
0.202647	-0.357485	-0.574598
0.202647	-0.357485	-0.574598
-0.32177	0.119121	-0.950882
-0.32177	0.119121	-0.950882
-0.32177	0.119121	-0.950882
-0.360845	0.539551	-1.51439
-0.360845	0.539551	-1.51439
-0.360845	0.539551	-1.51439
-0.360845	0.539551	-1.51439
0.839871	0.575041	-2.0799
0.955681	0.910676	-2.9994
0.955681	0.910676	-2.9994
0.955681	0.910676	-2.9994
1.07026	-0.320852	-2.66326
0.825878	-0.756506	-2.84234
0.825878	-0.756506	-2.84234
1.61955	-0.650963	-2.5483
1.61955	-0.650963	-2.5483
1.34044	-0.58192	-1.60219
1.7445	-0.109289	-1.63482
1.90842	0.362221	-0.639636
1.90842	0.362221	-0.639636
1.90842	0.362221	-0.639636
0.880456	0.562239	-1.81758
0.880456	0.562239	-1.81758
0.880456	0.562239	-1.81758
0.880456	0.562239	-1.81758
0.880456	0.562239	-1.81758
-0.0363105	0.659275	-1.52931
-0.0363105	0.659275	-1.52931
-0.0363105	0.659275	-1.52931
-0.0300745	1.17785	-1.41758
-0.0300745	1.17785	-1.41758
0.572361	0.759568	-0.384505
0.572361	0.759568	-0.384505
0.572361	0.759568	-0.384505
0.0734949	-0.0464498	-0.128582
0.0734949	-0.0464498	-0.128582
0.0734949	-0.0464498	-0.128582
0.0734949	-0.0464498	-0.128582
0.0734949	-0.0464498	-0.128582
0.0734949	-0.0464498	-0.128582
0.0734949	-0.0464498	-0.128582
0.0734949	-0.0464498	-0.128582
0.0734949	-0.0464498	-0.128582
-0.367439	-0.182166	0.247508
-0.367439	-0.182166	0.247508
-0.367439	-0.182166	0.247508
-0.367439	-0.182166	0.247508
-0.20773	0.0321678	0.288082
-0.20773	0.0321678	0.288082
-0.20773	0.0321678	0.288082
-0.20773	0.0321678	0.288082
-0.20773	0.0321678	0.288082
-0.20773	0.0321678	0.288082
-0.20773	0.0321678	0.288082
-0.20773	0.0321678	0.288082
-0.20773	0.0321678	0.288082
-0.20773	0.0321678	0.288082
-0.20773	0.0321678	0.288082
-0.20773	0.0321678	0.288082
-0.20773	0.0321678	0.288082
-0.20773	0.0321678	0.288082
0.204055	0.700772	0.252727
0.34867	1.00474	-0.12868
0.34867	1.00474	-0.12868
0.34867	1.00474	-0.12868
0.34867	1.00474	-0.12868
0.34867	1.00474	-0.12868
0.34867	1.00474	-0.12868
0.284625	0.1666	0.506453
0.284625	0.1666	0.506453
0.284625	0.1666	0.506453
1.21335	-0.500314	0.351803
1.21335	-0.500314	0.351803
1.21335	-0.500314	0.351803
1.21335	-0.500314	0.351803
0.928586	0.28532	1.06186
0.249198	0.869775	0.50111
-0.731403	1.30198	0.461028
-0.731403	1.30198	0.461028
-0.806738	0.20923	0.832709
0.633295	-0.278759	-0.29234
0.633295	-0.278759	-0.29234
0.633295	-0.278759	-0.29234
0.633295	-0.278759	-0.29234
-0.456194	-0.470778	-0.136113
-0.06225	0.325449	0.134347
-0.06225	0.325449	0.134347
-0.06225	0.325449	0.134347
-0.06225	0.325449	0.134347
-0.238949	-0.372461	0.0208755
-0.0327312	-0.117074	-0.259492
-0.0200717	0.0708212	0.149682
-0.078861	-0.321768	0.238346
-0.078861	-0.321768	0.238346
-0.372436	-0.681965	0.902968
-0.372436	-0.681965	0.902968
-0.372436	-0.681965	0.902968
-0.372436	-0.681965	0.902968
0.0523225	-0.882578	1.44373
0.221513	-0.803553	1.48405
0.221513	-0.803553	1.48405
0.221513	-0.803553	1.48405
0.221513	-0.803553	1.48405
0.221513	-0.803553	1.48405
0.449824	-1.35375	0.884324
0.143302	-1.65946	1.08491
-0.948559	-0.650164	1.68795
-0.948559	-0.650164	1.68795
-0.943054	-0.488554	1.25884
-0.15097	0.190642	1.05418
-0.15097	0.190642	1.05418
-0.15097	0.190642	1.05418
-0.0556814	-0.512042	0.963745
-0.0556814	-0.512042	0.963745
-0.0556814	-0.512042	0.963745
-0.18836	-0.80371	1.00606
-0.615279	-0.773648	0.163303
-0.615279	-0.773648	0.163303
-0.615279	-0.773648	0.163303
-0.615279	-0.773648	0.163303
-0.440766	-1.5844	-0.297631
-0.487372	-1.59443	0.136027
0.122975	-1.24087	0.917633
0.122975	-1.24087	0.917633
0.455976	-0.877934	0.993313
0.455976	-0.877934	0.993313
0.455976	-0.877934	0.993313
0.455976	-0.877934	0.993313
1.02985	-0.476286	1.46873
1.02985	-0.476286	1.46873
0.856077	-1.00722	1.34705
1.03881	-1.40936	0.847314
1.03881	-1.40936	0.847314
0.517956	-1.64237	0.589675
-0.0231831	-1.4152	0.719664
0.796391	-1.84762	-0.522371
0.796391	-1.84762	-0.522371
0.725883	-0.899637	0.0109835
0.725883	-0.899637	0.0109835
1.12312	-1.31718	0.327016
1.12312	-1.31718	0.327016
1.45084	-2.01251	0.0827572
0.944131	-1.65884	-0.300442
-0.263305	-1.8663	-1.36048
0.864503	-1.26435	-1.4656
0.864503	-1.26435	-1.4656
0.840092	-1.3277	-1.98737
1.7717	-1.84786	-0.893423
1.19451	-0.667887	-0.782962
1.2148	-1.38658	-0.301511
1.58604	-1.64055	-0.03379
2.14108	-2.02605	-0.980105
