2.42217
3.2734
3.74111
3.74111
3.74111
5.20483
5.20483
5.20483
5.83971
5.83971
5.52329
5.55237
4.14905
5.44903
4.70079
6.13786
6.13786
6.13786
6.13786
6.13786
6.13786
6.13786
6.13786
6.13786
6.28764
6.28764
4.95907
4.95907
4.95907
4.95907
5.17015
4.4653
4.34989
4.34989
4.34989
4.34989
4.34989
4.34989
1.6408
2.45534
2.45534
2.45534
3.20248
3.20248
3.45021
4.18239
4.18239
4.35105
4.35105
3.80676
3.89569
3.89569
3.89569
5.52915
6.90974
6.01885
6.01885
6.01885
6.01885
6.01885
6.6787
7.34539
6.94356
6.94356
7.53823
7.53823
6.851
7.37943
8.64508
10.8819
11.8912
11.8912
11.8912
11.4666
11.4666
9.23228
7.77714
7.22562
7.34428
7.34428
7.34428
5.23563
3.55841
4.76048
4.76048
4.76048
4.76048
4.76048
6.63162
6.63162
8.98967
8.98967
8.98967
9.88744
7.2129
7.2129
7.2129
5.63569
7.2728
4.6509
4.6509
4.6509
5.13305
2.71667
2.71667
2.71667
6.23588
4.62282
4.62282
4.62282
4.57052
5.5207
5.7001
8.0454
8.0454
8.0454
9.645
9.645
9.645
9.645
7.4322
5.83269
5.83269
6.4356
6.4356
6.4356
8.60769
7.65204
7.65204
7.65204
7.65204
5.00542
5.00542
5.22335
4.5802
4.5802
4.5802
4.5802
4.5802
8.30392
5.0829
5.0829
5.66247
5.66247
5.66247
4.13155
4.13155
4.13155
4.13155
4.13155
4.13155
1.41593
5.04231
5.04231
5.04231
4.7701
4.7701
4.90996
4.90996
4.90996
4.90996
4.90996
3.18599
3.18599
3.18599
3.18599
3.18599
3.18599
3.18599
6.35999
8.09165
7.60311
7.60311
7.41863
5.65693
5.65693
5.65693
5.74473
5.49116
5.49116
3.94022
3.97449
2.77336
2.3924
2.3924
2.3924
2.3924
2.3924
2.41308
2.41308
2.41308
2.41308
2.41308
2.41308
4.97173
4.47646
2.16981
4.22703
4.76093
4.70015
4.70015
2.84994
2.84994
3.91315
4.91876
5.2087
5.00676
7.63356
7.61393
6.40948
6.40948
3.55866
3.55866
4.33443
3.76477
5.21749
5.21749
5.21749
4.90413
4.90413
4.90413
4.90413
4.90413
4.90413
4.78539
4.78539
7.50784
8.11731
7.33579
8.85385
6.40524
6.40524
7.51329
7.51329
8.50341
8.50341
6.67997
7.7055
7.7055
7.7055
7.69749
7.69749
7.54293
7.54293
7.54293
7.54293
7.54293
9.61478
9.54573
9.38392
10.7746
10.7746
11.2604
10.4574
10.8663
8.96197
8.96197
8.52442
8.29792
4.87772
6.50606
6.50606
6.50606
6.50606
5.6225
6.15985
2.58554
2.15462
2.15462
2.38069
5.83734
5.83734
5.83734
7.38755
5.62494
3.03406
3.03406
5.98683
5.98683
5.98683
4.39986
2.3647
2.3647
2.3647
2.9287
2.9287
2.9287
2.93715
3.36895
5.10809
5.10809
5.21364
7.75756
7.75756
7.75756
6.58619
4.79755
4.79755
4.76955
4.76955
4.06048
5.01724
5.01724
5.01724
4.27995
4.27995
4.72666
5.37561
6.096
5.22529
4.8658
4.8658
4.8658
2.86459
2.86459
2.86459
2.86459
3.53489
3.53489
2.48111
2.48111
1.09049
1.09049
1.09049
1.09049
1.09049
2.03885
2.61495
2.61495
1.37862
1.37862
1.37862
1.37862
1.37862
1.37862
1.37862
1.37862
1.37862
3.44857
3.44857
3.44857
3.44857
3.44857
3.44857
3.44857
3.67803
3.67803
4.41846
4.41846
5.59221
5.59221
5.59221
5.59221
7.03265
5.84372
5.84372
5.64427
5.64427
5.87578
5.84483
7.07712
7.26221
6.59836
4.76638
4.98529
8.36352
7.6289
7.6289
7.6289
7.6289
7.6289
7.6289
7.6289
7.6289
7.6289
7.6289
5.32769
5.32769
5.2523
4.18681
4.18681
2.8595
2.8595
2.8595
3.33348
3.93774
2.76989
2.76989
2.76989
2.76989
1.92743
1.92743
2.84395
2.84395
2.84395
2.84395
4.94074
3.63059
5.65996
5.65996
5.65996
1.95184
3.97518
3.97518
4.95666
5.18964
5.18964
8.01242
8.58868
8.55648
8.55648
8.36539
7.64025
7.64025
7.64025
7.64025
4.41843
3.90482
3.90482
3.90482
3.16549
3.16549
4.81754
4.81754
4.81754
4.96144
6.70018
6.70018
6.15068
6.86157
5.08197
4.59098
4.59098
1.64982
5.4226
5.4226
5.4226
4.29185
3.15403
3.8932
3.51929
4.88785
3.93699
1.99294
2.44371
2.44371
2.71901
2.71901
4.40476
4.40476
4.40476
4.9074
4.69323
3.53439
3.53439
3.53439
2.55787
3.7071
3.7071
3.7071
8.18635
8.18635
7.63717
7.63717
8.48361
8.65338
8.65338
7.9514
7.9514
6.77558
6.77558
4.24748
4.24748
5.39664
5.39664
5.39664
4.97314
4.97314
3.66546
5.3213
5.3213
6.84838
7.34008
7.34008
5.02923
5.02923
5.02923
5.02923
5.02923
5.64612
6.17368
4.83462
3.05299
3.05299
3.05299
3.05299
3.05299
3.00066
3.00066
2.91308
2.91308
3.7349
3.7349
5.05868
5.05868
5.05868
7.62641
7.62641
7.80552
8.69749
8.69749
8.85674
8.85674
7.49162
7.49162
7.49162
6.5838
6.5838
6.5838
3.38703
3.38703
3.9964
3.9964
2.33631
2.33631
3.06895
3.06895
3.06895
3.06895
1.86818
3.94952
3.9611
3.7818
3.7818
4.09253
5.53958
4.99352
4.99352
7.16657
5.74151
5.19138
5.65243
5.65243
5.72569
5.72569
4.51612
4.51612
4.51612
7.47653
6.18159
6.18159
6.18159
5.56247
5.56247
5.56247
6.02049
6.02049
6.02049
4.94386
4.94386
4.94386
4.94386
4.8582
4.37423
4.37423
4.73885
4.72134
4.72134
5.6036
5.6036
4.76706
4.76706
4.76706
4.26486
4.26486
4.26486
3.95612
5.6889
3.54495
1.9973
3.69285
3.69285
3.69285
3.69285
3.69285
3.69285
3.11724
3.28734
3.28734
3.28734
3.28734
3.28734
3.28734
3.28734
3.28734
3.28734
3.28734
3.28734
3.28734
3.71358
3.73462
3.73462
3.73462
3.73462
3.73462
3.73462
3.73462
3.73462
4.95062
6.53836
6.53836
4.34723
4.34723
4.34723
4.34723
4.34723
4.34723
3.23128
4.36012
4.36012
5.10438
5.10438
4.13724
3.59596
3.59596
3.59596
3.59596
3.59596
4.9958
4.9958
4.9958
5.36572
6.2608
3.99865
3.39293
3.39293
3.39293
3.39293
3.39293
3.39293
3.39293
4.59988
4.59988
5.57985
5.22391
6.32851
4.56604
4.56604
4.56604
6.1009
6.1009
5.06886
5.06886
3.8023
2.94246
2.94246
2.94246
5.18886
4.80741
6.28548
5.79745
5.79745
5.79745
5.79745
2.88457
2.88457
3.61987
2.69806
2.69806
2.69806
2.69806
2.92454
2.92454
5.04166
3.80765
2.67279
2.67279
2.67279
2.67279
2.67279
3.50736
3.50736
3.50736
3.50736
3.50736
3.50736
3.50736
3.50736
3.50736
3.50736
3.50736
4.18142
4.18142
4.55929
4.55929
4.55929
4.55929
4.55929
4.80057
4.80057
4.80057
4.58656
4.58656
3.38528
3.38528
3.38528
4.05565
4.05565
4.7086
4.7086
2.71453
2.71453
2.71453
2.71453
3.36259
3.26755
4.43084
6.47135
5.07961
3.28965
3.28965
3.28965
3.28965
3.28965
3.28965
2.13864
2.13864
2.13864
3.90199
3.90199
3.7198
5.4821
2.25761
2.25761
4.32457
4.88156
4.77261
9.88958
9.18747
8.64833
8.02829
5.73025
5.73025
5.73025
4.75134
4.75134
4.75134
2.41276
2.03412
2.03412
2.97842
2.97842
2.97842
2.97842
2.97842
2.97842
2.97842
2.97842
4.01938
4.76354
5.78524
5.78524
3.27851
3.27851
3.27851
3.27851
3.27851
3.27851
3.27851
3.27851
3.27851
2.88566
2.88566
2.88566
2.88566
2.88566
2.41338
2.41338
4.37433
4.37433
3.35651
3.35651
4.27743
1.27652
1.27652
1.27652
1.27652
1.27652
1.8611
1.8611
1.8611
3.81675
3.81675
3.81675
3.81675
3.81675
4.7941
4.7941
4.7941
4.7941
5.12319
5.30617
5.30617
5.30617
5.69488
4.06356
4.06356
4.06356
4.06356
2.41245
2.41245
2.41245
2.41245
3.01383
3.01383
3.01383
3.01383
4.96681
5.52091
7.47356
7.62737
7.62737
8.94451
8.96645
10.5823
10.5805
10.5805
10.5805
9.99324
9.99324
9.99324
9.52943
7.07106
7.31348
7.31348
7.31348
7.31444
9.51338
7.90272
8.21424
7.7926
7.7926
7.19473
4.73879
4.73879
3.44526
3.44526
3.44526
3.44526
3.44526
2.23186
3.11548
3.11548
3.11548
5.03781
5.03781
5.61153
5.38605
5.38605
4.13301
3.76774
3.76774
3.76774
3.76774
5.74097
5.74097
5.74097
5.74097
6.96508
6.96508
6.96508
6.55451
6.55451
8.33369
8.33369
8.33369
8.33369
8.33369
6.20741
6.20741
6.20741
6.20741
4.83424
4.83424
6.7743
5.11708
4.676
7.94436
7.50356
7.50356
6.15379
7.34501
7.34501
8.27143
8.45678
6.79273
6.79273
6.79273
5.73016
5.73016
5.73016
5.73016
5.73016
3.32966
5.56186
5.72979
5.72979
5.72979
5.72979
7.8412
5.12816
6.1825
6.49622
6.49622
6.84948
9.49782
9.49782
10.2056
10.2056
10.2356
10.7725
7.61573
7.61573
7.55666
7.55666
7.55666
7.55666
6.85851
6.85851
6.85851
6.85851
6.79956
6.63672
6.63672
6.63672
8.80794
7.2648
7.2648
7.48411
7.48411
8.36762
6.72849
6.72849
6.72849
6.72849
6.72849
8.94631
8.94631
7.63472
7.63472
6.54198
5.5857
5.5857
5.5857
5.5857
3.90562
3.90562
3.90562
4.56154
4.56154
4.56154
6.06438
6.47733
6.47733
6.23634
6.23634
6.23634
4.04423
4.04423
4.38193
4.38193
4.38193
4.38193
3.44843
3.44843
3.44843
3.7071
2.81083
2.81083
2.81083
3.46746
3.46746
4.81852
5.91744
5.45997
5.45997
4.32039
3.53486
3.53486
3.53486
1.79413
3.3089
3.38932
3.38932
3.38932
3.38932
2.89902
2.89902
2.89902
2.89902
3.62535
3.62535
3.33735
3.33735
3.67638
3.67638
2.55721
3.74489
3.74489
4.28601
4.28601
5.29836
6.68535
6.97604
6.97604
6.97604
6.97604
6.97604
5.81252
5.81252
5.81252
5.81252
6.02619
6.30275
6.39353
5.22584
5.22584
5.22584
5.22584
5.01774
5.01774
4.90905
4.90905
4.90905
4.90905
4.90905
6.10043
6.10043
5.92195
6.38701
8.34695
8.34695
8.34695
8.34695
8.34695
8.21963
8.21963
8.04442
10.0371
9.99177
10.6613
10.7612
8.21485
9.01987
7.77823
7.77823
7.53081
9.74478
9.74478
9.74478
7.81299
7.81299
5.71979
5.71979
6.40452
4.56778
5.5092
5.5092
8.69835
8.48667
4.6548
4.6548
4.6548
4.6548
4.6548
4.6548
4.18808
2.09908
2.09908
2.09908
2.50779
2.50779
2.50779
2.50779
2.50779
2.50779
2.50779
2.50779
2.50779
6.42559
6.42559
6.59743
6.59743
6.59743
6.59743
6.59743
5.40757
2.88716
2.88716
2.88716
2.88716
2.88716
2.50587
2.50587
2.50587
3.24997
3.24997
3.10113
4.85836
4.85836
4.85836
4.85836
6.1905
6.1905
6.1905
6.1905
6.77007
6.39745
4.14136
4.14136
4.04686
2.93265
3.25403
3.25403
3.25403
3.25403
3.25403
5.89375
5.89375
3.48433
3.10484
3.10484
2.39549
2.39549
2.39549
2.39549
2.39549
2.39549
2.39549
2.39549
2.96379
3.25447
2.00539
2.00539
3.0457
4.07194
4.07194
6.67126
6.67126
9.62097
6.90607
5.6046
4.33636
4.33636
4.33636
4.1994
4.1994
4.94557
7.39541
9.20364
8.93551
8.93551
7.62655
3.36126
2.89383
2.89383
2.89383
4.31086
4.58329
4.58329
4.58329
4.58329
4.58329
4.58329
4.58329
4.58329
4.58329
4.58329
5.98343
5.98343
5.98343
5.77168
5.77168
2.64524
2.64524
2.40684
3.55868
5.5192
5.48614
6.15672
5.96453
5.49636
5.80522
5.80522
5.80522
5.80522
5.80522
5.80522
4.10733
4.65489
4.65489
4.65489
7.54218
5.28477
6.51169
6.51169
5.70762
5.87164
6.89336
6.89336
6.89336
6.07734
5.24582
5.24582
5.81866
3.43511
3.43511
3.43511
3.43511
3.43511
3.43511
3.43511
4.39995
4.39995
3.29555
3.89085
3.89085
4.03625
4.03625
4.03625
4.03625
4.03625
2.69792
2.69792
2.69792
2.69792
3.09051
3.09051
3.09051
1.97555
1.07208
1.28578
1.28578
1.28578
1.28578
1.28578
1.28578
5.47449
5.45148
5.45148
4.50471
4.50471
4.50471
4.62115
4.62115
4.62115
4.18582
4.18582
4.73617
4.78387
2.38671
2.38671
2.38671
2.38671
2.38671
2.38671
3.24451
3.24451
3.24451
3.24451
3.24451
3.24451
3.24451
1.43144
1.43144
1.43144
4.56493
4.56493
4.9403
3.12699
3.12699
4.95061
7.75944
7.75944
9.82746
9.82746
9.82746
8.78594
11.3698
10.0189
7.2896
7.2896
7.67253
7.67253
7.67253
9.20819
6.93041
7.5844
6.49382
6.49382
7.32326
7.32326
7.24641
7.34791
7.34791
7.43077
7.43077
7.43077
7.69145
7.69145
6.53933
5.89493
5.89493
5.01695
6.5363
6.5363
6.5363
5.282
5.282
4.84362
4.84362
4.84362
4.92273
4.92273
3.13706
5.96284
5.96284
5.96284
3.83099
3.46394
2.82319
2.82319
2.70124
2.70124
2.70124
2.70124
3.27979
3.27979
3.22026
3.22026
3.76663
3.76663
3.76663
3.77577
3.77577
3.77577
6.07146
5.14862
5.14862
5.14862
5.14862
5.14862
5.14862
5.14862
5.09581
3.93689
3.47352
3.47352
3.15869
3.15869
3.15869
3.15869
3.15869
3.15869
3.15869
3.15869
4.24191
6.12203
6.12203
6.12203
6.12203
6.83535
6.83535
6.52344
6.52344
6.81255
6.81255
6.23472
6.23472
6.23472
10.0016
10.0016
11.0088
8.10495
8.10495
8.26496
7.59003
6.5635
5.99593
5.33225
5.33225
5.33225
5.33225
3.25979
1.50245
1.97879
4.83863
1.99228
1.31549
1.31549
3.53417
5.86188
5.86188
5.86188
7.77939
7.40034
8.99206
8.82154
11.0222
11.0222
11.0222
10.935
10.935
10.935
10.1386
10.1386
7.90681
7.90681
5.52186
4.78224
2.80541
2.43999
2.22955
4.31201
4.31201
4.31201
4.31201
7.25046
7.25046
7.62297
7.62297
7.62297
7.88645
7.88645
7.88645
5.4233
6.74002
5.53922
4.50318
4.50318
5.24343
2.88663
3.99947
3.91361
3.91361
1.03557
1.03557
3.07839
3.07839
5.42475
5.42475
5.42475
3.02592
3.02592
3.60251
1.61463
1.61463
1.61463
3.405
3.54992
4.27243
4.27243
4.40399
4.60134
4.60134
3.83926
2.36879
2.36879
2.36879
0.95448
2.52055
3.76346
1.92
4.1828
4.20305
4.20305
4.086
4.086
5.83318
4.99021
5.5219
5.47128
4.26223
4.26223
4.26223
4.26223
4.22435
4.80282
4.80282
6.26402
6.05242
6.05242
7.03288
7.1364
7.1364
7.1364
7.1251
7.1251
6.12362
6.12362
6.12672
6.63272
6.63272
6.25047
4.46829
4.46829
4.46829
3.49675
3.49675
0.92965
