0.34641
1.03596
1.60908
1.60908
2.37347
2.37347
1.54498
1.54498
1.52643
2.07419
2.07419
2.07419
2.07419
2.14168
1.98266
2.12671
2.12671
2.15937
2.15937
1.86166
1.05277
1.05277
1.05277
1.28031
1.28031
1.28031
1.09044
1.09044
1.09044
1.29555
1.78748
2.46398
2.72664
3.20782
3.20782
3.20782
2.90952
2.41901
2.53949
2.72799
2.72799
2.72799
2.7437
1.82144
2.06849
2.06849
2.62946
2.43234
2.3666
2.3666
2.26176
1.87084
1.0773
1.0773
1.0773
1.41606
1.41606
1.3323
1.3323
1.03138
1.03138
1.68736
1.76613
1.52804
1.88946
1.88946
2.6181
2.85627
4.0008
4.0008
4.0008
3.96765
3.96765
3.20671
3.20671
3.20671
2.81045
2.52311
2.20062
1.88229
1.88229
1.63925
1.63925
2.16743
2.16743
2.16743
2.61901
2.61901
2.61901
2.61901
2.23354
1.40354
1.40354
1.40354
0.278886
0.278886
0.278886
0.278886
0.278886
0.278886
0.278886
0.483096
0.483096
0.483096
0.483096
0.483096
0.631413
0.948493
0.948493
0.948493
0.948493
0.948493
0.948493
0.948493
0.948493
0.948493
0.948493
1.5721
1.5721
1.08833
1.08833
1.90598
1.90598
1.87783
1.87783
1.12027
1.67888
1.08527
1.08527
0.993785
0.993785
0.993785
1.47121
1.47121
1.47121
1.07656
1.07656
1.07656
1.07656
1.07656
1.51016
2.13354
2.13354
2.13354
2.26697
2.55181
2.55181
2.52034
2.82624
2.82624
2.82624
2.82624
3.04822
2.64553
1.98038
1.98038
1.98038
1.98038
1.21596
1.21596
0.767659
1.0814
1.0814
1.18202
1.18202
1.18202
1.1137
1.31268
1.31268
1.31268
1.31268
1.31268
1.83559
2.07091
2.07091
1.79485
1.79485
1.79485
1.78755
3.06921
1.42053
1.52886
0.49998
0.293376
0.534392
0.534392
0.534392
0.834657
0.834657
0.834657
0.853775
0.853775
0.853775
0.493148
0.493148
1.02056
1.10007
1.10007
0.272371
0.709843
1.13709
1.93988
2.12021
2.44226
1.4892
1.72736
1.72736
1.6474
1.6474
0.879751
0.879751
1.17726
2.12428
1.57135
1.16468
1.16468
1.58258
1.31409
1.31409
2.46439
1.22897
1.22897
1.22897
0.501024
0.501024
0.547824
0.547824
0.758056
0.758056
1.32108
1.32108
0.613353
1.09291
1.09291
1.09291
1.09291
0.976867
1.20138
1.20138
1.20138
1.20138
1.58122
0.674303
1.29253
1.24696
0.661601
1.07235
1.07235
1.07235
2.26014
2.26014
2.08447
2.08447
3.05514
1.93576
1.82891
1.49987
1.72521
1.72521
1.72521
1.58571
1.58571
1.58571
1.39644
1.39644
1.39644
0.822853
0.822853
0.822853
0.822853
1.28138
1.28138
1.28138
1.28138
0.482452
0.482452
1.18089
1.18089
1.18089
0.878695
0.878695
0.461669
0.461669
0.461669
0.461669
0.548109
0.548109
0.548109
0.548109
0.548109
0.548109
0.87958
0.87958
0.87958
0.87958
0.726954
0.726954
0.726954
1.02329
1.02329
1.02329
0.947804
0.843297
1.21036
1.20596
2.11174
2.8428
1.53651
1.53651
1.53651
1.08218
1.08218
1.08218
1.33846
1.33846
1.38019
1.5196
1.5196
1.5196
1.71947
0.60229
0.85122
0.85122
0.85122
0.918303
0.663073
0.663073
0.424892
0.424892
0.424892
0.424892
0.424892
0.568206
0.568206
1.00125
1.00125
1.00125
2.45164
2.85975
2.85975
2.85975
2.13052
1.87356
1.53448
1.53448
0.888543
1.41738
1.41738
0.760194
0.760194
0.6987
0.585247
0.585247
0.585247
0.585247
1.54206
1.54206
1.54206
1.75414
1.32713
1.57537
1.43915
1.20271
0.728632
0.728632
0.728632
0.728632
0.728632
0.728632
0.728632
1.06302
1.31893
1.34186
1.34186
1.35579
1.35579
1.04529
1.68353
0.628045
0.628045
0.628045
0.628045
0.628045
0.628045
1.27007
1.44558
1.44558
0.782573
1.12574
1.05618
1.05618
1.06818
0.536334
0.536334
0.536334
0.536334
0.536334
0.536334
0.874475
0.874475
2.15371
1.68351
1.88654
1.60258
1.60258
0.721246
0.721246
0.753378
0.744038
0.547424
0.547424
0.961422
0.392445
1.0057
0.56185
0.56185
0.430525
0.430525
0.430525
0.430525
0.430525
0.73458
0.73458
0.73458
1.05525
1.05525
1.05525
0.801275
0.801275
0.801275
0.604099
0.604099
0.604099
0.999986
0.999986
0.999986
0.805731
0.805731
0.805731
2.10246
1.88962
2.11751
1.74538
1.74538
0.672384
1.09951
1.09951
1.09951
1.09951
1.7115
1.7115
1.4925
2.64727
1.63436
1.63436
2.671
2.30719
2.30719
2.66456
2.66456
3.29107
2.46493
2.2465
2.2465
0.625141
0.625141
0.625141
1.42467
1.78195
1.78195
1.78195
2.89163
2.66144
2.61071
2.83119
2.83119
3.32968
3.06137
3.06137
3.24387
3.12321
3.12321
3.11797
2.55748
2.55748
2.55748
2.55748
2.55748
2.54379
2.50583
1.97475
1.83925
2.15514
1.39116
1.39116
1.39116
1.39116
0.874273
0.360106
0.360106
0.360106
0.360106
0.360106
0.360106
1.11687
0.392262
0.741128
0.503369
0.503369
1.4743
1.33691
1.33691
0.848121
0.627006
0.715907
0.715907
0.354871
0.354871
0.354871
0.354871
0.354871
0.354871
0.354871
0.354871
0.540048
1.39861
1.86191
1.91411
1.31353
1.39377
2.14794
1.69018
1.47213
1.47213
1.47213
1.74197
1.74197
1.90273
1.90273
2.34889
2.11565
2.11565
1.71828
1.71828
1.69089
1.29514
1.29514
1.07613
1.07613
1.07613
1.07613
1.07613
1.07613
1.07613
1.28199
2.34362
2.34362
2.52477
2.42144
1.36832
0.772483
0.772483
1.02059
1.02059
0.808541
0.808541
0.808541
0.808541
0.808541
0.808541
0.808541
0.588607
0.588607
0.806843
1.41277
1.41277
1.21411
1.21411
1.21411
0.756509
0.756509
1.45186
1.45186
2.19153
1.8157
1.34801
1.30813
1.34869
1.85822
1.85822
1.85822
1.78049
1.99093
2.45621
2.1699
2.1699
1.71459
1.71459
1.71459
0.431324
0.431324
0.431324
0.825259
1.0445
0.886676
0.886676
0.886676
0.861483
0.823569
0.235635
1.2802
1.2802
1.2802
1.2802
1.2802
1.272
0.734289
1.24473
1.24473
1.24473
1.08408
0.70417
0.70417
1.00122
1.00122
1.00122
1.90799
1.86819
1.4768
1.59213
1.59213
1.59213
1.01299
1.01299
2.21274
1.86768
2.09693
2.09693
1.43288
1.43288
1.38
1.38
1.02765
1.02765
1.4384
2.5782
2.65764
2.26493
2.57167
2.57167
2.57167
2.57167
2.57167
2.57167
3.6463
3.30181
3.01346
3.64051
3.13908
3.13908
3.13908
3.15943
3.15943
2.92087
2.92087
2.8909
2.8909
3.13403
3.13403
2.37375
2.34505
2.76039
2.76039
2.73362
2.61786
1.89471
2.54799
1.97523
2.88212
2.88212
2.88212
3.61906
3.61906
3.61906
3.61906
5.04256
5.04256
5.1462
5.1462
5.2477
5.2477
5.30801
4.50877
3.85086
4.2999
4.2999
4.96907
4.96907
4.45595
4.45595
4.45595
3.51318
3.51318
3.07729
3.07729
3.04287
3.04287
3.04287
4.02349
3.62771
3.63871
3.63871
2.35404
2.35404
1.89214
1.89214
1.89214
1.89214
1.99779
1.99779
2.18351
2.08254
2.86932
2.45715
2.19985
2.57608
2.76066
2.67172
3.02778
2.49997
2.52045
2.62952
2.35914
2.35914
2.35914
2.17218
2.27923
2.27923
2.92876
1.82712
1.57638
1.57638
1.57638
1.57638
1.11732
1.36676
0.99129
0.99129
0.99129
0.99129
0.99129
0.99129
0.99129
0.99129
1.13975
1.11725
1.11725
0.729628
0.729628
0.387482
0.387482
0.387482
0.387482
0.387482
1.17784
1.75293
1.08377
1.08377
1.08377
1.69931
1.69931
1.86636
1.86243
1.28496
0.764654
1.22838
1.22838
1.22838
1.22838
0.917289
0.819839
0.821392
0.728521
0.728521
1.42146
1.03365
1.77297
1.18038
1.18038
1.4134
1.4134
1.4134
2.00448
2.00448
1.9045
2.58676
2.92861
2.92861
3.31055
2.72342
2.72342
3.03826
2.02759
2.02759
1.83904
1.83904
1.54973
0.633595
0.633595
0.605992
1.42915
1.38509
1.38509
2.06886
2.06886
2.88953
2.88953
2.51966
1.73509
1.73509
1.73509
1.47263
1.88153
1.37258
1.404
1.84094
1.84094
1.84094
1.84094
2.08979
1.67696
1.67696
1.67696
1.61688
1.61688
1.61688
0.870819
0.870819
0.708821
0.708821
0.5952
0.818042
0.816078
0.816078
1.17345
1.17345
1.17345
0.927426
0.750866
2.30853
2.30853
1.47959
1.47959
1.53175
1.53175
1.24733
2.69401
3.23507
3.20553
2.60587
2.23543
1.88398
2.58375
2.24622
2.24622
2.69935
2.83188
3.4239
3.40883
3.64866
3.49567
3.49567
3.08687
2.71807
3.43109
3.43109
3.43109
3.49806
3.558
3.55484
3.55484
3.55484
3.55484
2.59743
2.59743
2.59743
2.37122
2.127
2.127
1.32085
1.32085
1.3151
1.11349
1.45509
1.45509
1.46581
2.2372
1.40574
1.40574
1.40574
1.20744
1.20744
1.20744
1.48716
1.48716
1.91421
1.91421
2.26071
2.26071
1.66551
1.47385
1.3944
1.12038
1.43509
2.124
1.75846
1.36325
1.36325
1.36325
1.27484
1.8547
1.90383
1.90383
1.90383
1.90383
1.5463
1.64317
1.53658
1.53658
1.03096
1.03096
1.03096
0.803624
0.68268
0.274221
0.274221
0.274221
0.274221
0.274221
0.183949
0.183949
0.183949
0.183949
1.73229
1.73229
1.92453
1.26207
1.26207
1.26207
1.9111
1.66485
2.03368
1.98667
2.17232
2.17232
2.17232
2.17232
2.17232
2.20053
2.20053
3.15971
2.82054
2.82054
2.82054
2.82054
2.82054
2.82054
3.62353
3.62353
3.62353
2.78756
2.78756
2.78756
2.43467
2.43467
3.24878
3.24878
3.24878
3.24878
3.24878
3.69472
4.39879
4.39879
4.39879
4.50853
3.40167
3.40167
3.05947
2.03373
2.03373
2.03373
1.87385
1.87385
0.534407
1.76891
2.38679
2.50924
2.50924
1.90292
1.90292
1.35909
1.12739
1.12739
2.71823
2.0319
2.0319
1.80443
1.33324
1.33324
1.08745
1.08745
1.08745
1.781
1.26426
1.75735
1.46779
1.43288
1.87676
1.87676
1.46222
1.46222
0.865306
0.987834
0.987834
0.987834
0.987834
0.987834
0.880565
0.880565
0.880565
1.25267
1.32614
1.35108
1.35108
1.35108
1.35108
1.27234
1.21287
1.46695
2.05076
2.05076
2.05076
1.53964
1.15167
0.556357
0.715467
0.715467
0.478885
1.19451
1.57543
1.5754
1.25172
1.23457
0.83055
1.41315
1.41315
1.41315
1.54392
1.17227
0.946881
0.946881
0.789905
0.789905
0.0376212
0.0376212
0.0376212
0.0376212
0.0376212
0.0376212
0.0376212
0.620332
0.620332
0.620332
1.69923
2.14027
1.59672
1.59672
1.59672
0.6897
0.6897
0.6897
0.6897
0.6897
0.6897
1.16997
1.16997
0.63499
0.63499
0.550436
0.550436
0.550436
0.635524
0.92703
0.822132
0.822132
0.703671
0.652244
0.544764
0.544764
0.544764
0.544764
0.544764
0.544764
0.544764
0.544764
0.544764
0.544764
0.491296
0.491296
0.508248
0.508248
0.737327
0.737327
0.737327
0.737327
0.737327
0.737327
0.985641
0.985641
1.1164
1.1164
1.1164
1.1164
1.1164
1.1164
1.22528
1.22528
1.22528
1.22528
0.793699
0.793699
0.563585
0.563585
0.884077
0.884077
1.50206
1.57963
1.57963
1.57963
1.57963
1.20372
1.20372
0.943253
0.943253
1.825
1.825
1.825
1.73326
1.73326
2.14548
1.79239
2.8444
2.91722
2.91722
2.91722
2.94501
2.92554
2.92554
2.92554
2.92554
2.92554
2.92554
2.14346
2.14346
1.82132
1.82132
1.82132
2.2632
1.74264
1.74264
1.03948
1.42291
2.30507
2.34418
2.08669
2.08669
2.63687
1.87605
2.00799
2.32117
2.32117
2.32117
2.32117
2.32117
2.32117
3.49846
3.49846
3.241
4.07583
3.78106
4.37624
4.07784
4.25607
4.22116
3.2302
3.2302
3.46789
3.26175
3.21632
3.21632
3.21632
3.4888
3.22014
2.74875
2.74875
1.99377
1.99377
1.99377
1.99377
1.81385
2.1175
2.58194
2.71882
2.71882
2.96362
4.39603
4.39603
4.39603
4.39603
4.30429
4.93751
4.79614
4.79614
4.02791
4.06946
3.90897
4.77366
4.77366
5.06883
4.7345
5.30149
5.30149
6.00552
6.00552
5.04022
5.04022
3.92338
3.92338
3.92338
3.92338
2.9647
2.9647
2.9647
3.04213
3.22096
2.93569
1.9329
1.9329
1.80639
2.07126
2.07126
2.33242
2.53046
1.63259
1.37524
1.22958
1.22958
1.22958
1.22958
1.22958
0.788256
0.404446
0.812765
0.812765
0.812765
0.875508
0.679257
0.679257
1.16466
1.16466
1.16466
0.778789
0.778789
0.729046
1.61726
0.672936
0.672936
0.672936
0.672936
0.672936
0.672936
0.672936
0.672936
1.66948
1.26784
2.31377
2.02655
1.94308
1.98478
1.04259
1.04259
1.04259
1.50894
1.06819
1.06819
1.19751
1.00838
1.00838
0.99807
0.99807
0.99807
0.954863
1.42356
0.816391
1.82519
1.82519
2.36885
2.65545
1.71551
1.53574
1.53574
1.53574
1.34067
1.30774
1.30774
1.30774
1.30774
1.95311
1.95311
0.727246
1.54666
0.600019
0.600019
1.09001
1.09001
0.829424
0.829424
0.920846
0.920846
0.920846
0.920846
0.920846
0.920846
0.920846
0.920846
0.920846
1.33847
1.75125
0.778294
0.737458
0.737458
0.737458
0.737458
0.468657
1.25426
1.57232
1.27335
1.27335
1.34926
1.36949
1.5461
1.5461
1.06268
1.06268
0.310433
0.310433
0.706417
0.706417
1.01089
1.01089
1.01089
1.64764
1.64764
1.64764
1.64764
2.3156
3.27705
3.27705
3.27705
2.88814
3.05504
3.05504
3.08878
3.08878
2.16851
2.39329
2.04509
2.04509
2.04509
2.09641
2.09641
2.09641
2.09641
2.09641
1.66576
1.66576
1.66576
1.84331
1.84331
1.02586
1.02586
1.02586
0.155217
0.155217
0.155217
0.155217
0.155217
0.155217
0.155217
0.155217
0.155217
0.479015
0.479015
0.479015
0.479015
0.35662
0.35662
0.35662
0.35662
0.35662
0.35662
0.35662
0.35662
0.35662
0.35662
0.35662
0.35662
0.35662
0.35662
0.772393
1.07127
1.07127
1.07127
1.07127
1.07127
1.07127
0.604369
0.604369
0.604369
1.35879
1.35879
1.35879
1.35879
1.43918
1.03427
1.56289
1.56289
1.17814
0.751154
0.751154
0.751154
0.751154
0.669531
0.357549
0.357549
0.357549
0.357549
0.443012
0.286555
0.166803
0.408121
0.408121
1.19128
1.19128
1.19128
1.19128
1.69294
1.70211
1.70211
1.70211
1.70211
1.70211
1.6784
1.98781
2.04246
2.04246
1.64703
1.08186
1.08186
1.08186
1.09274
1.09274
1.09274
1.30138
1.00188
1.00188
1.00188
1.00188
1.67128
1.67279
1.5482
1.5482
1.40191
1.40191
1.40191
1.40191
1.85596
1.85596
1.8873
1.94509
1.94509
1.82027
1.58784
2.07866
2.07866
1.15602
1.15602
1.76162
1.76162
2.48233
1.9322
2.32451
2.11988
2.11988
2.53341
2.71141
1.57669
1.86796
2.28212
3.1064
