-3.27244
-3.28346
-3.29925
-3.31712
-3.33372
-3.34626
-3.35325
-3.35458
-3.35121
-3.34466
-3.33638
-3.32733
-3.31764
-3.30661
-3.29306
-3.27584
-3.25438
-3.2291
-3.20167
-3.175
-3.15279
-3.13867
-3.13495
-3.14188
-3.15784
-3.18014
-3.20539
-3.22958
-3.24876
-3.25999
-3.26211
-3.25575
-3.24293
-3.22666
-3.21049
-3.19815
-3.193
-3.19714
-3.21046
-3.23012
-3.25134
-3.26893
-3.279
-3.28002
-3.27318
-3.26204
-3.25141
-3.24532
-3.24544
-3.2508
-3.25882
-3.26656
-3.27175
-3.2737
-3.27375
-3.27466
-3.27872
-3.28624
-3.29564
-3.30485
-3.31237
-3.31749
-3.32015
-3.32083
-3.32056
-3.32078
-3.32275
-3.32691
-3.33243
-3.33758
-3.34056
-3.34047
-3.3377
-3.33373
-3.33045
-3.32915
-3.32979
-3.33074
-3.32945
-3.32342
-3.31106
-3.29209
-3.26759
-3.23989
-3.21246
-3.18959
-3.17549
-3.17294
-3.18231
-3.20152
-3.22713
-3.25567
-3.28436
-3.31124
-3.33487
-3.354
-3.36747
-3.3743
-3.37399
-3.36659
-3.35284
-3.33402
-3.31191
-3.28865
-3.26663
-3.24828
-3.23565
-3.22996
-3.23128
-3.23869
-3.2506
-3.26535
-3.28143
-3.2976
-3.31281
-3.32621
-3.33717
-3.34538
-3.35087
-3.35402
-3.35547
-3.35602
-3.35638
-3.357
-3.35792
-3.35882
-3.35935
-3.35946
-3.35962
-3.36065
-3.36322
-3.36733
-3.37209
-3.37591
-3.37694
-3.37356
-3.36477
-3.35033
-3.33082
-3.30754
-3.28237
-3.25742
-3.23486
-3.2166
-3.20419
-3.19852
-3.19977
-3.20761
-3.22157
-3.2411
-3.26494
-3.29075
-3.31557
-3.33681
-3.35287
-3.36322
-3.36823
-3.36891
-3.36668
-3.36314
-3.35963
-3.35694
-3.35503
-3.35311
-3.35001
-3.34465
-3.33661
-3.32662
-3.31659
-3.30913
-3.3064
-3.30915
-3.31642
-3.32585
-3.33431
-3.33886
-3.3381
-3.33303
-3.32671
-3.32274
-3.32348
-3.32916
-3.33825
-3.34856
-3.35818
-3.36593
-3.37121
-3.37373
-3.37324
-3.36948
-3.36222
-3.35154
-3.33818
-3.32371
-3.31027
-3.29969
-3.29247
-3.28764
-3.28369
-3.27985
-3.27653
-3.27472
-3.27539
-3.27947
-3.28799
-3.30148
-3.31925
-3.33941
-3.35978
-3.3787
-3.39538
-3.40958
-3.4213
-3.43053
-3.4373
-3.44174
-3.44417
-3.44506
-3.44474
-3.44321
-3.43994
-3.43413
-3.42498
-3.41219
-3.39617
-3.37799
-3.35923
-3.34162
-3.32669
-3.31519
-3.30665
-3.29936
-3.29101
-3.27954
-3.264
-3.24488
-3.22414
-3.20465
-3.18924
-3.18002
-3.17852
-3.18602
-3.20261
-3.22547
-3.2494
-3.26945
-3.28296
-3.28937
-3.28914
-3.28316
-3.27331
-3.26314
-3.25734
-3.25941
-3.26951
-3.28429
-3.29886
-3.30953
-3.31515
-3.31677
-3.31589
-3.31304
-3.30767
-3.29921
-3.28817
-3.27641
-3.26667
-3.26147
-3.26203
-3.26791
-3.27763
-3.28949
-3.30216
-3.31484
-3.32714
-3.33885
-3.34966
-3.35904
-3.36617
-3.37007
-3.36966
-3.36388
-3.35198
-3.33384
-3.31039
-3.28386
-3.25753
-3.23511
-3.21961
-3.21248
-3.21328
-3.22005
-3.23023
-3.24145
-3.25205
-3.26133
-3.26939
-3.27686
-3.2845
-3.29286
-3.30195
-3.31116
-3.31939
-3.32541
-3.32833
-3.32787
-3.32449
-3.31914
-3.31299
-3.30704
-3.302
-3.29845
-3.29702
-3.29831
-3.30242
-3.30847
-3.31478
-3.31953
-3.32155
-3.32066
-3.31758
-3.31375
-3.31092
-3.31064
-3.31371
-3.31978
-3.32759
-3.33546
-3.34185
-3.34573
-3.34667
-3.3447
-3.34011
-3.33332
-3.32483
-3.31536
-3.30591
-3.29779
-3.29247
-3.29126
-3.29505
-3.30392
-3.31699
-3.33228
-3.34708
-3.35864
-3.36487
-3.36482
-3.35872
-3.34772
-3.33352
-3.31803
-3.30297
-3.28963
-3.27861
-3.26989
-3.26308
-3.25774
-3.25358
-3.25059
-3.249
-3.24932
-3.25212
-3.25778
-3.26599
-3.27563
-3.28485
-3.29157
-3.2939
-3.29077
-3.2825
-3.27122
-3.26011
-3.25179
-3.24687
-3.24411
-3.24192
-3.23987
-3.23905
-3.24128
-3.24778
-3.25834
-3.27149
-3.28516
-3.29722
-3.30585
-3.31009
-3.3105
-3.30958
-3.31102
-3.31792
-3.33081
-3.34725
-3.36339
-3.37607
-3.38395
-3.3874
-3.38768
-3.38606
-3.38323
-3.37916
-3.3733
-3.36506
-3.35421
-3.34106
-3.32655
-3.31235
-3.30111
-3.29587
-3.29795
-3.30478
-3.31075
-3.31072
-3.30247
-3.28713
-3.26809
-3.24971
-3.23591
-3.22908
-3.22959
-3.23589
-3.24527
-3.25492
-3.26278
-3.26786
-3.27012
-3.27017
-3.26892
-3.26738
-3.26661
-3.26757
-3.27093
-3.2769
-3.2852
-3.29515
-3.30586
-3.31647
-3.32628
-3.3349
-3.34234
-3.34885
-3.35466
-3.35972
-3.36361
-3.36582
-3.36604
-3.36448
-3.36192
-3.35947
-3.35827
-3.35905
-3.36179
-3.36561
-3.369
-3.37017
-3.36772
-3.36116
-3.35132
-3.34031
-3.331
-3.32604
-3.32714
-3.33466
-3.34769
-3.36443
-3.38264
-3.39992
-3.41396
-3.42273
-3.42472
-3.41922
-3.4068
-3.38961
-3.37114
-3.35489
-3.34245
-3.33257
-3.32235
-3.30921
-3.29221
-3.27223
-3.25154
-3.23311
-3.21974
-3.21314
-3.21331
-3.21865
-3.22658
-3.23452
-3.24055
-3.24379
-3.24425
-3.24249
-3.23922
-3.23505
-3.23041
-3.22581
-3.22195
-3.21988
-3.22098
-3.22735
-3.23838
-3.25296
-3.26912
-3.28497
-3.29948
-3.31265
-3.32503
-3.33726
-3.34977
-3.36256
-3.37525
-3.38712
-3.39721
-3.40448
-3.40799
-3.40707
-3.40142
-3.39112
-3.37664
-3.3588
-3.33876
-3.31796
-3.29799
-3.28037
-3.26621
-3.25591
-3.249
-3.2444
-3.24078
-3.23701
-3.23241
-3.22697
-3.2213
-3.21653
-3.21402
-3.21467
-3.21842
-3.22414
-3.23038
-3.23608
-3.24095
-3.24516
-3.24887
-3.25204
-3.2544
-3.25581
-3.25637
-3.25649
-3.25677
-3.25787
-3.26023
-3.26391
-3.26842
-3.27297
-3.27666
-3.2788
-3.27907
-3.27756
-3.27464
-3.27082
-3.26648
-3.26175
-3.25645
-3.25029
-3.24304
-3.23481
-3.22622
-3.21835
-3.21245
-3.20954
-3.21008
-3.21389
-3.22035
-3.22867
-3.23823
-3.24868
-3.25999
-3.27218
-3.28496
-3.29757
-3.30895
-3.31804
-3.32402
-3.32629
-3.32448
-3.31846
-3.30852
-3.29568
-3.28182
-3.26924
-3.25987
-3.25443
-3.25234
-3.25228
-3.253
-3.25378
-3.25446
-3.25535
-3.25707
-3.2602
-3.26495
-3.27085
-3.27718
-3.2838
-3.29161
-3.30207
-3.31583
-3.33181
-3.34766
-3.3609
-3.36975
-3.37335
-3.37166
-3.36535
-3.35579
-3.34509
-3.33579
-3.33031
-3.33003
-3.33489
-3.34381
-3.35528
-3.36771
-3.37946
-3.38892
-3.3949
-3.39681
-3.39462
-3.38874
-3.37987
-3.36892
-3.35711
-3.34579
-3.33627
-3.32959
-3.32641
-3.32674
-3.32976
-3.33418
-3.33899
-3.34404
-3.34997
-3.35762
-3.36746
-3.37935
-3.39239
-3.40521
-3.41642
-3.42515
-3.43124
-3.43501
-3.43673
-3.43622
-3.43301
-3.42668
-3.41715
-3.40486
-3.39081
-3.37662
-3.36443
-3.35645
-3.35396
-3.35647
-3.36172
-3.36691
-3.37013
-3.37099
-3.37008
-3.36817
-3.36575
-3.36323
-3.36118
-3.36016
-3.36041
-3.36137
-3.36168
-3.35954
-3.35318
-3.34129
-3.32332
-3.29992
-3.27346
-3.24813
-3.22899
-3.21972
-3.22055
-3.22796
-3.23675
-3.24247
-3.2427
-3.23705
-3.22684
-3.21539
-3.20829
-3.21197
-3.22946
-3.25735
-3.28805
-3.31476
-3.33414
-3.34612
-3.35261
-3.35611
-3.35852
-3.3606
-3.36239
-3.36396
-3.3658
-3.36843
-3.37197
-3.37601
-3.37981
-3.38262
-3.38392
-3.38343
-3.38103
-3.37666
-3.37031
-3.36225
-3.35315
-3.34401
-3.33577
-3.32887
-3.32284
-3.31651
-3.30861
-3.29845
-3.28642
-3.274
-3.2633
-3.2563
-3.2542
-3.25712
-3.2643
-3.27464
-3.28712
-3.3009
-3.31523
-3.32927
-3.34202
-3.35257
-3.36041
-3.36561
-3.36887
-3.37131
-3.37398
-3.37746
-3.38174
-3.38635
-3.39061
-3.39374
-3.39474
-3.39221
-3.38449
-3.37033
-3.35007
-3.32681
-3.30625
-3.29449
-3.29501
-3.30717
-3.32711
-3.34978
-3.37054
-3.38583
-3.39332
-3.39197
-3.38209
-3.36544
-3.34502
-3.32451
-3.3074
-3.29612
-3.29149
-3.29279
-3.29832
-3.30615
-3.31484
-3.32374
-3.333
-3.3431
-3.35457
-3.36773
-3.38247
-3.39812
-3.41343
-3.42682
-3.43679
-3.44219
-3.44245
-3.4376
-3.42828
-3.41558
-3.40094
-3.38642
-3.37505
-3.37024
-3.37374
-3.38411
-3.39736
-3.40915
-3.41647
-3.41807
-3.41407
-3.40512
-3.39196
-3.37552
-3.35721
-3.33906
-3.32346
-3.31252
-3.30729
-3.30736
-3.31095
-3.31555
-3.31883
-3.31935
-3.31709
-3.31322
-3.30952
-3.3073
-3.30673
-3.30692
-3.30657
-3.30463
-3.3006
-3.29457
-3.2871
-3.27922
-3.27229
-3.26779
-3.26697
-3.27035
-3.27755
-3.28755
-3.29919
-3.31163
-3.32458
-3.33812
-3.35237
-3.36707
-3.38136
-3.39401
-3.40389
-3.41032
-3.41322
-3.41295
-3.41002
-3.40489
-3.39793
-3.38966
-3.38086
-3.37242
-3.36521
-3.36011
-3.35793
-3.3591
-3.36303
-3.36819
-3.37285
-3.37589
-3.37719
-3.37737
-3.37745
-3.37832
-3.38053
-3.3842
-3.3891
-3.39474
-3.40037
-3.40504
-3.40759
-3.40691
-3.40238
-3.39428
-3.38412
-3.37461
-3.36904
-3.37022
-3.3792
-3.39461
-3.41323
-3.43117
-3.44524
-3.45351
-3.45545
-3.45157
-3.44303
-3.43119
-3.41711
-3.40122
-3.38329
-3.36269
-3.33914
-3.31355
-3.2886
-3.26826
-3.25612
-3.25343
-3.25862
-3.26852
-3.28
-3.29073
-3.29925
-3.30486
-3.30753
-3.30801
-3.30768
-3.30808
-3.31029
-3.31439
-3.31942
-3.32396
-3.32679
-3.3273
-3.32559
-3.32245
-3.31907
-3.31664
-3.31567
-3.31559
-3.31498
-3.31226
-3.30613
-3.29572
-3.28058
-3.26108
-3.23893
-3.21732
-3.19999
-3.18933
-3.18533
-3.18648
-3.19161
-3.20118
-3.21658
-3.23827
-3.26488
-3.29372
-3.3217
-3.34568
-3.36288
-3.37154
-3.37135
-3.36338
-3.34973
-3.3333
-3.31741
-3.30544
-3.29988
-3.3014
-3.30867
-3.31904
-3.32955
-3.33787
-3.3428
-3.34433
-3.34341
-3.34123
-3.33869
-3.33607
-3.33329
-3.33028
-3.32737
-3.32524
-3.32467
-3.32617
-3.3297
-3.33463
-3.33984
-3.34396
-3.34573
-3.34424
-3.3391
-3.33051
-3.31919
-3.30626
-3.29326
-3.28208
-3.27477
-3.2732
-3.27846
-3.29032
-3.30716
-3.32648
-3.34555
-3.36201
-3.37399
-3.38021
-3.38011
-3.37404
-3.36352
-3.35115
-3.34014
-3.33317
-3.33137
-3.3339
-3.33863
-3.34316
-3.34558
-3.3445
-3.34051
-3.33446
-3.32841
-3.32508
-3.32661
-3.33311
-3.34235
-3.35103
-3.35647
-3.35749
-3.35456
-3.34944
-3.34443
-3.34164
-3.34226
-3.34629
-3.35278
-3.36032
-3.36759
-3.37358
-3.37769
-3.37961
-3.37919
-3.37637
-3.37112
-3.36348
-3.35381
-3.34328
-3.33403
-3.32896
-3.33055
-3.33962
-3.35483
-3.37341
-3.39252
-3.41017
-3.42539
-3.43792
-3.44772
-3.45468
-3.45859
-3.45913
-3.456
-3.4489
-3.4376
-3.42191
-3.40186
-3.37773
-3.35026
-3.32068
-3.29071
-3.26247
-3.238
-3.21882
-3.20554
-3.19777
-3.19436
-3.19379
-3.19466
-3.19617
-3.19841
-3.20214
-3.20817
-3.21668
-3.2268
-3.23682
-3.24472
-3.24884
-3.24845
-3.2441
-3.23762
-3.23165
-3.22856
-3.22946
-3.23389
-3.24044
-3.24794
-3.25598
-3.26498
-3.27568
-3.28866
-3.30393
-3.32081
-3.33796
-3.35388
-3.36734
-3.37781
-3.38537
-3.39047
-3.39346
-3.39427
-3.39246
-3.38753
-3.37948
-3.36915
-3.35823
-3.3488
-3.34267
-3.34069
-3.3424
-3.34615
-3.34963
-3.3505
-3.34722
-3.3396
-3.32925
-3.31898
-3.31154
-3.30811
-3.30798
-3.30944
-3.31086
-3.3112
-3.31
-3.30706
-3.30244
-3.29652
-3.29023
-3.28518
-3.28343
-3.28699
-3.29715
-3.31405
-3.33656
-3.36256
-3.38932
-3.4139
-3.43345
-3.44559
-3.4487
-3.44219
-3.42643
-3.40265
-3.37267
-3.3388
-3.3039
-3.27159
-3.24614
-3.2318
-3.23142
-3.24529
-3.27095
-3.30411
-3.34002
-3.37453
-3.40446
-3.4277
-3.44309
-3.45033
-3.4499
-3.44303
-3.43144
-3.41711
-3.40191
-3.38729
-3.37412
-3.36267
-3.35265
-3.34339
-3.33411
-3.32425
-3.31367
-3.30285
-3.29267
-3.28416
-3.27813
-3.27519
-3.27572
-3.28004
-3.28826
-3.30017
-3.31474
-3.32959
-3.34051
-3.34151
-3.32693
-3.29827
-3.2734
-3.27823
-3.31516
-3.35999
-3.39318
-3.41121
-3.41788
-3.41694
-3.41032
-3.39873
-3.3827
-3.36308
-3.34122
-3.31882
-3.29777
-3.2798
-3.2662
-3.25753
-3.2536
-3.25356
-3.25626
-3.26056
-3.26559
-3.27082
-3.27599
-3.28102
-3.28587
-3.29051
-3.29481
-3.29856
-3.30137
-3.30278
-3.30229
-3.2996
-3.2949
-3.2889
-3.28279
-3.27796
-3.2756
-3.2765
-3.28083
-3.28835
-3.29852
-3.31063
-3.32367
-3.33639
-3.34738
-3.35535
-3.35941
-3.35936
-3.35635
-3.35333
-3.35448
-3.36309
-3.37929
-3.40015
-3.42165
-3.44072
-3.45585
-3.46673
-3.47374
-3.47744
-3.47833
-3.4767
-3.47259
-3.4657
-3.45544
-3.44102
-3.42164
-3.39679
-3.36676
-3.33322
-3.29968
-3.27102
-3.25212
-3.24574
-3.25139
-3.26582
-3.2846
-3.30368
-3.32004
-3.33168
-3.33734
-3.33634
-3.32859
-3.31481
-3.29695
-3.2784
-3.26338
-3.2553
-3.25518
-3.2616
-3.27218
-3.2849
-3.29846
-3.31189
-3.32409
-3.33367
-3.33936
-3.34064
-3.33839
-3.33509
-3.33414
-3.33845
-3.34906
-3.36446
-3.38087
-3.39366
-3.39916
-3.39617
-3.38649
-3.37427
-3.36376
-3.35665
-3.35148
-3.34618
-3.3405
-3.33575
-3.33292
-3.33178
-3.33183
-3.33338
-3.3373
-3.34399
-3.35239
-3.35994
-3.36332
-3.35949
-3.34641
-3.32365
-3.29282
-3.25786
-3.22469
-3.19969
-3.18718
-3.18754
-3.19752
-3.21207
-3.22627
-3.23644
-3.24082
-3.23988
-3.2367
-3.23656
-3.24495
-3.26424
-3.2917
-3.32117
-3.34668
-3.36472
-3.37436
-3.37652
-3.37342
-3.36853
-3.36605
-3.36929
-3.37866
-3.39108
-3.40183
-3.40669
-3.40315
-3.39056
-3.36991
-3.34385
-3.31688
-3.29476
-3.28286
-3.28389
-3.29664
-3.31694
-3.33958
-3.35994
-3.37495
-3.38339
-3.38605
-3.38536
-3.38448
-3.38584
-3.39025
-3.39722
-3.40598
-3.41612
-3.42752
-3.43989
-3.45264
-3.46483
-3.47551
-3.48394
-3.48978
-3.49297
-3.4935
-3.49111
-3.48511
-3.47446
-3.45813
-3.43546
-3.40667
-3.37314
-3.33751
-3.30345
-3.27517
-3.2568
-3.25138
-3.25933
-3.27773
-3.30172
-3.32661
-3.34916
-3.36751
-3.38092
-3.38942
-3.39368
-3.39477
-3.3939
-3.3922
-3.39061
-3.38968
-3.3895
-3.38959
-3.38907
-3.38677
-3.38161
-3.37291
-3.36086
-3.34708
-3.33492
-3.32858
-3.33056
-3.33952
-3.35135
-3.36245
-3.37143
-3.37865
-3.38496
-3.39094
-3.39689
-3.40282
-3.40852
-3.41343
-3.4167
-3.4173
-3.41421
-3.40641
-3.39277
-3.37199
-3.34276
-3.3047
-3.26012
-3.21632
-3.18537
-3.17818
-3.19661
-3.23327
-3.27799
-3.32259
-3.36151
-3.39116
-3.40945
-3.41563
-3.41019
-3.39489
-3.37251
-3.34648
-3.32047
-3.29789
-3.28139
-3.27227
-3.27033
-3.2744
-3.28316
-3.29542
-3.30986
-3.3249
-3.33891
-3.35064
-3.35959
-3.36602
-3.37055
-3.37365
-3.37528
-3.37479
-3.37138
-3.36462
-3.35507
-3.34449
-3.33554
-3.33069
-3.33091
-3.33491
-3.33968
-3.34203
-3.34008
-3.33404
-3.32616
-3.31983
-3.31811
-3.32223
-3.33102
-3.34168
-3.35146
-3.35905
-3.36464
-3.36906
-3.37276
-3.37571
-3.37775
-3.3789
-3.37924
-3.3786
-3.37654
-3.37284
-3.36808
-3.36367
-3.36116
-3.3612
-3.36318
-3.36571
-3.36756
-3.3682
-3.36775
-3.36651
-3.36434
-3.36173
-3.3589
-3.35624
-3.35386
-3.35163
-3.34966
-3.34867
-3.34973
-3.35355
-3.35995
-3.36788
-3.37581
-3.38233
-3.38662
-3.38865
-3.38925
-3.38994
-3.3923
-3.39717
-3.40398
-3.41077
-3.41491
-3.41392
-3.40605
-3.3905
-3.36759
-3.33888
-3.30718
-3.27623
-3.24971
-3.23011
-3.21799
-3.21222
-3.21102
-3.21287
-3.21707
-3.22375
-3.23329
-3.24573
-3.26036
-3.27582
-3.29035
-3.30206
-3.30914
-3.31024
-3.30482
-3.29359
-3.27869
-3.26324
-3.25009
-3.24034
-3.23341
-3.22883
-3.228
-3.23403
-3.24924
-3.27272
-3.3003
-3.32675
-3.34802
-3.36184
-3.36763
-3.36623
-3.35981
-3.35141
-3.34419
-3.34054
-3.34128
-3.34547
-3.35091
-3.35515
-3.35633
-3.35372
-3.34757
-3.33875
-3.32816
-3.31641
-3.30381
-3.2907
-3.27785
-3.26632
-3.25701
-3.25008
-3.24501
-3.2414
-3.23975
-3.2415
-3.24824
-3.26071
-3.27838
-3.29979
-3.32303
-3.34618
-3.36741
-3.38519
-3.39847
-3.4068
-3.41026
-3.40928
-3.40435
-3.39585
-3.38406
-3.36934
-3.3524
-3.33436
-3.31636
-3.29927
-3.28376
-3.2711
-3.26338
-3.26252
-3.26871
-3.27999
-3.29323
-3.30581
-3.31657
-3.32586
-3.33504
-3.34569
-3.35891
-3.3748
-3.39241
-3.41017
-3.42644
-3.44001
-3.45022
-3.45686
-3.45999
-3.45987
-3.45683
-3.45147
-3.44455
-3.43702
-3.42971
-3.423
-3.41667
-3.40998
-3.40205
-3.39238
-3.38108
-3.36889
-3.35686
-3.34572
-3.33543
-3.32518
-3.31393
-3.30115
-3.2873
-3.27382
-3.26264
-3.25542
-3.25287
-3.25439
-3.25839
-3.26311
-3.26735
-3.27084
-3.27402
-3.27755
-3.28204
-3.28788
-3.29529
-3.30437
-3.31515
-3.32753
-3.34119
-3.35541
-3.36891
-3.37981
-3.38608
-3.38607
-3.37892
-3.3648
-3.34507
-3.32234
-3.30036
-3.28329
-3.27441
-3.27467
-3.28244
-3.29453
-3.30764
-3.31929
-3.32799
-3.33307
-3.33456
-3.3331
-3.3298
-3.32599
-3.32293
-3.32169
-3.32306
-3.32746
-3.33484
-3.34447
-3.35502
-3.36474
-3.37179
-3.37467
-3.37245
-3.36508
-3.35351
-3.33959
-3.32546
-3.31272
-3.30222
-3.29438
-3.2896
-3.28779
-3.28802
-3.28876
-3.28878
-3.28787
-3.28691
-3.28736
-3.29033
-3.29598
-3.30344
-3.31143
-3.31869
-3.32424
-3.32715
-3.32656
-3.32189
-3.31343
-3.30266
-3.29211
-3.28453
-3.28188
-3.28509
-3.29426
-3.30894
-3.32802
-3.34968
-3.37186
-3.39283
-3.41135
-3.4267
-3.43846
-3.44646
-3.45071
-3.45139
-3.44892
-3.44386
-3.43681
-3.42827
-3.41861
-3.4082
-3.39759
-3.38751
-3.37877
-3.37193
-3.36711
-3.36391
-3.36171
-3.35996
-3.35846
-3.35739
-3.3572
-3.35841
-3.36132
-3.36583
-3.37134
-3.37682
-3.38119
-3.3836
-3.38374
-3.38186
-3.37871
-3.37531
-3.37264
-3.37144
-3.37207
-3.37439
-3.37787
-3.38165
-3.38472
-3.3861
-3.38502
-3.38104
-3.37415
-3.36469
-3.35327
-3.34066
-3.32764
-3.31484
-3.30274
-3.29167
-3.28201
-3.27436
-3.26971
-3.26925
-3.27383
-3.28325
-3.29588
-3.30895
-3.31955
-3.3256
-3.32632
-3.32209
-3.31401
-3.30359
-3.29264
-3.28345
-3.27868
-3.28063
-3.29003
-3.30534
-3.32339
-3.34104
-3.35651
-3.36965
-3.38122
-3.3918
-3.40111
-3.40813
-3.41192
-3.41232
-3.4101
-3.40648
-3.40237
-3.39785
-3.39209
-3.38377
-3.37172
-3.35542
-3.33522
-3.31232
-3.28844
-3.26547
-3.24507
-3.22837
-3.21579
-3.20691
-3.2006
-3.19557
-3.1913
-3.18891
-3.19114
-3.20086
-3.21896
-3.24332
-3.27013
-3.29594
-3.31874
-3.33793
-3.35375
-3.36659
-3.37673
-3.38422
-3.38896
-3.39081
-3.38971
-3.3858
-3.37951
-3.37147
-3.36236
-3.35274
-3.34294
-3.33314
-3.3236
-3.31488
-3.30799
-3.30428
-3.30497
-3.31059
-3.32066
-3.33378
-3.34804
-3.36151
-3.37256
-3.37998
-3.38302
-3.38133
-3.37499
-3.36446
-3.35072
-3.33531
-3.32022
-3.30737
-3.29794
-3.2919
-3.28825
-3.28579
-3.28376
-3.28217
-3.28142
-3.28188
-3.28345
-3.28545
-3.28694
-3.28708
-3.28544
-3.28192
-3.27653
-3.26931
-3.26068
-3.25187
-3.24499
-3.24237
-3.24574
-3.2556
-3.27112
-3.29055
-3.31181
-3.33302
-3.35266
-3.36949
-3.38251
-3.39101
-3.39463
-3.39344
-3.38793
-3.3789
-3.36741
-3.35469
-3.34205
-3.33078
-3.322
-3.31642
-3.31425
-3.31508
-3.31801
-3.32181
-3.32515
-3.3269
-3.32626
-3.32297
-3.31729
-3.30995
-3.30203
-3.29469
-3.28885
-3.28488
-3.2824
-3.28045
-3.27787
-3.27356
-3.2668
-3.25724
-3.24511
-3.23124
-3.21701
-3.20415
-3.19438
-3.18898
-3.18861
-3.19317
-3.20184
-3.21331
-3.22621
-3.2397
-3.2538
-3.26913
-3.28634
-3.30548
-3.32582
-3.346
-3.36424
-3.37858
-3.38725
-3.38913
-3.38406
-3.37303
-3.35806
-3.34168
-3.32622
-3.31314
-3.30292
-3.29537
-3.29002
-3.28642
-3.28427
-3.28346
-3.28389
-3.2854
-3.28751
-3.28935
-3.28971
-3.28729
-3.28099
-3.27016
-3.25477
-3.23584
-3.2159
-3.19917
-3.19061
-3.19363
-3.20807
-3.23064
-3.25735
-3.28503
-3.31126
-3.33402
-3.35171
-3.36346
-3.36904
-3.36874
-3.36314
-3.35186
-3.33824
-3.32332
-3.30944
-3.29881
-3.29258
-3.29048
-3.29132
-3.29386
-3.29765
-3.30302
-3.31067
-3.32097
-3.33338
-3.34634
-3.35771
-3.36543
-3.36801
-3.36481
-3.35613
-3.34302
-3.32678
-3.30825
-3.2872
-3.26268
-3.23459
-3.2057
-3.1817
-3.16771
-3.16413
-3.1669
-3.17175
-3.17725
-3.18475
-3.19625
-3.21214
-3.23038
-3.24753
-3.26056
-3.26801
-3.27005
-3.26811
-3.26424
-3.26058
-3.25887
-3.26022
-3.26506
-3.27327
-3.28425
-3.29698
-3.31011
-3.32209
-3.33135
-3.33654
-3.33682
-3.33229
-3.32408
-3.31417
-3.30474
-3.29739
-3.29288
-3.29136
-3.29299
-3.29833
-3.30829
-3.32353
-3.3437
-3.36726
-3.39187
-3.41512
-3.43493
-3.44981
-3.45876
-3.46114
-3.45673
-3.44567
-3.42862
-3.40682
-3.38224
-3.35758
-3.33599
-3.32044
-3.31271
-3.31288
-3.31961
-3.33094
-3.34478
-3.35873
-3.37001
-3.37589
-3.37455
-3.36553
-3.34983
-3.32959
-3.30766
-3.28733
-3.27178
-3.26354
-3.26382
-3.27218
-3.28678
-3.30514
-3.32486
-3.34387
-3.36058
-3.37374
-3.3825
-3.38633
-3.38503
-3.37878
-3.36805
-3.35365
-3.3367
-3.31859
-3.301
-3.28583
-3.27482
-3.26913
-3.26891
-3.27342
-3.28147
-3.29177
-3.30309
-3.31444
-3.32521
-3.33533
-3.34496
-3.3541
-3.36243
-3.36938
-3.3745
-3.37782
-3.37995
-3.382
-3.38509
-3.3897
-3.39535
-3.40067
-3.40412
-3.40454
-3.40146
-3.39493
-3.38533
-3.37303
-3.35846
-3.34233
-3.32595
-3.31123
-3.29997
-3.29306
-3.29034
-3.29109
-3.2947
-3.30073
-3.30856
-3.31715
-3.32527
-3.33184
-3.33611
-3.3377
-3.33657
-3.33315
-3.3284
-3.32339
-3.31874
-3.31413
-3.30865
-3.30162
-3.29304
-3.28364
-3.27439
-3.26628
-3.26031
-3.25748
-3.25846
-3.26317
-3.27082
-3.28056
-3.29208
-3.30557
-3.32121
-3.33851
-3.35625
-3.37295
-3.38741
-3.39901
-3.40767
-3.41365
-3.41726
-3.4188
-3.41857
-3.41714
-3.41535
-3.41424
-3.41461
-3.41664
-3.41963
-3.42222
-3.42305
-3.42145
-3.41789
-3.41372
-3.41029
-3.40797
-3.4059
-3.40253
-3.3966
-3.38773
-3.37655
-3.36429
-3.35218
-3.34089
-3.33045
-3.32062
-3.31123
-3.30239
-3.2943
-3.2869
-3.27975
-3.27233
-3.26448
-3.25664
-3.24974
-3.24477
-3.24237
-3.24262
-3.24499
-3.24855
-3.25221
-3.25497
-3.25601
-3.25476
-3.25085
-3.24414
-3.23465
-3.22248
-3.20778
-3.19073
-3.17184
-3.15245
-3.13546
-3.12551
-3.12767
-3.14439
-3.17313
-3.20767
-3.24184
-3.27203
-3.29735
-3.31842
-3.33633
-3.35194
-3.36557
-3.37696
-3.38564
-3.39135
-3.39463
-3.39684
-3.39969
-3.40447
-3.4114
-3.41962
-3.42754
-3.43348
-3.43603
-3.43431
-3.42796
-3.41713
-3.40235
-3.38453
-3.36482
-3.34451
-3.32489
-3.3071
-3.29199
-3.28007
-3.27153
-3.26626
-3.26393
-3.26398
-3.26576
-3.26866
-3.27224
-3.27637
-3.28117
-3.2868
-3.29328
-3.30034
-3.30734
-3.31348
-3.31791
-3.31989
-3.31894
-3.31503
-3.30873
-3.3014
-3.29484
-3.29064
-3.28933
-3.29022
-3.29211
-3.29427
-3.29693
-3.30089
-3.30669
-3.31408
-3.32195
-3.3288
-3.3333
-3.33455
-3.33211
-3.32595
-3.3166
-3.30534
-3.2942
-3.28531
-3.28008
-3.27865
-3.27993
-3.28221
-3.28389
-3.28412
-3.28321
-3.28259
-3.28399
-3.28847
-3.29578
-3.30473
-3.31391
-3.32224
-3.32903
-3.33394
-3.33694
-3.33823
-3.33808
-3.33665
-3.33402
-3.33034
-3.32604
-3.32183
-3.31855
-3.3168
-3.31682
-3.3185
-3.32148
-3.32515
-3.32874
-3.33138
-3.33226
-3.33091
-3.32732
-3.32189
-3.31524
-3.30804
-3.30099
-3.29483
-3.29034
-3.28819
-3.28872
-3.29171
-3.29642
-3.30182
-3.3069
-3.3111
-3.31462
-3.31862
-3.32493
-3.33542
-3.35103
-3.37111
-3.39337
-3.41466
-3.43184
-3.44247
-3.44518
-3.43972
-3.42692
-3.40859
-3.38727
-3.36564
-3.34592
-3.32918
-3.31519
-3.30283
-3.29107
-3.27991
-3.27055
-3.26475
-3.26356
-3.2668
-3.27337
-3.28214
-3.2923
-3.30312
-3.31355
-3.32204
-3.32702
-3.32771
-3.32499
-3.3212
-3.31876
-3.3187
-3.32055
-3.32359
-3.32722
-3.33063
-3.33264
-3.33231
-3.3295
-3.32494
-3.31979
-3.31521
-3.31196
-3.31047
-3.31096
-3.31368
-3.31895
-3.32697
-3.33747
-3.34955
-3.36178
-3.37246
-3.3801
-3.38371
-3.383
-3.37836
-3.3707
-3.36128
-3.35145
-3.34263
-3.33634
-3.33399
-3.33629
-3.34269
-3.35131
-3.35954
-3.36483
-3.36518
-3.35941
-3.34728
-3.32965
-3.30839
-3.28608
-3.26526
-3.24767
-3.23364
-3.22216
-3.21164
-3.20112
-3.19116
-3.18357
-3.18039
-3.18278
-3.19087
-3.20408
-3.22147
-3.24187
-3.26373
-3.28516
-3.30439
-3.32029
-3.33263
-3.34186
-3.34875
-3.3542
-3.35905
-3.3639
-3.36899
-3.37409
-3.37868
-3.38204
-3.38332
-3.38158
-3.37594
-3.36587
-3.35153
-3.33404
-3.31534
-3.29767
-3.28278
-3.27126
-3.26254
-3.2553
-3.24803
-3.23943
-3.22864
-3.21538
-3.20004
-3.18377
-3.16847
-3.15637
-3.14942
-3.1484
-3.15272
-3.16098
-3.17198
-3.18536
-3.20122
-3.21949
-3.2395
