1.2
1.20706
1.21759
1.2295
1.24057
1.24893
1.25358
1.25447
1.25223
1.24786
1.24234
1.23631
1.22985
1.22249
1.21346
1.20198
1.18767
1.17082
1.15254
1.13476
1.11995
1.11054
1.10806
1.11268
1.12331
1.13818
1.15501
1.17114
1.18392
1.19141
1.19283
1.18858
1.18004
1.1692
1.15842
1.15019
1.14676
1.14952
1.15839
1.1715
1.18564
1.19737
1.20409
1.20477
1.2002
1.19278
1.18569
1.18164
1.18172
1.18529
1.19063
1.19579
1.19925
1.20055
1.20059
1.20119
1.2039
1.20892
1.21518
1.22132
1.22633
1.22975
1.23152
1.23197
1.2318
1.23194
1.23326
1.23603
1.23971
1.24314
1.24513
1.24507
1.24322
1.24058
1.23839
1.23753
1.23795
1.23858
1.23772
1.2337
1.22546
1.21282
1.19648
1.17801
1.15973
1.14448
1.13508
1.13339
1.13963
1.15244
1.16951
1.18854
1.20766
1.22558
1.24133
1.25409
1.26306
1.26762
1.26741
1.26248
1.25331
1.24077
1.22603
1.21052
1.19585
1.18361
1.17519
1.1714
1.17228
1.17722
1.18516
1.19499
1.20571
1.21649
1.22663
1.23556
1.24287
1.24834
1.252
1.2541
1.25507
1.25544
1.25567
1.25609
1.2567
1.2573
1.25766
1.25773
1.25784
1.25853
1.26024
1.26298
1.26615
1.2687
1.26938
1.26713
1.26127
1.25164
1.23863
1.22312
1.20633
1.18971
1.17466
1.16249
1.15422
1.15044
1.15128
1.1565
1.16581
1.17883
1.19472
1.21192
1.22847
1.24263
1.25333
1.26023
1.26357
1.26402
1.26254
1.26018
1.25785
1.25605
1.25478
1.2535
1.25143
1.24785
1.2425
1.23584
1.22916
1.22418
1.22236
1.22419
1.22904
1.23533
1.24096
1.244
1.24349
1.24011
1.2359
1.23326
1.23375
1.23753
1.24359
1.25046
1.25688
1.26204
1.26556
1.26724
1.26691
1.26441
1.25957
1.25245
1.24354
1.2339
1.22494
1.21788
1.21307
1.20985
1.20722
1.20466
1.20244
1.20124
1.20169
1.20441
1.21008
1.21907
1.23092
1.24436
1.25794
1.27056
1.28168
1.29115
1.29896
1.30511
1.30962
1.31258
1.31421
1.3148
1.31459
1.31356
1.31139
1.30751
1.30141
1.29289
1.2822
1.27009
1.25758
1.24584
1.23589
1.22822
1.22252
1.21767
1.2121
1.20445
1.19409
1.18135
1.16752
1.15453
1.14426
1.13811
1.13711
1.14211
1.15317
1.16841
1.18436
1.19772
1.20673
1.211
1.21085
1.20686
1.2003
1.19352
1.18965
1.19103
1.19777
1.20761
1.21733
1.22444
1.22819
1.22927
1.22868
1.22678
1.2232
1.21757
1.2102
1.20237
1.19588
1.19241
1.19278
1.1967
1.20318
1.21109
1.21953
1.22799
1.23618
1.24399
1.2512
1.25745
1.26221
1.2648
1.26453
1.26068
1.25274
1.24065
1.22502
1.20733
1.18978
1.17483
1.1645
1.15975
1.16028
1.16479
1.17158
1.17906
1.18613
1.19231
1.19768
1.20266
1.20776
1.21333
1.21939
1.22553
1.23102
1.23503
1.23698
1.23667
1.23442
1.23085
1.22675
1.22278
1.21942
1.21706
1.2161
1.21697
1.21971
1.22374
1.22794
1.23111
1.23246
1.23186
1.22981
1.22726
1.22537
1.22519
1.22723
1.23128
1.23649
1.24173
1.24599
1.24858
1.24921
1.24789
1.24483
1.2403
1.23465
1.22833
1.22203
1.21662
1.21307
1.21227
1.21479
1.22071
1.22942
1.23961
1.24948
1.25718
1.26133
1.2613
1.25723
1.2499
1.24044
1.23011
1.22007
1.21118
1.20383
1.19802
1.19348
1.18991
1.18714
1.18515
1.18409
1.1843
1.18617
1.18994
1.19542
1.20184
1.20799
1.21247
1.21402
1.21193
1.20642
1.1989
1.19149
1.18595
1.18267
1.18083
1.17937
1.178
1.17745
1.17894
1.18328
1.19032
1.19908
1.20819
1.21623
1.22199
1.22481
1.22509
1.22447
1.22544
1.23004
1.23863
1.24959
1.26035
1.2688
1.27405
1.27635
1.27654
1.27546
1.27358
1.27086
1.26695
1.26146
1.25423
1.24546
1.23579
1.22632
1.21883
1.21534
1.21672
1.22127
1.22525
1.22523
1.21973
1.2095
1.19681
1.18456
1.17536
1.17081
1.17115
1.17534
1.1816
1.18803
1.19327
1.19666
1.19817
1.1982
1.19736
1.19634
1.19583
1.19647
1.19871
1.20269
1.20822
1.21486
1.222
1.22907
1.23561
1.24136
1.24632
1.25066
1.25453
1.2579
1.2605
1.26197
1.26212
1.26108
1.25937
1.25774
1.25694
1.25746
1.25928
1.26183
1.26409
1.26487
1.26324
1.25886
1.2523
1.24497
1.23875
1.23545
1.23619
1.2412
1.24988
1.26105
1.27318
1.2847
1.29406
1.29991
1.30123
1.29757
1.28929
1.27782
1.26551
1.25468
1.24639
1.2398
1.23299
1.22423
1.21289
1.19957
1.18578
1.1735
1.16459
1.16018
1.1603
1.16385
1.16914
1.17443
1.17845
1.18062
1.18092
1.17975
1.17757
1.17478
1.1717
1.16863
1.16605
1.16467
1.16541
1.2
1.20705
1.21677
1.22754
1.2381
1.24778
1.25656
1.26481
1.27297
1.28131
1.28983
1.2983
1.30621
1.31293
1.31778
1.32012
1.31951
1.31574
1.30887
1.29922
1.28733
1.27397
1.2601
1.24679
1.23504
1.2256
1.21873
1.21413
1.21106
1.20865
1.20613
1.20307
1.19945
1.19566
1.19248
1.19081
1.19125
1.19374
1.19756
1.20171
1.20552
1.20876
1.21156
1.21404
1.21615
1.21773
1.21867
1.21905
1.21913
1.21931
1.22005
1.22162
1.22407
1.22708
1.23011
1.23257
1.234
1.23418
1.23317
1.23122
1.22867
1.22578
1.22263
1.2191
1.21499
1.21016
1.20467
1.19894
1.1937
1.18977
1.18783
1.18819
1.19072
1.19503
1.20058
1.20695
1.21392
1.22146
1.22958
1.2381
1.24651
1.25409
1.26016
1.26414
1.26566
1.26445
1.26043
1.25381
1.24525
1.23601
1.22762
1.22138
1.21775
1.21636
1.21632
1.2168
1.21732
1.21777
1.21837
1.21951
1.2216
1.22476
1.2287
1.23292
1.23733
1.24254
1.24952
1.25869
1.26934
1.27991
1.28874
1.29463
1.29703
1.2959
1.29169
1.28533
1.27819
1.27199
1.26834
1.26815
1.27139
1.27733
1.28498
1.29327
1.3011
1.30741
1.3114
1.31266
1.3112
1.30729
1.30137
1.29408
1.2862
1.27865
1.27231
1.26786
1.26574
1.26595
1.26797
1.27092
1.27412
1.27749
1.28144
1.28654
1.29311
1.30103
1.30972
1.31827
1.32574
1.33156
1.33562
1.33814
1.33928
1.33894
1.3368
1.33258
1.32622
1.31803
1.30867
1.29921
1.29109
1.28577
1.28411
1.28578
1.28928
1.29274
1.29488
1.29545
1.29485
1.29358
1.29196
1.29029
1.28891
1.28824
1.2884
1.28904
1.28925
1.28782
1.28358
1.27565
1.26367
1.24807
1.23043
1.21355
1.20079
1.19461
1.19516
1.2001
1.20596
1.20977
1.20993
1.20616
1.19936
1.19172
1.18699
1.18945
1.2011
1.2197
1.24016
1.25796
1.27088
1.27887
1.2832
1.28554
1.28714
1.28853
1.28972
1.29077
1.292
1.29375
1.29611
1.29881
1.30134
1.30321
1.30408
1.30375
1.30215
1.29923
1.295
1.28963
1.28356
1.27747
1.27198
1.26738
1.26335
1.25914
1.25387
1.2471
1.23908
1.2308
1.22367
1.219
1.2176
1.21954
1.22433
1.23123
1.23954
1.24873
1.25828
1.26764
1.27614
1.28318
1.2884
1.29187
1.29404
1.29567
1.29745
1.29977
1.30262
1.3057
1.30854
1.31063
1.31129
1.3096
1.30445
1.29501
1.28151
1.266
1.2523
1.24446
1.24481
1.25291
1.2662
1.28131
1.29515
1.30535
1.31034
1.30944
1.30285
1.29176
1.27814
1.26447
1.25306
1.24554
1.24246
1.24333
1.24701
1.25223
1.25802
1.26396
1.27013
1.27686
1.28451
1.29328
1.30311
1.31355
1.32375
1.33267
1.33932
1.34292
1.34309
1.33986
1.33365
1.32518
1.31542
1.30574
1.29817
1.29496
1.29729
1.3042
1.31303
1.32089
1.32577
1.32684
1.32418
1.3182
1.30943
1.29847
1.28627
1.27417
1.26378
1.25648
1.25299
1.25304
1.25543
1.2585
1.26068
1.26103
1.25952
1.25694
1.25448
1.253
1.25262
1.25274
1.25251
1.25121
1.24853
1.24451
1.23953
1.23428
1.22966
1.22666
1.22611
1.22836
1.23316
1.23983
1.24759
1.25588
1.26451
1.27354
1.28305
1.29284
1.30237
1.3108
1.31739
1.32168
1.32361
1.32343
1.32148
1.31805
1.31341
1.3079
1.30204
1.29641
1.29161
1.2882
1.28675
1.28753
1.29015
1.29359
1.2967
1.29872
1.29959
1.29971
1.29976
1.30034
1.30181
1.30426
1.30753
1.31129
1.31505
1.31816
1.31985
1.3194
1.31638
1.31098
1.30421
1.29787
1.29416
1.29495
1.30093
1.31121
1.32361
1.33558
1.34495
1.35047
1.35176
1.34917
1.34348
1.33559
1.3262
1.31561
1.30366
1.28992
1.27422
1.25717
1.24053
1.22697
1.21888
1.21709
1.22054
1.22714
1.2348
1.24195
1.24763
1.25137
1.25315
1.25347
1.25325
1.25352
1.25499
1.25772
1.26108
1.26411
1.26599
1.26633
1.26519
1.26309
1.26084
1.25922
1.25857
1.25852
1.25812
1.2563
1.25222
1.24527
1.23518
1.22218
1.20741
1.19301
1.18146
1.17435
1.17168
1.17245
1.17587
1.18225
1.19251
1.20698
1.22472
1.24394
1.2626
1.27858
1.29005
1.29582
1.29569
1.29038
1.28129
1.27033
1.25974
1.25176
1.24805
1.24906
1.25391
1.26082
1.26783
1.27338
1.27666
1.27769
1.27707
1.27562
1.27393
1.27218
1.27033
1.26832
1.26638
1.26496
1.26458
1.26558
1.26793
1.27122
1.27469
1.27744
1.27862
1.27762
1.2742
1.26848
1.26093
1.25231
1.24364
1.23619
1.23132
1.23027
1.23378
1.24168
1.25291
1.26578
1.2785
1.28947
1.29745
1.3016
1.30154
1.29749
1.29047
1.28223
1.27489
1.27025
1.26904
1.27073
1.27389
1.27691
1.2
1.19926
1.1966
1.19257
1.18854
1.18632
1.18734
1.19167
1.19782
1.20362
1.20724
1.20792
1.20597
1.20255
1.19922
1.19736
1.19777
1.20046
1.20478
1.20981
1.21465
1.21865
1.22139
1.22267
1.22239
1.22051
1.21701
1.21191
1.20547
1.19845
1.19229
1.18891
1.18997
1.19601
1.20615
1.21854
1.23128
1.24304
1.25319
1.26154
1.26807
1.27272
1.27532
1.27568
1.27359
1.26886
1.26133
1.25087
1.2375
1.22142
1.2031
1.18338
1.16341
1.14458
1.12826
1.11548
1.10663
1.10144
1.09917
1.09879
1.09937
1.10038
1.10187
1.10436
1.10838
1.11405
1.1208
1.12747
1.13274
1.13549
1.13523
1.13233
1.12801
1.12403
1.12197
1.12258
1.12552
1.12989
1.13489
1.14025
1.14625
1.15338
1.16203
1.17222
1.18347
1.19491
1.20552
1.21449
1.22147
1.22651
1.22991
1.2319
1.23245
1.23124
1.22795
1.22258
1.2157
1.20842
1.20213
1.19805
1.19673
1.19786
1.20037
1.20268
1.20327
1.20107
1.196
1.1891
1.18225
1.17729
1.175
1.17492
1.17589
1.17683
1.17706
1.17626
1.1743
1.17122
1.16727
1.16308
1.15972
1.15855
1.16092
1.1677
1.17897
1.19397
1.2113
1.22914
1.24553
1.25856
1.26665
1.26872
1.26438
1.25388
1.23803
1.21804
1.19546
1.17219
1.15065
1.13369
1.12413
1.12388
1.13312
1.15023
1.17233
1.19628
1.21928
1.23923
1.25473
1.26499
1.26981
1.26953
1.26495
1.25723
1.24767
1.23754
1.22779
1.21901
1.21138
1.2047
1.19852
1.19234
1.18576
1.17871
1.1715
1.16471
1.15904
1.15502
1.15306
1.15342
1.15629
1.16178
1.16972
1.17943
1.18933
1.1966
1.19726
1.18754
1.16844
1.15187
1.1551
1.1797
1.20958
1.23171
1.24374
1.24819
1.24756
1.24314
1.23542
1.22473
1.21165
1.19708
1.18215
1.16812
1.15614
1.14707
1.14129
1.13867
1.13864
1.14044
1.14331
1.14666
1.15015
1.15359
1.15695
1.16018
1.16328
1.16614
1.16864
1.17051
1.17145
1.17112
1.16933
1.1662
1.1622
1.15813
1.15491
1.15334
1.15393
1.15683
1.16184
1.16862
1.17669
1.18538
1.19386
1.20119
1.2065
1.2092
1.20917
1.20717
1.20515
1.20593
1.21166
1.22247
1.23637
1.2507
1.26341
1.2735
1.28076
1.28543
1.28789
1.28848
1.2874
1.28466
1.28006
1.27322
1.26361
1.25069
1.23412
1.2141
1.19175
1.16938
1.15028
1.13768
1.13342
1.13719
1.14681
1.15933
1.17205
1.18295
1.19071
1.19448
1.19382
1.18865
1.17947
1.16756
1.1552
1.14518
1.1398
1.13972
1.144
1.15105
1.15953
1.16857
1.17752
1.18565
1.19204
1.19584
1.19669
1.19518
1.19299
1.19236
1.19523
1.20231
1.21257
1.2235
1.23203
1.2357
1.2337
1.22726
1.21911
1.2121
1.20736
1.20392
1.20038
1.19659
1.19343
1.19154
1.19078
1.19082
1.19184
1.19446
1.19892
1.20452
1.20955
1.21181
1.20925
1.20053
1.18536
1.16481
1.1415
1.11939
1.10273
1.09438
1.09462
1.10127
1.11097
1.12043
1.12722
1.13013
1.12951
1.12739
1.1273
1.1329
1.14576
1.16406
1.1837
1.20071
1.21273
1.21916
1.2206
1.21854
1.21528
1.21363
1.21579
1.22203
1.23032
1.23748
1.24072
1.23836
1.22997
1.2162
1.19883
1.18085
1.1661
1.15817
1.15885
1.16736
1.18089
1.19598
1.20955
1.21956
1.22519
1.22696
1.2265
1.22592
1.22682
1.22976
1.2344
1.24024
1.24701
1.2546
1.26286
1.27135
1.27948
1.2866
1.29222
1.29611
1.29824
1.29859
1.297
1.293
1.2859
1.27501
1.2599
1.24071
1.21835
1.1946
1.1719
1.15304
1.1408
1.13718
1.14248
1.15475
1.17074
1.18734
1.20236
1.2146
1.22354
1.2292
1.23205
1.23277
1.23219
1.23106
1.23
1.22938
1.22926
1.22932
1.22897
1.22744
1.224
1.2182
1.21017
1.20098
1.19287
1.18865
1.18997
1.19594
1.20383
1.21122
1.21721
1.22203
1.22623
1.23022
1.23419
1.23814
1.24194
1.24521
1.24739
1.24779
1.24573
1.24053
1.23144
1.21758
1.19809
1.17272
1.143
1.11381
1.09318
1.08838
1.10067
1.1251
1.15492
1.18465
1.21059
1.23036
1.24256
1.24667
1.24305
1.23285
1.21793
1.20058
1.18324
1.16819
1.15719
1.15111
1.14981
1.15253
1.15837
1.16654
1.17617
1.18619
1.19553
1.20335
1.20932
1.21361
1.21662
1.21869
1.21978
1.21945
1.21718
1.21267
1.2063
1.19925
1.19329
1.19006
1.1902
1.19286
1.19604
1.19761
1.19631
1.19229
1.18703
1.18282
1.18167
1.18441
1.19027
1.19738
1.2039
1.20896
1.21268
1.21563
1.2181
1.22007
1.22143
1.22219
1.22242
1.22199
1.22062
1.21815
1.21498
1.21204
1.21037
1.2104
1.21172
1.2134
1.21463
1.21506
1.21476
1.21393
1.2
1.19832
1.19644
1.19467
1.19308
1.19159
1.19028
1.18962
1.19033
1.19287
1.19714
1.20243
1.20771
1.21206
1.21492
1.21627
1.21668
1.21714
1.21871
1.22196
1.2265
1.23102
1.23378
1.23312
1.22787
1.21751
1.20223
1.18309
1.16196
1.14133
1.12365
1.11058
1.1025
1.09866
1.09785
1.09908
1.10189
1.10634
1.1127
1.12099
1.13075
1.14106
1.15074
1.15854
1.16327
1.164
1.16038
1.1529
1.14296
1.13267
1.1239
1.1174
1.11278
1.10972
1.10918
1.1132
1.12334
1.13899
1.15737
1.17501
1.18918
1.1984
1.20225
1.20132
1.19704
1.19144
1.18664
1.1842
1.18469
1.18749
1.19111
1.19394
1.19472
1.19298
1.18888
1.183
1.17595
1.16811
1.15971
1.15097
1.1424
1.13472
1.12851
1.12389
1.12051
1.11811
1.11701
1.11818
1.12267
1.13098
1.14276
1.15703
1.17253
1.18796
1.20211
1.21396
1.22282
1.22837
1.23068
1.23003
1.22674
1.22107
1.21321
1.2034
1.19211
1.18007
1.16808
1.15669
1.14635
1.13791
1.13276
1.13219
1.13632
1.14383
1.15266
1.16104
1.16822
1.17441
1.18053
1.18763
1.19645
1.20704
1.21878
1.23062
1.24146
1.25051
1.25732
1.26174
1.26383
1.26375
1.26173
1.25815
1.25354
1.24852
1.24364
1.23917
1.23495
1.23049
1.22521
1.21876
1.21122
1.2031
1.19508
1.18765
1.18079
1.17396
1.16646
1.15794
1.14871
1.13972
1.13226
1.12746
1.12576
1.12677
1.12943
1.13258
1.13541
1.13774
1.13985
1.14221
1.1452
1.14909
1.15403
1.16009
1.16727
1.17553
1.18463
1.19412
1.20311
1.21038
1.21456
1.21455
1.20978
1.20037
1.18722
1.17207
1.15741
1.14604
1.14012
1.14029
1.14547
1.15353
1.16227
1.17003
1.17583
1.17922
1.18021
1.17924
1.17704
1.1745
1.17246
1.17164
1.17255
1.17549
1.1804
1.18682
1.19386
1.20033
1.20504
1.20695
1.20547
1.20056
1.19285
1.18357
1.17415
1.16566
1.15865
1.15343
1.15024
1.14904
1.14919
1.14968
1.14969
1.14908
1.14845
1.14875
1.15073
1.15449
1.15947
1.16479
1.16964
1.17333
1.17527
1.17488
1.17177
1.16612
1.15895
1.15192
1.14686
1.1451
1.14723
1.15335
1.16313
1.17585
1.19029
1.20508
1.21906
1.23141
1.24164
1.24948
1.25481
1.25764
1.2581
1.25645
1.25308
1.24838
1.24269
1.23624
1.22931
1.22223
1.21551
1.20969
1.20513
1.20191
1.19978
1.19831
1.19715
1.19615
1.19543
1.19531
1.19611
1.19806
1.20106
1.20473
1.20839
1.2113
1.21291
1.213
1.21175
1.20965
1.20738
1.2056
1.20481
1.20522
1.20677
1.20909
1.21161
1.21366
1.21457
1.21385
1.2112
1.20661
1.2003
1.19269
1.18428
1.1756
1.16707
1.159
1.15162
1.14518
1.14008
1.13698
1.13668
1.13973
1.14601
1.15442
1.16314
1.17021
1.17424
1.17472
1.1719
1.16652
1.15957
1.15227
1.14614
1.14297
1.14426
1.15053
1.16073
1.17276
1.18453
1.19484
1.2036
1.21132
1.21837
1.22457
1.22925
1.23178
1.23205
1.23057
1.22816
1.22542
1.2224
1.21857
1.21302
1.20498
1.19411
1.18065
1.16538
1.14946
1.13415
1.12055
1.10942
1.10103
1.09511
1.09091
1.08755
1.0847
1.08311
1.0846
1.09108
1.10315
1.11938
1.13726
1.15446
1.16966
1.18246
1.193
1.20156
1.20833
1.21332
1.21649
1.21772
1.21698
1.21438
1.21019
1.20483
1.19875
1.19234
1.1858
1.17927
1.17291
1.16709
1.16251
1.16003
1.16049
1.16424
1.17095
1.17969
1.1892
1.19818
1.20555
1.21049
1.21251
1.21139
1.20716
1.20014
1.19098
1.18071
1.17065
1.16208
1.1558
1.15177
1.14934
1.1477
1.14635
1.14528
1.14478
1.14509
1.14614
1.14747
1.14846
1.14856
1.14746
1.14512
1.14153
1.13671
1.13096
1.12509
1.1205
1.11875
1.121
1.12758
1.13792
1.15087
1.16504
1.17919
1.19228
1.2035
1.21218
1.21784
1.22026
1.21947
1.21579
1.20978
1.20212
1.19364
1.18521
1.1777
1.17184
1.16813
1.16667
1.16723
1.16919
1.17172
1.17394
1.17511
1.17468
1.17249
1.1687
1.16381
1.15853
1.15363
1.14974
1.1471
1.14544
1.14414
1.14242
1.13955
1.13504
1.12867
1.12058
1.11133
1.10184
1.09328
1.08676
1.08316
1.08292
1.08596
1.09174
1.09938
1.10798
1.11698
1.12637
1.1366
1.14807
1.16083
1.17439
1.18784
1.2
1.20956
1.21534
1.21659
1.21321
1.20586
1.19588
1.18496
1.17465
1.16593
1.15912
1.15409
1.15052
1.14812
1.14669
1.14614
1.14643
1.14744
1.14885
1.15008
1.15031
1.1487
1.1445
1.13728
1.12701
1.1144
1.10111
1.08995
1.08425
1.08627
1.09589
1.11093
1.12874
1.14719
1.16468
1.17985
1.19164
1.19947
1.20319
1.203
1.19926
1.2
1.19132
1.18138
1.17213
1.16504
1.16088
1.15949
1.16004
1.16174
1.16427
1.16784
1.17295
1.17981
1.18808
1.19672
1.20431
1.20945
1.21117
1.20903
1.20325
1.19451
1.18368
1.17133
1.1573
1.14095
1.12222
1.10296
1.08697
1.07764
1.07525
1.0771
1.08033
1.084
1.089
1.09666
1.10726
1.11942
1.13085
1.13954
1.1445
1.14586
1.14457
1.14199
1.13955
1.13841
1.13931
1.14254
1.14801
1.15533
1.16382
1.17257
1.18056
1.18673
1.19019
1.19038
1.18736
1.18188
1.17528
1.16899
1.16409
1.16109
1.16007
1.16116
1.16472
1.17136
1.18152
1.19496
1.21067
1.22708
1.24257
1.25578
1.26571
1.27167
1.27326
1.27032
1.26295
1.25158
1.23704
1.22066
1.20422
1.18983
1.17946
1.17431
1.17442
1.17891
1.18646
1.19569
1.20499
1.2125
1.21642
1.21553
1.20951
1.19905
1.18555
1.17094
1.15739
1.14702
1.14153
1.14172
1.14729
1.15702
1.16926
1.1824
1.19508
1.20622
1.21499
1.22083
1.22338
1.22252
1.21835
1.2112
1.2016
1.1903
1.17823
1.16651
1.15639
1.14905
1.14526
1.14511
1.14812
1.15348
1.16035
1.1679
1.17546
1.18264
1.18939
1.19581
1.2019
1.20746
1.21209
1.2155
1.21772
1.21914
1.22051
1.22256
1.22564
1.2294
1.23295
1.23525
1.23553
1.23347
1.22912
1.22272
1.21452
1.20481
1.19406
1.18314
1.17332
1.16582
1.16121
1.1594
1.1599
1.1623
1.16632
1.17154
1.17727
1.18268
1.18706
1.18991
1.19097
1.19021
1.18794
1.18477
1.18143
1.17833
1.17525
1.1716
1.16691
1.1612
1.15493
1.14876
1.14335
1.13937
1.13749
1.13814
1.14128
1.14638
1.15288
1.16055
1.16955
1.17998
1.19151
1.20333
1.21447
1.22411
1.23184
1.23761
1.2416
1.24401
1.24503
1.24488
1.24392
1.24273
1.24199
1.24224
1.24359
1.24558
1.24731
1.24786
1.24679
1.24442
1.24165
1.23936
1.23781
1.23643
1.23419
1.23023
1.22432
1.21686
1.20869
1.20062
1.19309
1.18613
1.17958
1.17331
1.16742
1.16203
1.15709
1.15233
1.14738
1.14215
1.13692
1.13233
1.12901
1.12741
1.12758
1.12916
1.13153
1.13397
1.13581
1.1365
1.13567
1.13306
1.12859
1.12226
1.11415
1.10435
1.09298
1.08039
1.06747
1.05614
1.0495
1.05095
1.06209
1.08125
1.10427
1.12705
1.14718
1.16406
1.17811
1.19005
1.20046
1.20954
1.21714
1.22293
1.22673
1.22892
1.23039
1.2323
1.23548
1.2401
1.24558
1.25086
1.25482
1.25652
1.25537
1.25114
1.24392
1.23406
1.22219
1.20905
1.19551
1.18243
1.17057
1.1605
1.15255
1.14685
1.14334
1.14179
1.14182
1.14301
1.14494
1.14732
1.15008
1.15328
1.15703
1.16135
1.16605
1.17072
1.17482
1.17777
1.17909
1.17846
1.17585
1.17165
1.16676
1.16239
1.15959
1.15872
1.15931
1.16057
1.16201
1.16379
1.16642
1.17029
1.17521
1.18046
1.18503
1.18803
1.18886
1.18724
1.18313
1.17689
1.16939
1.16197
1.15604
1.15255
1.1516
1.15245
1.15397
1.15509
1.15524
1.15464
1.15422
1.15516
1.15814
1.16302
1.16898
1.17511
1.18066
1.18519
1.18846
1.19046
1.19132
1.19122
1.19027
1.18851
1.18606
1.18319
1.18039
1.1782
1.17703
1.17705
1.17817
1.18015
1.1826
1.185
1.18676
1.18735
1.18644
1.18405
1.18043
1.176
1.1712
1.1665
1.16239
1.1594
1.15797
1.15832
1.16031
1.16345
1.16705
1.17044
1.17323
1.17558
1.17825
1.18246
1.18945
1.19986
1.21324
1.22808
1.24227
1.25372
1.26081
1.26262
1.25898
1.25044
1.23823
1.22401
1.2096
1.19645
1.18529
1.17596
1.16772
1.15988
1.15244
1.1462
1.14233
1.14154
1.1437
1.14808
1.15393
1.1607
1.16791
1.17486
1.18052
1.18384
1.1843
1.18249
1.17996
1.17834
1.17829
1.17953
1.18155
1.18398
1.18625
1.18759
1.18737
1.1855
1.18246
1.17903
1.17597
1.17381
1.17281
1.17313
1.17495
1.17846
1.18381
1.19081
1.19887
1.20702
1.21413
1.21923
1.22164
1.22116
1.21807
1.21297
1.20669
1.20013
1.19425
1.19006
1.18849
1.19003
1.19429
1.20004
1.20552
1.20905
1.20928
1.20543
1.19735
1.18559
1.17142
1.15655
1.14267
1.13094
1.12159
1.11394
1.10692
1.09991
1.09327
1.08821
1.08609
1.08768
1.09308
1.10188
1.11348
1.12708
1.14165
1.15594
1.16875
1.17935
1.18758
1.19373
1.19833
1.20197
1.2052
1.20843
1.21182
1.21522
1.21828
1.22052
1.22138
1.22022
1.21646
1.20974
1.20018
1.18852
1.17606
1.16428
1.15435
1.14667
1.14086
1.13603
1.13118
1.12545
1.11826
1.10942
1.09919
1.08835
1.07814
1.07008
1.06544
1.06477
1.06765
1.07315
1.08048
1.0894
1.09998
1.11215
1.1255
