1.8
1.8106
1.82638
1.84425
1.86085
1.87339
1.88038
1.88171
1.87835
1.87179
1.86351
1.85447
1.84477
1.83374
1.82019
1.80297
1.78151
1.75623
1.72881
1.70214
1.67993
1.66581
1.66209
1.66901
1.68497
1.70727
1.73252
1.75671
1.77588
1.78712
1.78924
1.78287
1.77006
1.75379
1.73762
1.72529
1.72013
1.72428
1.73759
1.75725
1.77847
1.79605
1.80613
1.80715
1.80031
1.78917
1.77854
1.77245
1.77258
1.77794
1.78595
1.79368
1.79887
1.80083
1.80089
1.80179
1.80585
1.81337
1.82278
1.83199
1.8395
1.84462
1.84728
1.84796
1.8477
1.84791
1.84989
1.85404
1.85957
1.86471
1.86769
1.8676
1.86483
1.86087
1.85758
1.85629
1.85692
1.85787
1.85658
1.85055
1.83819
1.81922
1.79472
1.76702
1.73959
1.71673
1.70263
1.70008
1.70945
1.72865
1.75427
1.7828
1.81149
1.83837
1.862
1.88113
1.89459
1.90143
1.90112
1.89372
1.87997
1.86116
1.83904
1.81578
1.79377
1.77542
1.76279
1.7571
1.75842
1.76582
1.77774
1.79249
1.80857
1.82473
1.83994
1.85334
1.8643
1.87251
1.878
1.88115
1.88261
1.88315
1.88351
1.88413
1.88505
1.88596
1.88648
1.88659
1.88676
1.88779
1.89036
1.89446
1.89923
1.90305
1.90407
1.9007
1.89191
1.87747
1.85795
1.83468
1.8095
1.78456
1.76199
1.74374
1.73133
1.72566
1.72691
1.73474
1.74871
1.76824
1.79208
1.81788
1.8427
1.86394
1.88
1.89035
1.89536
1.89604
1.89382
1.89027
1.88677
1.88408
1.88216
1.88025
1.87714
1.87178
1.86375
1.85376
1.84373
1.83627
1.83354
1.83629
1.84356
1.85299
1.86145
1.866
1.86523
1.86016
1.85385
1.84988
1.85062
1.8563
1.86539
1.87569
1.88532
1.89307
1.89834
1.90086
1.90037
1.89661
1.88935
1.87867
1.86531
1.85085
1.83741
1.82683
1.81961
1.81478
1.81082
1.80699
1.80367
1.80186
1.80253
1.80661
1.81512
1.82861
1.84638
1.86655
1.88691
1.90584
1.92252
1.93672
1.94843
1.95767
1.96443
1.96887
1.97131
1.9722
1.97188
1.97034
1.96708
1.96126
1.95212
1.93933
1.92331
1.90513
1.88637
1.86876
1.85383
1.84233
1.83378
1.8265
1.81814
1.80668
1.79114
1.77202
1.75128
1.73179
1.71638
1.70716
1.70566
1.71316
1.72975
1.75261
1.77653
1.79659
1.81009
1.81651
1.81627
1.81029
1.80044
1.79028
1.78448
1.78655
1.79665
1.81142
1.826
1.83666
1.84228
1.8439
1.84302
1.84017
1.8348
1.82635
1.8153
1.80355
1.79381
1.78861
1.78916
1.79505
1.80477
1.81663
1.8293
1.84198
1.85428
1.86598
1.8768
1.88618
1.89331
1.89721
1.89679
1.89102
1.87912
1.86097
1.83753
1.81099
1.78467
1.76225
1.74675
1.73963
1.74042
1.74719
1.75737
1.76858
1.77919
1.78847
1.79653
1.80399
1.81164
1.82
1.82909
1.8383
1.84652
1.85255
1.85547
1.85501
1.85162
1.84628
1.84013
1.83417
1.82914
1.82559
1.82416
1.82545
1.82956
1.83561
1.84191
1.84666
1.84869
1.84779
1.84471
1.84088
1.83805
1.83778
1.84084
1.84692
1.85473
1.8626
1.86899
1.87287
1.87381
1.87184
1.86725
1.86046
1.85197
1.8425
1.83305
1.82493
1.8196
1.8184
1.82219
1.83106
1.84413
1.85941
1.87421
1.88577
1.892
1.89195
1.88585
1.87485
1.86065
1.84516
1.83011
1.81677
1.80574
1.79703
1.79021
1.78487
1.78071
1.77772
1.77614
1.77645
1.77925
1.78491
1.79312
1.80276
1.81198
1.8187
1.82103
1.81789
1.80963
1.79835
1.78724
1.77892
1.774
1.77124
1.76905
1.767
1.76618
1.76841
1.77492
1.78548
1.79863
1.81229
1.82435
1.83298
1.83722
1.83763
1.83671
1.83816
1.84506
1.85795
1.87439
1.89053
1.9032
1.91108
1.91453
1.91482
1.9132
1.91037
1.90629
1.90043
1.89219
1.88134
1.86819
1.85368
1.83949
1.82824
1.823
1.82508
1.8319
1.83788
1.83784
1.8296
1.81426
1.79522
1.77684
1.76304
1.75622
1.75672
1.76302
1.7724
1.78205
1.78991
1.79498
1.79725
1.7973
1.79605
1.79451
1.79374
1.7947
1.79806
1.80403
1.81234
1.82228
1.833
1.8436
1.85341
1.86204
1.86948
1.87598
1.8818
1.88685
1.89075
1.89295
1.89317
1.89162
1.88905
1.88661
1.88541
1.88619
1.88892
1.89275
1.89613
1.89731
1.89485
1.88829
1.87845
1.86745
1.85813
1.85318
1.85428
1.86179
1.87482
1.89157
1.90978
1.92705
1.94108
1.94986
1.95185
1.94635
1.93393
1.91674
1.89827
1.88202
1.86958
1.8597
1.84948
1.83634
1.81934
1.79936
1.77867
1.76024
1.74688
1.74028
1.74045
1.74578
1.75371
1.76164
1.76768
1.77092
1.77138
1.76962
1.76635
1.76218
1.75755
1.75294
1.74908
1.74701
1.74812
1.8
1.81057
1.82515
1.84131
1.85716
1.87167
1.88484
1.89722
1.90946
1.92196
1.93475
1.94745
1.95931
1.9694
1.97667
1.98018
1.97926
1.97361
1.96331
1.94882
1.93099
1.91095
1.89015
1.87018
1.85256
1.83841
1.8281
1.82119
1.81659
1.81297
1.8092
1.80461
1.79917
1.79349
1.78872
1.78621
1.78687
1.79061
1.79634
1.80257
1.80828
1.81315
1.81735
1.82106
1.82423
1.8266
1.82801
1.82857
1.82869
1.82897
1.83007
1.83243
1.8361
1.84062
1.84516
1.84885
1.851
1.85127
1.84975
1.84683
1.84301
1.83868
1.83394
1.82865
1.82249
1.81524
1.80701
1.79842
1.79055
1.78465
1.78174
1.78228
1.78609
1.79254
1.80087
1.81043
1.82088
1.83219
1.84437
1.85715
1.86976
1.88114
1.89024
1.89621
1.89848
1.89668
1.89065
1.88071
1.86788
1.85401
1.84144
1.83207
1.82663
1.82454
1.82448
1.8252
1.82598
1.82665
1.82755
1.82926
1.8324
1.83715
1.84305
1.84938
1.85599
1.86381
1.87428
1.88803
1.90401
1.91986
1.9331
1.94195
1.94555
1.94385
1.93754
1.92799
1.91728
1.90799
1.90251
1.90223
1.90709
1.916
1.92747
1.9399
1.95165
1.96111
1.96709
1.969
1.96681
1.96093
1.95205
1.94112
1.9293
1.91798
1.90846
1.90179
1.8986
1.89893
1.90196
1.90638
1.91118
1.91623
1.92217
1.92981
1.93966
1.95155
1.96458
1.9774
1.98861
1.99734
2.00343
2.0072
2.00892
2.00841
2.0052
1.99887
1.98934
1.97705
1.96301
1.94881
1.93663
1.92865
1.92616
1.92866
1.93391
1.9391
1.94233
1.94318
1.94228
1.94036
1.93794
1.93543
1.93337
1.93236
1.93261
1.93356
1.93387
1.93173
1.92537
1.91348
1.89551
1.87211
1.84565
1.82033
1.80118
1.79192
1.79274
1.80015
1.80894
1.81466
1.81489
1.80924
1.79904
1.78758
1.78049
1.78417
1.80166
1.82955
1.86024
1.88695
1.90632
1.91831
1.9248
1.92831
1.93071
1.93279
1.93458
1.93616
1.93799
1.94062
1.94416
1.94821
1.95201
1.95482
1.95611
1.95562
1.95322
1.94885
1.9425
1.93445
1.92535
1.9162
1.90797
1.90106
1.89503
1.8887
1.8808
1.87065
1.85861
1.8462
1.8355
1.8285
1.8264
1.82931
1.8365
1.84684
1.85932
1.87309
1.88743
1.90146
1.91421
1.92477
1.93261
1.9378
1.94107
1.94351
1.94617
1.94965
1.95393
1.95854
1.96281
1.96594
1.96693
1.9644
1.95668
1.94252
1.92226
1.89901
1.87845
1.86669
1.86721
1.87936
1.8993
1.92197
1.94273
1.95802
1.96551
1.96416
1.95428
1.93763
1.91722
1.8967
1.87959
1.86832
1.86369
1.86499
1.87052
1.87835
1.88703
1.89594
1.90519
1.91529
1.92676
1.93992
1.95467
1.97032
1.98562
1.99901
2.00898
2.01438
2.01464
2.00979
2.00048
1.98777
1.97313
1.95861
1.94725
1.94243
1.94594
1.9563
1.96955
1.98134
1.98865
1.99026
1.98626
1.97731
1.96415
1.94771
1.9294
1.91126
1.89566
1.88472
1.87949
1.87956
1.88315
1.88775
1.89102
1.89155
1.88928
1.88542
1.88172
1.8795
1.87893
1.87912
1.87876
1.87682
1.8728
1.86676
1.8593
1.85142
1.84448
1.83999
1.83917
1.84254
1.84975
1.85975
1.87139
1.88383
1.89677
1.91031
1.92457
1.93926
1.95355
1.96621
1.97609
1.98251
1.98541
1.98514
1.98222
1.97708
1.97012
1.96186
1.95306
1.94462
1.93741
1.9323
1.93013
1.93129
1.93522
1.94039
1.94504
1.94809
1.94938
1.94957
1.94964
1.95051
1.95272
1.95639
1.96129
1.96693
1.97257
1.97724
1.97978
1.97911
1.97458
1.96648
1.95632
1.94681
1.94124
1.94243
1.9514
1.96681
1.98542
2.00337
2.01743
2.02571
2.02764
2.02376
2.01523
2.00339
1.9893
1.97342
1.95548
1.93488
1.91133
1.88575
1.8608
1.84046
1.82832
1.82563
1.83082
1.84072
1.85219
1.86292
1.87145
1.87705
1.87972
1.88021
1.87988
1.88028
1.88249
1.88659
1.89162
1.89616
1.89899
1.89949
1.89779
1.89464
1.89126
1.88883
1.88786
1.88778
1.88717
1.88445
1.87832
1.8679
1.85277
1.83327
1.81112
1.78952
1.77219
1.76152
1.75753
1.75867
1.7638
1.77337
1.78877
1.81047
1.83707
1.86591
1.89389
1.91787
1.93507
1.94373
1.94354
1.93556
1.92193
1.90549
1.88961
1.87764
1.87208
1.8736
1.88087
1.89124
1.90175
1.91007
1.91499
1.91653
1.91561
1.91343
1.91089
1.90827
1.90549
1.90248
1.89957
1.89744
1.89687
1.89837
1.9019
1.90683
1.91204
1.91616
1.91793
1.91644
1.9113
1.90271
1.89139
1.87846
1.86547
1.85428
1.84697
1.84541
1.85067
1.86252
1.87936
1.89867
1.91775
1.9342
1.94618
1.95241
1.9523
1.94624
1.93571
1.92335
1.91234
1.90537
1.90356
1.90609
1.91083
1.91536
1.8
1.79889
1.7949
1.78886
1.7828
1.77947
1.78101
1.7875
1.79674
1.80542
1.81086
1.81188
1.80895
1.80383
1.79883
1.79603
1.79665
1.80068
1.80717
1.81471
1.82198
1.82797
1.83209
1.834
1.83358
1.83076
1.82551
1.81787
1.80821
1.79767
1.78843
1.78336
1.78495
1.79402
1.80922
1.82781
1.84692
1.86456
1.87978
1.89231
1.90211
1.90908
1.91298
1.91353
1.91039
1.90329
1.89199
1.87631
1.85625
1.83213
1.80466
1.77507
1.74511
1.71687
1.6924
1.67322
1.65994
1.65217
1.64876
1.64819
1.64905
1.65057
1.65281
1.65653
1.66257
1.67108
1.6812
1.69121
1.69911
1.70324
1.70285
1.69849
1.69201
1.68604
1.68296
1.68386
1.68828
1.69484
1.70233
1.71037
1.71937
1.73008
1.74305
1.75832
1.7752
1.79236
1.80828
1.82174
1.8322
1.83976
1.84486
1.84785
1.84867
1.84685
1.84192
1.83388
1.82355
1.81263
1.8032
1.79707
1.79509
1.7968
1.80055
1.80402
1.8049
1.80161
1.794
1.78364
1.77338
1.76594
1.76251
1.76238
1.76384
1.76525
1.7656
1.76439
1.76145
1.75683
1.75091
1.74462
1.73957
1.73782
1.74138
1.75155
1.76845
1.79096
1.81695
1.84371
1.86829
1.88784
1.89997
1.90309
1.89657
1.88082
1.85704
1.82706
1.79319
1.75829
1.72598
1.70054
1.6862
1.68582
1.69969
1.72534
1.7585
1.79441
1.82892
1.85884
1.88209
1.89748
1.90472
1.9043
1.89742
1.88584
1.87151
1.85631
1.84169
1.82852
1.81707
1.80705
1.79778
1.78851
1.77864
1.76807
1.75725
1.74707
1.73855
1.73253
1.72959
1.73013
1.73444
1.74267
1.75457
1.76914
1.78399
1.79491
1.7959
1.78131
1.75267
1.72781
1.73264
1.76955
1.81437
1.84756
1.86561
1.87228
1.87134
1.86471
1.85313
1.83709
1.81748
1.79562
1.77323
1.75218
1.73421
1.7206
1.71194
1.708
1.70796
1.71066
1.71496
1.71999
1.72522
1.73039
1.73542
1.74028
1.74491
1.74921
1.75295
1.75577
1.75718
1.75668
1.754
1.74929
1.7433
1.73719
1.73236
1.73001
1.7309
1.73524
1.74276
1.75293
1.76503
1.77807
1.79079
1.80178
1.80975
1.81381
1.81376
1.81075
1.80773
1.80889
1.81749
1.8337
1.85455
1.87605
1.89512
1.91024
1.92113
1.92815
1.93184
1.93272
1.9311
1.92699
1.92009
1.90983
1.89542
1.87603
1.85118
1.82115
1.78762
1.75407
1.72542
1.70652
1.70014
1.70579
1.72021
1.73899
1.75807
1.77443
1.78606
1.79172
1.79073
1.78298
1.7692
1.75134
1.73279
1.71777
1.7097
1.70958
1.716
1.72658
1.7393
1.75286
1.76628
1.77848
1.78806
1.79375
1.79503
1.79278
1.78948
1.78853
1.79284
1.80346
1.81885
1.83526
1.84805
1.85355
1.85056
1.84088
1.82866
1.81815
1.81104
1.80587
1.80057
1.79489
1.79014
1.78731
1.78617
1.78622
1.78777
1.79169
1.79838
1.80678
1.81432
1.81771
1.81388
1.80079
1.77803
1.74721
1.71225
1.67909
1.65409
1.64157
1.64193
1.65191
1.66646
1.68065
1.69083
1.6952
1.69426
1.69108
1.69095
1.69935
1.71864
1.74609
1.77556
1.80106
1.8191
1.82875
1.83091
1.82781
1.82292
1.82044
1.82369
1.83305
1.84547
1.85622
1.86107
1.85754
1.84495
1.82429
1.79824
1.77127
1.74916
1.73726
1.73828
1.75104
1.77134
1.79396
1.81433
1.82933
1.83778
1.84044
1.83975
1.83887
1.84024
1.84464
1.85161
1.86037
1.87052
1.88191
1.89428
1.90703
1.91922
1.9299
1.93833
1.94417
1.94735
1.94789
1.9455
1.93949
1.92885
1.91251
1.88985
1.86106
1.82753
1.7919
1.75785
1.72956
1.7112
1.70578
1.71372
1.73213
1.75611
1.781
1.80354
1.8219
1.83531
1.84381
1.84807
1.84916
1.84829
1.8466
1.845
1.84408
1.84389
1.84399
1.84346
1.84116
1.836
1.8273
1.81525
1.80147
1.78931
1.78298
1.78496
1.79391
1.80574
1.81684
1.82582
1.83304
1.83935
1.84533
1.85128
1.85721
1.86291
1.86782
1.87109
1.87169
1.86859
1.86079
1.84716
1.82637
1.79714
1.75908
1.71451
1.67071
1.63977
1.63258
1.65101
1.68766
1.73238
1.77697
1.81589
1.84554
1.86383
1.87001
1.86458
1.84928
1.82689
1.80087
1.77486
1.75228
1.73578
1.72666
1.72472
1.72879
1.73755
1.74981
1.76425
1.77929
1.79329
1.80502
1.81398
1.82041
1.82494
1.82804
1.82966
1.82918
1.82577
1.81901
1.80946
1.79888
1.78993
1.78508
1.7853
1.7893
1.79406
1.79641
1.79447
1.78843
1.78055
1.77422
1.7725
1.77662
1.78541
1.79607
1.80585
1.81343
1.81903
1.82344
1.82715
1.8301
1.83214
1.83329
1.83363
1.83299
1.83093
1.82723
1.82247
1.81806
1.81555
1.8156
1.81757
1.8201
1.82195
1.82259
1.82214
1.8209
1.8
1.79749
1.79466
1.792
1.78963
1.78739
1.78542
1.78444
1.7855
1.78931
1.79571
1.80364
1.81157
1.81809
1.82238
1.82441
1.82502
1.8257
1.82806
1.83294
1.83974
1.84653
1.85067
1.84968
1.84181
1.82626
1.80335
1.77464
1.74294
1.71199
1.68547
1.66587
1.65375
1.64798
1.64678
1.64863
1.65284
1.65951
1.66905
1.68149
1.69613
1.71158
1.72611
1.73782
1.7449
1.746
1.74057
1.72934
1.71444
1.699
1.68585
1.6761
1.66917
1.66459
1.66377
1.6698
1.685
1.70848
1.73605
1.76251
1.78377
1.7976
1.80338
1.80198
1.79557
1.78717
1.77995
1.7763
1.77704
1.78123
1.78667
1.7909
1.79209
1.78947
1.78332
1.7745
1.76392
1.75217
1.73956
1.72646
1.71361
1.70208
1.69277
1.68584
1.68077
1.67716
1.67551
1.67727
1.684
1.69647
1.71414
1.73555
1.75879
1.78194
1.80317
1.82095
1.83423
1.84256
1.84602
1.84504
1.84011
1.8316
1.81981
1.80509
1.78816
1.77011
1.75212
1.73503
1.71952
1.70686
1.69914
1.69828
1.70447
1.71574
1.72899
1.74157
1.75232
1.76162
1.7708
1.78145
1.79467
1.81056
1.82817
1.84592
1.8622
1.87577
1.88598
1.89262
1.89575
1.89562
1.89259
1.88722
1.88031
1.87278
1.86547
1.85876
1.85243
1.84573
1.83781
1.82814
1.81683
1.80465
1.79262
1.78148
1.77119
1.76094
1.74969
1.73691
1.72306
1.70958
1.6984
1.69118
1.68863
1.69015
1.69415
1.69887
1.70311
1.7066
1.70978
1.71331
1.7178
1.72364
1.73105
1.74013
1.75091
1.76329
1.77695
1.79117
1.80466
1.81556
1.82184
1.82183
1.81467
1.80056
1.78083
1.7581
1.73612
1.71906
1.71017
1.71044
1.71821
1.73029
1.7434
1.75505
1.76375
1.76883
1.77032
1.76886
1.76557
1.76175
1.75869
1.75746
1.75882
1.76323
1.7706
1.78023
1.79078
1.8005
1.80756
1.81043
1.80821
1.80084
1.78927
1.77535
1.76122
1.74849
1.73798
1.73014
1.72536
1.72355
1.72378
1.72452
1.72454
1.72362
1.72267
1.72312
1.72609
1.73174
1.7392
1.74719
1.75445
1.75999
1.7629
1.76231
1.75765
1.74919
1.73842
1.72787
1.72029
1.71765
1.72085
1.73002
1.7447
1.76378
1.78544
1.80762
1.82859
1.84711
1.86246
1.87422
1.88222
1.88646
1.88715
1.88468
1.87962
1.87257
1.86403
1.85437
1.84397
1.83335
1.82327
1.81453
1.80769
1.80287
1.79967
1.79747
1.79572
1.79422
1.79315
1.79297
1.79417
1.79708
1.8016
1.8071
1.81259
1.81696
1.81937
1.8195
1.81762
1.81448
1.81107
1.8084
1.80721
1.80783
1.81015
1.81364
1.81742
1.82049
1.82186
1.82077
1.8168
1.80991
1.80045
1.78903
1.77642
1.7634
1.7506
1.7385
1.72744
1.71777
1.71012
1.70548
1.70502
1.70959
1.71901
1.73164
1.74471
1.75531
1.76136
1.76208
1.75785
1.74977
1.73935
1.7284
1.71922
1.71445
1.7164
1.72579
1.7411
1.75914
1.7768
1.79227
1.8054
1.81698
1.82756
1.83686
1.84388
1.84767
1.84808
1.84586
1.84223
1.83812
1.83361
1.82785
1.81953
1.80748
1.79117
1.77098
1.74807
1.7242
1.70123
1.68083
1.66413
1.65155
1.64267
1.63636
1.63132
1.62706
1.62467
1.6269
1.63662
1.65472
1.67907
1.70589
1.7317
1.75449
1.77369
1.7895
1.80235
1.81249
1.81999
1.82473
1.82658
1.82547
1.82157
1.81528
1.80724
1.79813
1.78851
1.7787
1.76891
1.75936
1.75064
1.74376
1.74005
1.74074
1.74636
1.75643
1.76954
1.7838
1.79727
1.80832
1.81574
1.81877
1.81709
1.81074
1.80021
1.78648
1.77107
1.75597
1.74313
1.7337
1.72765
1.72401
1.72154
1.71952
1.71792
1.71717
1.71764
1.7192
1.72121
1.72269
1.72284
1.7212
1.71768
1.71229
1.70507
1.69643
1.68763
1.68075
1.67813
1.6815
1.69137
1.70689
1.72631
1.74757
1.76878
1.78842
1.80525
1.81827
1.82677
1.83039
1.8292
1.82369
1.81466
1.80318
1.79045
1.77781
1.76655
1.75777
1.75219
1.75001
1.75085
1.75378
1.75757
1.76092
1.76266
1.76202
1.75873
1.75305
1.74571
1.73779
1.73045
1.72462
1.72064
1.71816
1.71622
1.71363
1.70933
1.70256
1.693
1.68087
1.667
1.65277
1.63991
1.63014
1.62474
1.62437
1.62893
1.63761
1.64907
1.66197
1.67546
1.68956
1.70489
1.7221
1.74124
1.76158
1.78176
1.8
1.81433
1.82301
1.82489
1.81982
1.80879
1.79382
1.77744
1.76198
1.7489
1.73868
1.73113
1.72577
1.72217
1.72003
1.71921
1.71965
1.72116
1.72328
1.72511
1.72547
1.72304
1.71675
1.70591
1.69052
1.6716
1.65166
1.63493
1.62637
1.6294
1.64383
1.6664
1.69311
1.72079
1.74702
1.76977
1.78747
1.79921
1.80479
1.8045
1.7989
1.8
1.78698
1.77207
1.75819
1.74756
1.74133
1.73923
1.74006
1.74261
1.7464
1.75177
1.75942
1.76972
1.78212
1.79508
1.80646
1.81418
1.81675
1.81355
1.80487
1.79176
1.77553
1.75699
1.73594
1.71142
1.68333
1.65445
1.63045
1.61646
1.61287
1.61565
1.6205
1.626
1.63349
1.64499
1.66089
1.67912
1.69627
1.70931
1.71675
1.71879
1.71685
1.71299
1.70933
1.70762
1.70897
1.71381
1.72202
1.733
1.74573
1.75886
1.77084
1.7801
1.78528
1.78557
1.78104
1.77282
1.76292
1.75348
1.74614
1.74163
1.74011
1.74174
1.74708
1.75704
1.77227
1.79244
1.816
1.84062
1.86386
1.88367
1.89856
1.9075
1.90989
1.90547
1.89442
1.87736
1.85556
1.83099
1.80633
1.78474
1.76919
1.76146
1.76163
1.76836
1.77969
1.79353
1.80748
1.81875
1.82463
1.82329
1.81427
1.79858
1.77833
1.75641
1.73608
1.72053
1.71229
1.71257
1.72093
1.73553
1.75389
1.7736
1.79262
1.80933
1.82249
1.83125
1.83507
1.83378
1.82753
1.8168
1.8024
1.78545
1.76734
1.74976
1.73458
1.72358
1.71789
1.71767
1.72218
1.73022
1.74052
1.75185
1.76319
1.77396
1.78409
1.79371
1.80286
1.81118
1.81813
1.82326
1.82657
1.82871
1.83076
1.83385
1.83846
1.8441
1.84942
1.85287
1.8533
1.85021
1.84369
1.83408
1.82179
1.80722
1.79108
1.77471
1.75999
1.74872
1.74182
1.7391
1.73985
1.74345
1.74949
1.75731
1.7659
1.77402
1.78059
1.78486
1.78645
1.78532
1.78191
1.77715
1.77214
1.76749
1.76288
1.7574
1.75037
1.74179
1.73239
1.72314
1.71503
1.70906
1.70623
1.70721
1.71192
1.71957
1.72932
1.74083
1.75432
1.76996
1.78726
1.805
1.8217
1.83616
1.84776
1.85642
1.8624
1.86602
1.86755
1.86732
1.86588
1.8641
1.86298
1.86336
1.86539
1.86837
1.87096
1.87179
1.87019
1.86663
1.86247
1.85904
1.85672
1.85464
1.85128
1.84535
1.83648
1.8253
1.81304
1.80093
1.78963
1.7792
1.76936
1.75997
1.75114
1.74304
1.73564
1.72849
1.72107
1.71322
1.70538
1.69849
1.69352
1.69112
1.69137
1.69374
1.6973
1.70096
1.70371
1.70476
1.7035
1.69959
1.69289
1.68339
1.67123
1.65652
1.63947
1.62058
1.6012
1.58421
1.57426
1.57642
1.59314
1.62187
1.65641
1.69058
1.72077
1.74609
1.76716
1.78508
1.80069
1.81431
1.82571
1.83439
1.8401
1.84338
1.84559
1.84844
1.85322
1.86015
1.86837
1.87629
1.88223
1.88478
1.88306
1.87671
1.86587
1.8511
1.83328
1.81357
1.79326
1.77364
1.75586
1.74075
1.72882
1.72028
1.71501
1.71268
1.71273
1.71452
1.71741
1.72098
1.72512
1.72991
1.73555
1.74203
1.74908
1.75609
1.76223
1.76666
1.76863
1.76769
1.76377
1.75748
1.75014
1.74359
1.73939
1.73807
1.73896
1.74085
1.74302
1.74568
1.74963
1.75543
1.76282
1.77069
1.77755
1.78204
1.78329
1.78085
1.77469
1.76534
1.75409
1.74295
1.73405
1.72883
1.7274
1.72868
1.73096
1.73264
1.73287
1.73196
1.73133
1.73274
1.73721
1.74452
1.75347
1.76266
1.77099
1.77778
1.78269
1.78569
1.78698
1.78682
1.7854
1.78277
1.77909
1.77479
1.77059
1.7673
1.76555
1.76558
1.76726
1.77023
1.7739
1.7775
1.78014
1.78102
1.77967
1.77608
1.77065
1.764
1.7568
1.74975
1.74358
1.73909
1.73695
1.73747
1.74046
1.74518
1.75058
1.75565
1.75985
1.76338
1.76737
1.77368
1.78417
1.79979
1.81986
1.84212
1.86341
1.88058
1.89121
1.89393
1.88847
1.87567
1.85734
1.83602
1.81439
1.79467
1.77793
1.76394
1.75157
1.73982
1.72866
1.7193
1.7135
1.71231
1.71555
1.72212
1.73089
1.74104
1.75187
1.7623
1.77079
1.77576
1.77645
1.77374
1.76994
1.76751
1.76744
1.76929
1.77233
1.77597
1.77938
1.78138
1.78105
1.77825
1.77368
1.76854
1.76395
1.76071
1.75922
1.7597
1.76242
1.7677
1.77571
1.78621
1.7983
1.81052
1.8212
1.82884
1.83245
1.83174
1.8271
1.81945
1.81003
1.8002
1.79138
1.78509
1.78274
1.78504
1.79144
1.80006
1.80829
1.81357
1.81392
1.80815
1.79602
1.77839
1.75714
1.73482
1.71401
1.69642
1.68239
1.67091
1.66038
1.64987
1.63991
1.63232
1.62913
1.63152
1.63962
1.65282
1.67022
1.69062
1.71248
1.73391
1.75313
1.76903
1.78138
1.7906
1.7975
1.80295
1.80779
1.81265
1.81773
1.82283
1.82742
1.83079
1.83207
1.83033
1.82469
1.81461
1.80027
1.78278
1.76409
1.74642
1.73152
1.72
1.71129
1.70405
1.69677
1.68817
1.67739
1.66412
1.64878
1.63252
1.61721
1.60512
1.59817
1.59715
1.60147
1.60972
1.62073
1.63411
1.64997
1.66823
1.68825
