-0.135658
-0.159933
-0.194311
-0.232522
-0.266818
-0.290679
-0.300526
-0.295976
-0.279106
-0.253315
-0.222008
-0.187471
-0.150178
-0.108807
-0.0609913
-0.00449196
0.0615745
0.135779
0.213851
0.288789
0.35184
0.39458
0.411647
0.402484
0.370841
0.323142
0.267604
0.213817
0.171278
0.14704
0.144075
0.161106
0.193433
0.23402
0.274474
0.306061
0.321037
0.314661
0.287421
0.245923
0.201247
0.165293
0.146986
0.149838
0.17108
0.202456
0.232979
0.253311
0.259451
0.253324
0.240561
0.227672
0.219669
0.218065
0.21986
0.219016
0.210446
0.193488
0.171682
0.149763
0.13128
0.11805
0.110454
0.107592
0.107277
0.106481
0.102497
0.094486
0.0843119
0.075864
0.0730606
0.0778367
0.0892276
0.103859
0.117541
0.127385
0.133589
0.139801
0.151769
0.175065
0.213139
0.266386
0.332038
0.404373
0.475036
0.533928
0.571253
0.580498
0.560751
0.516671
0.45614
0.387371
0.317144
0.250488
0.191272
0.142851
0.108301
0.0901073
0.0896308
0.106721
0.139603
0.18504
0.238583
0.294828
0.347788
0.391462
0.420782
0.432677
0.426752
0.405081
0.371254
0.329272
0.28283
0.235094
0.188753
0.146044
0.108629
0.0774124
0.0524279
0.0328816
0.0173326
0.00401617
-0.00871778
-0.0218963
-0.0356096
-0.0491623
-0.0617244
-0.0731532
-0.0843868
-0.0970512
-0.112412
-0.130227
-0.14825
-0.162649
-0.169058
-0.163706
-0.144255
-0.110221
-0.0630842
-0.00611228
0.056105
0.118278
0.175077
0.221659
0.254162
0.270237
0.269292
0.252015
0.219549
0.173491
0.117094
0.0560446
-0.00263571
-0.0527121
-0.0902159
-0.113701
-0.123844
-0.12289
-0.114127
-0.10122
-0.0873725
-0.0744826
-0.0626302
-0.0502551
-0.0349082
-0.0144358
0.0118071
0.0419181
0.0712908
0.0938682
0.104601
0.101679
0.087182
0.0663954
0.0463898
0.0337608
0.0317136
0.0380919
0.0461734
0.0480791
0.0386723
0.0175284
-0.011818
-0.0442302
-0.0751546
-0.101573
-0.121815
-0.134947
-0.140243
-0.137012
-0.124766
-0.103803
-0.0759215
-0.0448304
-0.0154782
0.00789568
0.0239444
0.0346101
0.0430151
0.0506834
0.0566209
0.0585337
0.05419
0.0414601
0.0181671
-0.0166816
-0.0612647
-0.111073
-0.160859
-0.206575
-0.246005
-0.278274
-0.303081
-0.320239
-0.329645
-0.331518
-0.326541
-0.315695
-0.299749
-0.2787
-0.251519
-0.216519
-0.17219
-0.118136
-0.0555781
0.0127053
0.0828499
0.150633
0.212398
0.266256
0.313078
0.356503
0.401541
0.452516
0.511306
0.576432
0.643136
0.704626
0.754236
0.787042
0.799623
0.789425
0.756868
0.708761
0.657179
0.61359
0.584471
0.571498
0.573891
0.58961
0.61431
0.639889
0.655901
0.65453
0.635426
0.606064
0.577236
0.557246
0.54867
0.549217
0.555389
0.565676
0.580807
0.601485
0.626092
0.650019
0.666863
0.670842
0.659173
0.632855
0.595428
0.551028
0.503084
0.453915
0.404932
0.357143
0.311729
0.270393
0.235367
0.209211
0.194585
0.193925
0.208858
0.239354
0.282869
0.3339
0.384486
0.42584
0.450747
0.455659
0.441418
0.412347
0.374332
0.332938
0.292132
0.253806
0.217978
0.183449
0.148646
0.112507
0.0751182
0.0379697
0.00363259
-0.0251017
-0.0461708
-0.058977
-0.0645628
-0.0651895
-0.0635515
-0.0620164
-0.0623045
-0.065758
-0.0737637
-0.0875609
-0.10719
-0.130574
-0.153857
-0.172983
-0.185345
-0.190549
-0.190353
-0.188096
-0.187827
-0.193119
-0.205752
-0.224974
-0.247846
-0.270428
-0.289071
-0.301262
-0.305855
-0.302823
-0.292847
-0.276986
-0.256627
-0.233649
-0.210625
-0.190773
-0.177574
-0.174103
-0.182273
-0.202127
-0.23133
-0.26509
-0.296939
-0.32031
-0.330212
-0.324299
-0.302994
-0.268953
-0.226216
-0.179347
-0.132624
-0.0892907
-0.0510973
-0.0183522
0.0095214
0.0332806
0.0533758
0.069768
0.081867
0.0885987
0.0887484
0.0817262
0.0684462
0.0517349
0.0359554
0.0260501
0.026383
0.0394361
0.0644059
0.0965304
0.128618
0.154722
0.173271
0.186758
0.198467
0.209243
0.216643
0.216697
0.206803
0.187552
0.162387
0.136141
0.113776
0.0995093
0.0955756
0.100659
0.109174
0.112852
0.104837
0.0839383
0.0555329
0.0282103
0.00912826
0.00144753
0.00451293
0.0156053
0.0318981
0.051748
0.0750699
0.102838
0.136104
0.175089
0.218735
0.264619
0.308719
0.345039
0.366956
0.371926
0.36602
0.361887
0.371216
0.399026
0.442859
0.494932
0.545209
0.584583
0.607397
0.612687
0.603889
0.587113
0.568786
0.553697
0.544158
0.540229
0.540452
0.542578
0.544038
0.54221
0.534746
0.520012
0.497491
0.467888
0.4329
0.394721
0.355562
0.317244
0.280885
0.246764
0.214561
0.183954
0.155224
0.129362
0.107583
0.0905327
0.0776999
0.0673171
0.0568013
0.0435756
0.0260137
0.00418513
-0.0199026
-0.0427437
-0.0603318
-0.0694839
-0.0691761
-0.0613878
-0.0510066
-0.0445231
-0.0479936
-0.065189
-0.0967388
-0.1403
-0.191377
-0.244318
-0.293134
-0.332076
-0.356141
-0.361632
-0.346946
-0.313504
-0.266404
-0.2138
-0.163835
-0.120375
-0.0810676
-0.0398068
0.00881184
0.066569
0.131106
0.196871
0.256711
0.303888
0.334182
0.347249
0.346521
0.337705
0.326715
0.318018
0.313885
0.314548
0.318943
0.325587
0.333164
0.340567
0.346573
0.349423
0.346578
0.334878
0.308467
0.270782
0.223809
0.172153
0.12034
0.0710061
0.0246225
-0.0196425
-0.0628561
-0.105555
-0.147417
-0.187214
-0.222977
-0.252258
-0.272496
-0.281445
-0.277564
-0.260249
-0.229906
-0.187937
-0.136652
-0.079185
-0.0193358
0.0387405
0.0911084
0.134854
0.168794
0.19375
0.212084
0.226812
0.240597
0.255075
0.270471
0.285566
0.297923
0.304669
0.303867
0.295778
0.282905
0.268529
0.254997
0.24303
0.232271
0.222298
0.213198
0.20544
0.199292
0.194419
0.189836
0.18411
0.175752
0.163748
0.148059
0.129806
0.110939
0.0936097
0.0795494
0.0696596
0.0639235
0.0616169
0.0617421
0.0635135
0.0666969
0.0716386
0.0789642
0.0890498
0.101477
0.114675
0.126025
0.132531
0.131748
0.122547
0.105278
0.0813817
0.0527368
0.0210116
-0.0127373
-0.0480595
-0.0845758
-0.121237
-0.15598
-0.18608
-0.208869
-0.22223
-0.224715
-0.215455
-0.194273
-0.162118
-0.121668
-0.0775042
-0.0352212
0.000474569
0.0275463
0.0469459
0.0612811
0.0731361
0.084037
0.0942873
0.103208
0.10953
0.112051
0.11051
0.106064
0.100436
0.0941231
0.0852989
0.0710254
0.0501634
0.0253176
0.00191906
-0.0142865
-0.0191159
-0.0105168
0.0116194
0.045637
0.0881599
0.134137
0.177412
0.21221
0.235049
0.245683
0.246315
0.240191
0.230922
0.222327
0.2181
0.22108
0.232719
0.253096
0.281265
0.315561
0.353706
0.392811
0.429608
0.460969
0.484403
0.498387
0.50287
0.499673
0.49177
0.481536
0.46947
0.454422
0.434799
0.409762
0.379917
0.347433
0.315534
0.287446
0.26525
0.249408
0.239327
0.234525
0.235384
0.242962
0.258164
0.281047
0.310497
0.344106
0.378061
0.407373
0.427027
0.434085
0.429609
0.418548
0.407147
0.399724
0.397306
0.398688
0.402286
0.407015
0.411995
0.416087
0.418125
0.417839
0.416712
0.418027
0.426035
0.444829
0.477352
0.524615
0.584725
0.651823
0.715931
0.765284
0.79126
0.793144
0.778606
0.759298
0.745363
0.742471
0.751662
0.769888
0.7896
0.798227
0.781645
0.733326
0.660968
0.581589
0.510689
0.456235
0.418906
0.394809
0.378557
0.365905
0.354985
0.345527
0.337198
0.328898
0.319429
0.308521
0.29712
0.28692
0.279617
0.276438
0.278053
0.284767
0.296722
0.313863
0.335553
0.360246
0.385664
0.409626
0.431151
0.451116
0.471896
0.496077
0.524879
0.557096
0.589096
0.615911
0.63292
0.637338
0.628884
0.609297
0.581251
0.547329
0.509731
0.470496
0.43188
0.396366
0.366192
0.342664
0.325642
0.313495
0.303673
0.293708
0.282153
0.268938
0.25509
0.242196
0.232168
0.227419
0.231141
0.246983
0.277516
0.321558
0.371788
0.415251
0.438249
0.433031
0.401134
0.351421
0.295598
0.2446
0.206909
0.188107
0.190692
0.213847
0.253354
0.302071
0.351251
0.392539
0.420021
0.431447
0.428109
0.413623
0.392191
0.367082
0.33978
0.310158
0.277279
0.240209
0.198546
0.152873
0.105143
0.0585938
0.017134
-0.015512
-0.0365333
-0.044482
-0.0394696
-0.0230749
0.00201258
0.032208
0.0625436
0.0860718
0.0952645
0.0863468
0.062713
0.0333838
0.00827809
-0.0055775
-0.0051925
0.00933847
0.0365046
0.07435
0.120383
0.170957
0.22103
0.264849
0.297425
0.316193
0.322012
0.318879
0.312472
0.30814
0.309154
0.315726
0.325256
0.333864
0.338614
0.339087
0.337221
0.335873
0.337349
0.342722
0.351737
0.362956
0.373933
0.381448
0.382042
0.372904
0.352867
0.322804
0.285116
0.242572
0.197256
0.150104
0.101207
0.0506384
-0.0006436
-0.0504048
-0.0955973
-0.133368
-0.161954
-0.181004
-0.191239
-0.193807
-0.189803
-0.180279
-0.166603
-0.150688
-0.134735
-0.120879
-0.111184
-0.107574
-0.110967
-0.120091
-0.131557
-0.141523
-0.147533
-0.149272
-0.148166
-0.146443
-0.146142
-0.148516
-0.153859
-0.161641
-0.17069
-0.179301
-0.185243
-0.185938
-0.179007
-0.163207
-0.139416
-0.111279
-0.0850493
-0.0682273
-0.0670238
-0.0835943
-0.114659
-0.1526
-0.188361
-0.214294
-0.225722
-0.221127
-0.201535
-0.169574
-0.128375
-0.0805486
-0.0273829
0.0313022
0.0964265
0.168094
0.243688
0.316742
0.377997
0.419165
0.437218
0.435541
0.421201
0.401377
0.381525
0.365161
0.354068
0.348353
0.346415
0.345268
0.341533
0.332953
0.319553
0.303643
0.288642
0.277566
0.272058
0.272098
0.27616
0.28171
0.286231
0.28868
0.290366
0.29442
0.304362
0.32301
0.352159
0.392445
0.442633
0.498436
0.552247
0.595404
0.622238
0.632384
0.628976
0.614512
0.58825
0.54761
0.492139
0.425577
0.354555
0.286689
0.229639
0.190081
0.17225
0.176938
0.201584
0.241037
0.288289
0.335151
0.373426
0.397
0.403939
0.396979
0.38203
0.365782
0.353644
0.348499
0.350463
0.357544
0.367039
0.376899
0.386347
0.395478
0.404327
0.412141
0.417398
0.418423
0.414202
0.404962
0.392313
0.378982
0.368203
0.36299
0.365476
0.376494
0.395459
0.420512
0.448715
0.47618
0.498251
0.509946
0.506871
0.486571
0.449699
0.400149
0.343996
0.287837
0.237584
0.197926
0.172127
0.161701
0.165897
0.18127
0.201825
0.220293
0.230508
0.229852
0.22005
0.205793
0.192479
0.184171
0.184415
0.191284
0.202727
0.214076
0.219176
0.213288
0.196243
0.173024
0.151031
0.136409
0.13188
0.136419
0.14611
0.155668
0.160248
0.157
0.14576
0.128577
0.108571
0.0887998
0.0716145
0.0585359
0.0504177
0.0476706
0.050476
0.0588859
0.0726945
0.0908534
0.110568
0.126754
0.132823
0.123128
0.0958116
0.0538793
0.00363234
-0.0482393
-0.0968067
-0.139369
-0.174745
-0.202326
-0.221452
-0.231268
-0.230855
-0.219359
-0.196094
-0.160574
-0.112581
-0.052419
0.0188242
0.0990324
0.184885
0.271885
0.354762
0.428369
0.488843
0.534471
0.565845
0.585387
0.596451
0.602193
0.604468
0.60327
0.597124
0.584479
0.565268
0.541707
0.517899
0.498552
0.487506
0.486457
0.494122
0.506224
0.516707
0.520039
0.513517
0.497975
0.476365
0.451397
0.424086
0.393777
0.359111
0.319112
0.274001
0.225604
0.177098
0.132065
0.0933478
0.0622921
0.0387548
0.0217894
0.0106215
0.005325
0.00679587
0.0159319
0.0325119
0.0544213
0.0777006
0.0975107
0.109723
0.112439
0.106759
0.0964984
0.0870282
0.0836887
0.0900767
0.10654
0.129494
0.152515
0.169383
0.177266
0.17753
0.17384
0.169747
0.167512
0.168167
0.172006
0.178763
0.187362
0.195473
0.19935
0.194302
0.175923
0.141545
0.0912768
0.0281793
-0.0423347
-0.113442
-0.177805
-0.228395
-0.259372
-0.266878
-0.249527
-0.208443
-0.146895
-0.0697773
0.0167314
0.105075
0.186025
0.249029
0.283939
0.284047
0.248731
0.183894
0.099865
0.0082661
-0.080415
-0.157948
-0.218613
-0.259072
-0.278227
-0.277087
-0.258533
-0.226847
-0.186989
-0.143743
-0.100954
-0.0610893
-0.0251436
0.00721374
0.0372338
0.066475
0.0960881
0.126191
0.155628
0.182287
0.203779
0.218111
0.223889
0.220205
0.206493
0.182668
0.149627
0.110151
0.0700614
0.039168
0.0308392
0.0571101
0.113927
0.162095
0.145836
0.0601664
-0.0426322
-0.119425
-0.161344
-0.175757
-0.170598
-0.1502
-0.116494
-0.0710487
-0.0162831
0.0442795
0.106249
0.164904
0.215873
0.255898
0.283419
0.298744
0.30369
0.3009
0.293056
0.282308
0.270075
0.257161
0.243995
0.230868
0.218115
0.206216
0.195876
0.188066
0.183955
0.184639
0.190627
0.201327
0.214835
0.228188
0.237998
0.241281
0.236116
0.221942
0.199343
0.16961
0.134563
0.0966564
0.0589893
0.0249138
-0.00255294
-0.0213438
-0.0311321
-0.0346228
-0.0385253
-0.0521546
-0.0826848
-0.130348
-0.188401
-0.247627
-0.300703
-0.343706
-0.375481
-0.396422
-0.407506
-0.409686
-0.40353
-0.389051
-0.365621
-0.332019
-0.286664
-0.228062
-0.155533
-0.0703201
0.0231287
0.11635
0.197793
0.256176
0.284967
0.285021
0.263542
0.230545
0.195476
0.165611
0.145979
0.139849
0.149042
0.17387
0.21261
0.260644
0.31008
0.351158
0.37595
0.381886
0.371844
0.351053
0.324142
0.294302
0.26402
0.236029
0.213521
0.199341
0.194496
0.196733
0.200259
0.197372
0.181623
0.150959
0.109259
0.0654825
0.0305338
0.0130578
0.0160628
0.0356769
0.0627502
0.08771
0.10648
0.121707
0.137458
0.153949
0.168123
0.177764
0.183313
0.185877
0.184967
0.178917
0.167287
0.152894
0.141874
0.141962
0.160191
0.201041
0.26511
0.348153
0.440554
0.52825
0.596322
0.63461
0.641856
0.625171
0.5959
0.565328
0.541938
0.529964
0.528434
0.530574
0.524797
0.499235
0.449042
0.380638
0.308056
0.245035
0.199904
0.175118
0.168824
0.175971
0.188674
0.197455
0.194876
0.180073
0.159797
0.144603
0.143878
0.163093
0.203448
0.262178
0.332526
0.403656
0.461959
0.494904
0.496154
0.468201
0.42049
0.365013
0.312537
0.270495
0.242013
0.225647
0.216099
0.206418
0.191171
0.168472
0.139336
0.10551
0.0680865
0.0276637
-0.014845
-0.0577103
-0.0985244
-0.134773
-0.164464
-0.186475
-0.200397
-0.205979
-0.202476
-0.188321
-0.161348
-0.119503
-0.0618104
0.0106512
0.0940447
0.181653
0.264522
0.332623
0.37633
0.388771
0.36916
0.324226
0.265256
0.203245
0.14613
0.0986289
0.0629413
0.0392779
0.0262919
0.0216312
0.0225367
0.0263427
0.0308761
0.0348002
0.0379093
0.0412102
0.0467227
0.0569727
0.0742736
0.0998942
0.133057
0.169734
0.202068
0.220443
0.21915
0.201001
0.174958
0.1492
0.127188
0.108603
0.0920084
0.0764255
0.0615552
0.0476367
0.0354692
0.0265577
0.0230385
0.0273349
0.0418118
0.068703
0.110311
0.169121
0.247234
0.344395
0.454066
0.558775
0.630929
0.646051
0.599887
0.509082
0.396992
0.283223
0.181707
0.10179
0.0491613
0.0261865
0.0319797
0.0625817
0.111441
0.170315
0.230368
0.283286
0.322516
0.344577
0.349485
0.339531
0.317589
0.286478
0.249395
0.210206
0.172916
0.140639
0.114808
0.0951606
0.0805235
0.0699646
0.0636647
0.0629796
0.069606
0.0842608
0.105454
0.128976
0.148698
0.158917
0.157366
0.146825
0.133903
0.125687
0.126395
0.135581
0.148283
0.157029
0.155152
0.140048
0.114503
0.0849623
0.0578029
0.036313
0.0203589
0.00838044
-0.000555794
-0.00637878
-0.00884741
-0.0081354
-0.00455947
0.00205604
0.0124018
0.0266652
0.0432831
0.0588721
0.0698581
0.0746639
0.0745663
0.0725547
0.0713603
0.0721863
0.0748161
0.07862
0.0838663
0.0894112
0.0946482
0.0987135
0.101322
0.102696
0.102522
0.0991977
0.0904424
0.0747786
0.0526842
0.0266381
0.000157697
-0.0235103
-0.0423962
-0.0563552
-0.0671417
-0.0779293
-0.0920229
-0.110978
-0.133141
-0.153767
-0.166592
-0.165738
-0.147029
-0.108627
-0.0513946
0.0208087
0.101168
0.180778
0.250798
0.305103
0.341903
0.363206
0.37272
0.373669
0.367592
0.354383
0.333371
0.304744
0.27038
0.233682
0.198915
0.170634
0.153126
0.149602
0.161245
0.186337
0.219919
0.254776
0.28431
0.305648
0.319613
0.326881
0.324185
0.304844
0.264051
0.204228
0.135103
0.0687839
0.0149558
-0.0208095
-0.0368116
-0.0348103
-0.0196438
0.00176372
0.0221632
0.0360887
0.0415837
0.04068
0.038267
0.0399054
0.0497606
0.0695536
0.0986751
0.135112
0.176651
0.221684
0.26919
0.318022
0.366204
0.411061
0.450349
0.483418
0.511046
0.533779
0.550236
0.557027
0.550505
0.528964
0.493601
0.44788
0.396361
0.343864
0.295011
0.253786
0.223053
0.204245
0.197461
0.201916
0.216513
0.240269
0.27232
0.311516
0.355903
0.402632
0.448669
0.491654
0.529549
0.559118
0.575425
0.57408
0.554541
0.521159
0.480853
0.439586
0.400151
0.362001
0.322418
0.278167
0.227159
0.169551
0.107859
0.0460521
-0.0117947
-0.0625104
-0.104202
-0.13608
-0.158082
-0.170595
-0.174399
-0.170785
-0.161588
-0.148988
-0.134936
-0.120436
-0.105129
-0.0875416
-0.0659498
-0.0393934
-0.00831996
0.0254368
0.0594483
0.0919863
0.123045
0.154309
0.187918
0.224854
0.263866
0.301509
0.33324
0.355136
0.365488
0.365501
0.35861
0.348734
0.33853
0.328659
0.318218
0.3057
0.289771
0.269562
0.244614
0.214777
0.180174
0.141301
0.0992338
0.056016
0.0150358
-0.01912
-0.0415614
-0.048354
-0.0375283
-0.009653
0.031876
0.0806647
0.127769
0.163345
0.179734
0.174559
0.151433
0.117671
0.0809964
0.0474252
0.020766
0.00286333
-0.00612889
-0.00754263
-0.00386246
0.00185823
0.0066328
0.0079494
0.00395291
-0.00633499
-0.0226784
-0.0433179
-0.0650342
-0.0836335
-0.0947888
-0.0948983
-0.0818303
-0.0554703
-0.0180752
0.0260283
0.0718227
0.1154
0.154598
0.188153
0.215074
0.235425
0.251185
0.265584
0.281198
0.29837
0.31503
0.327889
0.334421
0.334294
0.329408
0.322737
0.317154
0.315011
0.318378
0.329117
0.348276
0.374923
0.405338
0.433495
0.45294
0.45893
0.449227
0.423549
0.383086
0.330751
0.271137
0.209489
0.150428
0.0973552
0.0525077
0.017247
-0.00772445
-0.0222754
-0.0268625
-0.0225232
-0.0107406
0.00685286
0.0287836
0.0538064
0.0806778
0.107839
0.133308
0.155039
0.171567
0.182524
0.188661
0.191323
0.19169
0.19023
0.186588
0.179848
0.16901
0.153562
0.133975
0.111881
0.0898152
0.0705154
0.0561064
0.0475144
0.0443085
0.0449374
0.0472128
0.0489511
0.048535
0.0452604
0.0394712
0.032475
0.0262873
0.0232545
0.0256054
0.0350215
0.0523406
0.0773998
0.109114
0.145694
0.184977
0.224772
0.263177
0.298737
0.330354
0.35695
0.377
0.388293
0.388307
0.375401
0.350352
0.317187
0.282425
0.25292
0.233598
0.226391
0.23051
0.243388
0.261453
0.280314
0.294581
0.298175
0.285973
0.256456
0.213259
0.163675
0.115057
0.0718355
0.034854
0.00288712
-0.0249918
-0.0479135
-0.0635443
-0.0697678
-0.0662504
-0.0547272
-0.0379547
-0.0180635
0.00466083
0.0319152
0.0664266
0.110546
0.165091
0.228833
0.298614
0.37
0.438183
0.498883
0.54903
0.58725
0.614114
0.631823
0.642954
0.648413
0.645617
0.628608
0.591274
0.532118
0.456291
0.372828
0.290147
0.213497
0.144949
0.084677
0.0322755
-0.0124712
-0.0494142
-0.078155
-0.0983151
-0.109807
-0.113085
-0.109289
-0.100089
-0.0873179
-0.0725526
-0.05689
-0.0410967
-0.0260415
-0.0132636
-0.00521867
-0.00497887
-0.0152577
-0.0371498
-0.069399
-0.108612
-0.150214
-0.189523
-0.222494
-0.246089
-0.258373
-0.258468
-0.246526
-0.223772
-0.192667
-0.157013
-0.121617
-0.0911442
-0.0685335
-0.0540333
-0.0456858
-0.0409477
-0.0382325
-0.0374417
-0.039375
-0.0446338
-0.0527255
-0.0618973
-0.0697622
-0.0742061
-0.074036
-0.0689064
-0.0588245
-0.0440592
-0.0258445
-0.0073008
0.00656648
0.0102215
-0.000416374
-0.0265723
-0.0663928
-0.115819
-0.169964
-0.224236
-0.274776
-0.318398
-0.352512
-0.37523
-0.385586
-0.383682
-0.370656
-0.348494
-0.319843
-0.287788
-0.255647
-0.22667
-0.203615
-0.188305
-0.181257
-0.181562
-0.187041
-0.194702
-0.201331
-0.204079
-0.200959
-0.191158
-0.175137
-0.154501
-0.131657
-0.109255
-0.0894255
-0.0730195
-0.0592565
-0.0460453
-0.0307644
-0.0110559
0.014663
0.0469258
0.0849624
0.126565
0.168203
0.205558
0.234419
0.251545
0.255263
0.245703
0.224712
0.195327
0.160735
0.123022
0.0824471
0.0379098
-0.0116381
-0.0658948
-0.122816
-0.178888
-0.229626
-0.270218
-0.296408
-0.305463
-0.296999
-0.273358
-0.239289
-0.200785
-0.163382
-0.130744
-0.104294
-0.0838239
-0.0684395
-0.0571913
-0.0493816
-0.0446063
-0.0425773
-0.0427585
-0.043954
-0.0441012
-0.0404665
-0.0302056
-0.0110084
0.0183565
0.0575005
0.10362
0.150524
0.188339
0.205705
0.194925
0.156372
0.097455
0.0275074
-0.0457046
-0.116034
-0.178254
-0.228255
-0.263603
-0.283556
-0.288647
-0.280235
-0.257903
-0.228933
-0.196312
-0.165589
-0.14191
-0.128099
-0.123776
-0.126395
-0.133363
-0.14361
-0.15779
-0.177263
-0.202522
-0.231975
-0.261754
-0.286668
-0.301665
-0.303072
-0.289256
-0.260761
-0.219911
-0.169742
-0.112362
-0.0477267
0.025631
0.107127
0.1899
0.26085
0.308274
0.330847
0.337034
0.336069
0.331154
0.319579
0.297302
0.263886
0.224286
0.186519
0.157704
0.141482
0.137666
0.14319
0.153429
0.163502
0.16934
0.168322
0.159359
0.142711
0.11977
0.0929499
0.0654666
0.0410049
0.0232651
0.0153741
0.0191474
0.0342734
0.0579193
0.0852731
0.111031
0.131108
0.143384
0.147147
0.141846
0.126204
0.0983681
0.0572144
0.00389013
-0.0576734
-0.121694
-0.182085
-0.23359
-0.272217
-0.295188
-0.300786
-0.288328
-0.258252
-0.212319
-0.153834
-0.087839
-0.0210542
0.0387901
0.0845553
0.111824
0.120202
0.112646
0.0936983
0.0684428
0.0426797
0.0230129
0.0157549
0.0251421
0.0521069
0.0941869
0.146201
0.201151
0.251131
0.288443
0.307014
0.303939
0.280234
0.240231
0.189912
0.135316
0.0817165
0.0334259
-0.00619538
-0.0347185
-0.0506344
-0.0533462
-0.0431978
-0.0214381
0.00982777
0.04772
0.0886242
0.12827
0.161985
0.18545
0.195823
0.192575
0.177296
0.152721
0.121886
0.0877806
0.0529553
0.0190316
-0.0134629
-0.0445401
-0.0739428
-0.100702
-0.123401
-0.140938
-0.153248
-0.161639
-0.168477
-0.176133
-0.185591
-0.195618
-0.203159
-0.204701
-0.197654
-0.180942
-0.154828
-0.120284
-0.0784678
-0.0306921
0.021006
0.0732043
0.121255
0.160782
0.189453
0.207458
0.216309
0.217441
0.212031
0.201732
0.189078
0.177
0.16806
0.164023
0.165822
0.173523
0.186097
0.201397
0.216923
0.231259
0.244954
0.259831
0.277258
0.296979
0.317247
0.335705
0.350004
0.357836
0.356986
0.346051
0.325325
0.296654
0.26208
0.222518
0.177765
0.127767
0.0738971
0.0191299
-0.0329546
-0.0794153
-0.118638
-0.150285
-0.174805
-0.192873
-0.20516
-0.212479
-0.216135
-0.218106
-0.220674
-0.2256
-0.233152
-0.241651
-0.247962
-0.24892
-0.242962
-0.23106
-0.216159
-0.201236
-0.187198
-0.172233
-0.153084
-0.127054
-0.0934213
-0.0536804
-0.0107005
0.032665
0.0747305
0.115192
0.154417
0.192561
0.229204
0.263743
0.296079
0.3269
0.357072
0.386637
0.414297
0.437773
0.454705
0.46356
0.464196
0.457893
0.446953
0.434084
0.42188
0.412513
0.407613
0.408242
0.414922
0.427715
0.446374
0.47048
0.499361
0.53153
0.563519
0.588472
0.595763
0.574054
0.518016
0.433364
0.334043
0.234163
0.142332
0.0612633
-0.00985764
-0.0729506
-0.129535
-0.180037
-0.223739
-0.259406
-0.286454
-0.306033
-0.321148
-0.335581
-0.352141
-0.371336
-0.391186
-0.408139
-0.418349
-0.418668
-0.407149
-0.383126
-0.347116
-0.300663
-0.246167
-0.186632
-0.125412
-0.0658356
-0.0108382
0.0373406
0.0772751
0.108333
0.130594
0.144751
0.151989
0.153789
0.151572
0.146353
0.138531
0.128001
0.114571
0.0984272
0.0804778
0.0623717
0.0462233
0.0342086
0.0281786
0.0293086
0.0377178
0.0519975
0.0690481
0.0846892
0.0952812
0.0994968
0.0987249
0.0955464
0.0915486
0.0863381
0.0783377
0.0665139
0.0516727
0.0365141
0.0246055
0.0191498
0.0222944
0.0350794
0.0574956
0.0881618
0.123901
0.159939
0.1912
0.214201
0.228336
0.235726
0.239932
0.244318
0.250598
0.257929
0.263081
0.262099
0.252638
0.235229
0.212594
0.18801
0.164176
0.142929
0.125355
0.111856
0.102302
0.0963701
0.0938904
0.0948301
0.0989233
0.105234
0.112128
0.11774
0.120657
0.120309
0.116944
0.111435
0.105146
0.0998539
0.0975381
0.0999279
0.107981
0.121537
0.13946
0.160073
0.181562
0.202079
0.219705
0.232509
0.23892
0.238207
0.230871
0.218619
0.20387
0.188936
0.175123
0.162001
0.147111
0.126484
0.0962057
0.0544889
0.00322642
-0.0520588
-0.103781
-0.144399
-0.168024
-0.171256
-0.153382
-0.116343
-0.0644647
-0.00378272
0.05915
0.118844
0.172259
0.219239
0.261534
0.300726
0.336252
0.364961
0.382773
0.387273
0.37907
0.360909
0.335827
0.306226
0.27433
0.243067
0.216318
0.19793
0.189821
0.190268
0.194228
0.196392
0.194488
0.189348
0.182492
0.175114
0.168905
0.16623
0.168874
0.176814
0.188135
0.199895
0.209244
0.214147
0.213487
0.20664
0.193046
0.172136
0.143763
0.108858
0.0698204
0.0302927
-0.00560596
-0.0342381
-0.0532015
-0.0617417
-0.0607585
-0.0524648
-0.0398472
-0.0261942
-0.0149396
-0.00964144
-0.013459
-0.0278752
-0.0514258
-0.0796182
-0.106266
-0.125279
-0.131863
-0.123121
-0.0984405
-0.0597438
-0.0113418
0.0408985
0.091091
0.13513
0.171954
0.203444
0.232667
0.261259
0.287635
0.307438
0.315963
0.310423
0.290493
0.25754
0.213806
0.162195
0.106464
0.0510871
0.000266244
-0.0433087
-0.0789506
-0.107535
-0.130765
-0.150596
-0.168855
-0.186832
-0.204892
-0.222402
-0.237972
-0.249764
-0.25566
-0.253407
-0.240972
-0.217201
-0.182625
-0.139936
-0.0937137
-0.0492064
-0.010525
0.020736
0.0456699
0.0670876
0.0882421
0.111905
0.139838
0.1725
0.208777
0.245824
0.279238
0.303853
0.315318
0.311858
0.294841
0.267456
0.232461
0.190943
0.142947
0.088956
0.0307237
