0	135.702	164.473
1	121.987	149.235
2	116.149	134.23
3	110.567	125.007
4	107.545	118.773
5	105.306	113.248
6	105.306	110.291
7	98.7936	106.692
8	92.5216	103.276
9	88.3349	97.467
10	84.833	91.8568
11	75.414	87.0924
12	72.338	80.6675
13	70.3818	74.6053
14	70.2173	71.6552
15	68.2611	70.2201
16	67.5146	68.601
17	64.8363	68.0196
18	63.6586	66.604
19	63.1436	64.6636
20	61.493	63.3368
21	59.9442	62.5702
22	58.6971	60.935
23	58.6971	59.3616
24	58.063	58.6943
25	57.5557	58.4677
26	57.5557	57.907
27	56.7526	57.5537
28	56.7526	57.3367
29	55.0366	56.7704
30	54.0807	56.1732
31	54.0807	54.831
32	54.0493	54.176
33	54.0451	54.0706
34	52.6895	54.0394
35	52.1745	53.529
36	52.1173	52.541
37	52.1173	52.1539
38	52.1173	52.1173
39	52.1173	52.1173
40	51.965	52.1169
41	51.965	52.0708
42	51.965	51.965
43	51.8911	51.9648
44	51.8911	51.9425
45	51.8911	51.8911
46	51.8911	51.8911
47	50.9306	51.8887
48	50.9218	51.5501
49	50.9218	50.9276
50	50.9218	50.9218
51	50.9218	50.9218
52	50.9218	50.9218
53	50.9218	50.9218
54	50.9218	50.9218
55	50.9218	50.9218
56	50.9218	50.9218
57	50.8014	50.9215
58	50.8014	50.8826
59	50.2446	50.8001
60	50.2446	50.6338
61	50.2446	50.2452
62	50.2446	50.2446
63	50.2446	50.2446
64	50.2446	50.2446
65	50.2446	50.2446
66	50.2446	50.2446
67	50.2446	50.2446
68	50.2446	50.2446
69	50.2446	50.2446
70	50.2446	50.2446
71	50.2446	50.2446
72	50.2446	50.2446
73	50.2446	50.2446
74	50.2446	50.2446
75	50.2446	50.2446
76	50.2446	50.2446
77	50.2446	50.2446
78	50.2446	50.2446
79	50.2446	50.2446
80	50.2446	50.2446
81	50.2446	50.2446
82	50.2446	50.2446
83	50.2446	50.2446
84	50.2446	50.2446
85	50.2446	50.2446
86	50.2446	50.2446
87	50.2446	50.2446
88	50.2446	50.2446
89	50.2446	50.2446
90	50.2446	50.2446
91	50.2446	50.2446
92	50.2446	50.2446
93	50.1964	50.2444
94	50.1964	50.2252
95	50.1964	50.1964
96	50.1964	50.1964
97	50.1964	50.1964
98	50.1964	50.1964
99	50.1964	50.1964
100	50.1964	50.1964
101	50.1964	50.1964
102	50.1964	50.1964
103	50.1964	50.1964
104	50.1964	50.1964
105	50.1964	50.1964
106	50.1964	50.1964
107	50.1964	50.1964
108	50.1964	50.1964
109	50.1964	50.1964
110	50.1964	50.1964
111	50.1964	50.1964
112	50.1964	50.1964
113	50.1964	50.1964
114	50.1964	50.1964
115	50.1964	50.1964
116	50.1964	50.1964
117	50.1964	50.1964
118	50.1964	50.1964
119	50.1964	50.1964
120	50.1964	50.1964
121	50.1964	50.1964
122	50.0261	50.1959
123	50.0261	50.1402
124	49.8287	50.0256
125	49.5607	49.9703
126	49.328	49.6543
127	49.328	49.4798
128	49.328	49.328
129	49.328	49.328
130	49.07	49.3274
131	49.07	49.2383
132	49.07	49.07
133	49.07	49.07
134	49.07	49.07
135	49.07	49.07
136	49.07	49.07
137	49.07	49.07
138	49.07	49.07
139	49.07	49.07
140	49.07	49.07
141	49.07	49.07
142	49.07	49.07
143	49.07	49.07
144	49.07	49.07
145	49.07	49.07
146	49.07	49.07
147	49.07	49.07
148	49.07	49.07
149	49.07	49.07
150	49.07	49.07
151	49.07	49.07
152	49.07	49.07
153	49.07	49.07
154	49.07	49.07
155	49.07	49.07
156	49.07	49.07
157	49.07	49.07
158	49.07	49.07
159	49.07	49.07
160	49.07	49.07
161	49.07	49.07
162	49.07	49.07
163	49.07	49.07
164	49.07	49.07
165	49.07	49.07
166	49.07	49.07
167	49.07	49.07
168	49.07	49.07
169	49.07	49.07
170	49.07	49.07
171	49.07	49.07
172	49.07	49.07
173	49.07	49.07
174	49.07	49.07
175	49.07	49.07
176	49.07	49.07
177	49.07	49.07
178	49.07	49.07
179	49.07	49.07
180	49.07	49.07
181	49.07	49.07
182	49.07	49.07
183	49.07	49.07
184	49.07	49.07
185	49.07	49.07
186	49.07	49.07
187	49.07	49.07
188	49.07	49.07
189	49.07	49.07
190	49.07	49.07
191	49.07	49.07
192	49.07	49.07
193	49.07	49.07
194	49.07	49.07
195	49.07	49.07
196	49.07	49.07
197	49.07	49.07
198	49.07	49.07
199	49.07	49.07
200	49.07	49.07
201	49.07	49.07
202	49.07	49.07
203	49.07	49.07
204	49.07	49.07
205	49.07	49.07
206	49.07	49.07
207	49.07	49.07
208	49.07	49.07
209	49.07	49.07
210	49.07	49.07
211	49.07	49.07
212	49.07	49.07
213	49.07	49.07
214	49.07	49.07
215	49.07	49.07
216	49.07	49.07
217	49.07	49.07
218	49.07	49.07
219	49.07	49.07
220	49.07	49.07
221	49.07	49.07
222	49.07	49.07
223	49.07	49.07
224	49.07	49.07
225	49.07	49.07
226	49.07	49.07
227	49.07	49.07
228	49.07	49.07
229	49.07	49.07
230	49.07	49.07
231	49.07	49.07
232	49.07	49.07
233	49.07	49.07
234	49.07	49.07
235	49.07	49.07
236	49.07	49.07
237	49.07	49.07
238	49.07	49.07
239	49.07	49.07
240	49.07	49.07
241	49.07	49.07
242	49.07	49.07
243	49.07	49.07
244	49.07	49.07
245	49.07	49.07
246	49.07	49.07
247	49.07	49.07
248	49.07	49.07
249	49.07	49.07
250	49.07	49.07
251	49.07	49.07
252	49.07	49.07
253	49.07	49.07
254	49.07	49.07
255	49.07	49.07
256	49.07	49.07
257	49.07	49.07
258	49.07	49.07
259	49.07	49.07
260	49.07	49.07
261	49.07	49.07
262	49.07	49.07
263	49.07	49.07
264	49.07	49.07
265	49.07	49.07
266	49.07	49.07
267	49.07	49.07
268	49.07	49.07
269	49.07	49.07
270	49.07	49.07
271	49.07	49.07
272	49.07	49.07
273	49.07	49.07
274	49.07	49.07
275	49.07	49.07
276	49.07	49.07
277	49.07	49.07
278	49.07	49.07
279	49.07	49.07
280	49.07	49.07
281	49.07	49.07
282	49.07	49.07
283	49.07	49.07
284	49.07	49.07
285	49.07	49.07
286	49.07	49.07
287	49.07	49.07
288	49.07	49.07
289	49.07	49.07
290	49.07	49.07
291	49.07	49.07
292	49.07	49.07
293	49.07	49.07
294	49.07	49.07
295	49.07	49.07
296	49.07	49.07
297	49.07	49.07
298	49.07	49.07
299	49.07	49.07
300	49.07	49.07
301	49.07	49.07
302	49.07	49.07
303	49.07	49.07
304	49.07	49.07
305	49.07	49.07
306	49.07	49.07
307	49.07	49.07
308	49.07	49.07
309	49.07	49.07
310	49.07	49.07
311	49.07	49.07
312	49.07	49.07
313	49.07	49.07
314	49.07	49.07
315	49.07	49.07
316	49.07	49.07
317	49.07	49.07
318	49.07	49.07
319	49.07	49.07
320	49.07	49.07
321	49.07	49.07
322	49.07	49.07
323	49.07	49.07
324	49.07	49.07
325	49.07	49.07
326	49.07	49.07
327	49.07	49.07
328	49.07	49.07
329	49.07	49.07
330	49.07	49.07
331	49.07	49.07
332	49.07	49.07
333	49.07	49.07
334	49.07	49.07
335	49.07	49.07
336	49.07	49.07
337	49.07	49.07
338	49.07	49.07
339	49.07	49.07
340	49.07	49.07
341	49.07	49.07
342	49.07	49.07
343	49.07	49.07
344	49.07	49.07
345	49.07	49.07
346	49.07	49.07
347	49.07	49.07
348	49.07	49.07
349	49.07	49.07
350	49.07	49.07
351	49.07	49.07
352	49.07	49.07
353	49.07	49.07
354	49.07	49.07
355	49.07	49.07
356	49.07	49.07
357	49.07	49.07
358	49.07	49.07
359	49.07	49.07
360	49.07	49.07
361	49.07	49.07
362	49.07	49.07
363	49.07	49.07
364	49.07	49.07
365	49.07	49.07
366	49.07	49.07
367	49.07	49.07
368	49.07	49.07
369	49.07	49.07
370	49.07	49.07
371	49.07	49.07
372	49.07	49.07
373	49.07	49.07
374	49.07	49.07
375	49.07	49.07
376	49.07	49.07
377	49.07	49.07
378	49.07	49.07
379	49.07	49.07
380	49.07	49.07
381	49.07	49.07
382	49.07	49.07
383	49.07	49.07
384	49.07	49.07
385	49.07	49.07
386	49.07	49.07
387	49.07	49.07
388	48.7745	49.0693
389	48.7745	48.9747
390	48.7745	48.7745
391	48.7745	48.7745
392	48.7745	48.7745
393	48.7745	48.7745
394	48.7745	48.7745
395	48.7745	48.7745
396	48.7745	48.7745
397	48.7745	48.7745
398	48.7745	48.7745
399	48.7745	48.7745
400	48.7745	48.7745
401	48.7745	48.7745
402	48.7745	48.7745
403	48.7745	48.7745
404	48.7745	48.7745
405	48.7745	48.7745
406	48.7745	48.7745
407	48.7745	48.7745
408	48.7745	48.7745
409	48.7745	48.7745
410	48.7745	48.7745
411	48.7745	48.7745
412	48.7745	48.7745
413	48.7745	48.7745
414	48.7745	48.7745
415	48.7745	48.7745
416	48.7745	48.7745
417	48.7745	48.7745
418	48.7745	48.7745
419	48.7745	48.7745
420	48.7745	48.7745
421	48.7745	48.7745
422	48.7745	48.7745
423	48.7745	48.7745
424	48.7745	48.7745
425	48.7745	48.7745
426	48.7745	48.7745
427	48.7745	48.7745
428	48.7745	48.7745
429	48.7745	48.7745
430	48.7745	48.7745
431	48.7745	48.7745
432	48.7745	48.7745
433	48.7745	48.7745
434	48.7588	48.7745
435	48.1546	48.7503
436	48.1546	48.4227
437	48.1546	48.1546
438	48.1546	48.1546
439	48.1546	48.1546
440	48.1546	48.1546
441	48.1546	48.1546
442	48.1546	48.1546
443	48.1546	48.1546
444	48.1546	48.1546
445	48.1546	48.1546
446	48.1546	48.1546
447	48.1546	48.1546
448	48.1546	48.1546
449	48.1546	48.1546
450	48.1546	48.1546
451	48.1546	48.1546
452	48.1546	48.1546
453	48.1546	48.1546
454	48.1546	48.1546
455	48.1546	48.1546
456	48.1546	48.1546
457	48.1546	48.1546
458	48.1546	48.1546
459	48.1546	48.1546
460	48.1546	48.1546
461	48.1546	48.1546
462	47.6673	48.1522
463	47.6673	48.0218
464	47.6673	47.7134
465	47.6673	47.6673
466	46.9536	47.6655
467	46.9536	47.4335
468	46.8713	46.9532
469	46.8713	46.9211
470	46.8713	46.8713
471	46.8713	46.8713
472	46.8713	46.8713
473	46.8713	46.8713
474	46.8713	46.8713
475	46.8713	46.8713
476	46.8713	46.8713
477	46.8713	46.8713
478	46.8713	46.8713
479	46.8713	46.8713
480	46.8713	46.8713
481	46.8713	46.8713
482	46.8713	46.8713
483	46.8713	46.8713
484	46.8713	46.8713
485	46.8713	46.8713
486	46.8713	46.8713
487	46.8713	46.8713
488	46.8713	46.8713
489	46.8713	46.8713
490	46.8713	46.8713
491	46.8713	46.8713
492	46.8713	46.8713
493	46.8713	46.8713
494	46.8713	46.8713
495	46.8713	46.8713
496	46.8713	46.8713
497	46.8713	46.8713
498	46.8713	46.8713
499	46.8713	46.8713
500	46.8713	46.8713
501	46.8713	46.8713
502	46.8713	46.8713
503	46.8713	46.8713
504	46.8713	46.8713
505	46.8713	46.8713
506	46.8713	46.8713
507	46.8713	46.8713
508	46.8713	46.8713
509	46.8713	46.8713
510	46.8713	46.8713
511	46.8713	46.8713
512	46.8713	46.8713
513	46.8713	46.8713
514	46.8713	46.8713
515	46.8713	46.8713
516	46.8713	46.8713
517	46.8713	46.8713
518	46.8713	46.8713
519	46.8713	46.8713
520	46.8713	46.8713
521	46.8713	46.8713
522	46.8713	46.8713
523	46.8713	46.8713
524	46.8713	46.8713
525	46.8713	46.8713
526	46.8713	46.8713
527	46.8713	46.8713
528	46.8713	46.8713
529	46.8713	46.8713
530	46.8713	46.8713
531	46.8713	46.8713
532	46.8713	46.8713
533	46.8713	46.8713
534	46.8713	46.8713
535	46.8713	46.8713
536	46.8713	46.8713
537	46.8713	46.8713
538	46.8713	46.8713
539	46.8713	46.8713
540	46.8713	46.8713
541	46.8713	46.8713
542	46.8713	46.8713
543	46.8713	46.8713
544	46.8713	46.8713
545	46.8713	46.8713
546	46.8713	46.8713
547	46.8713	46.8713
548	46.8713	46.8713
549	46.8713	46.8713
550	46.8713	46.8713
551	46.8713	46.8713
552	46.8713	46.8713
553	46.8713	46.8713
554	46.8713	46.8713
555	46.8713	46.8713
556	46.8713	46.8713
557	46.8713	46.8713
558	46.8713	46.8713
559	46.8713	46.8713
560	46.8713	46.8713
561	46.8713	46.8713
562	46.8713	46.8713
563	46.8713	46.8713
564	46.8713	46.8713
565	46.8713	46.8713
566	46.8713	46.8713
567	46.8713	46.8713
568	46.8713	46.8713
569	46.8713	46.8713
570	46.8713	46.8713
571	46.8713	46.8713
572	46.8713	46.8713
573	46.8713	46.8713
574	46.8713	46.8713
575	46.8713	46.8713
576	46.8713	46.8713
577	46.8713	46.8713
578	46.8713	46.8713
579	46.8713	46.8713
580	46.8713	46.8713
581	46.8713	46.8713
582	46.8713	46.8713
583	46.8713	46.8713
584	46.8713	46.8713
585	46.8713	46.8713
586	46.8713	46.8713
587	46.8713	46.8713
588	46.8713	46.8713
589	46.8713	46.8713
590	46.8713	46.8713
591	46.8713	46.8713
592	46.8713	46.8713
593	46.8713	46.8713
594	46.8713	46.8713
595	46.8713	46.8713
596	46.8713	46.8713
597	46.8713	46.8713
598	46.8713	46.8713
599	46.8713	46.8713
600	46.8713	46.8713
601	46.8713	46.8713
602	46.8713	46.8713
603	46.8713	46.8713
604	46.8713	46.8713
605	46.8713	46.8713
606	46.8713	46.8713
607	46.8713	46.8713
608	46.8713	46.8713
609	46.8713	46.8713
610	46.8713	46.8713
611	46.8713	46.8713
612	46.8713	46.8713
613	46.8713	46.8713
614	46.8713	46.8713
615	46.8713	46.8713
616	46.8713	46.8713
617	46.8713	46.8713
618	46.8713	46.8713
619	46.8713	46.8713
620	46.8713	46.8713
621	46.8713	46.8713
622	46.8713	46.8713
623	46.8713	46.8713
624	46.8713	46.8713
625	46.8713	46.8713
626	46.8713	46.8713
627	46.8713	46.8713
628	46.8713	46.8713
629	46.8713	46.8713
630	46.8713	46.8713
631	46.8713	46.8713
632	46.8713	46.8713
633	46.8713	46.8713
634	46.8713	46.8713
635	46.8713	46.8713
636	46.8713	46.8713
637	46.8713	46.8713
638	46.8713	46.8713
639	46.8713	46.8713
640	46.8713	46.8713
641	46.8713	46.8713
642	46.8713	46.8713
643	46.8713	46.8713
644	46.8713	46.8713
645	46.8713	46.8713
646	46.8713	46.8713
647	46.8713	46.8713
648	46.8713	46.8713
649	46.8713	46.8713
650	46.8713	46.8713
651	46.8713	46.8713
652	46.8713	46.8713
653	46.8713	46.8713
654	46.8713	46.8713
655	46.8713	46.8713
656	46.8713	46.8713
657	46.8713	46.8713
658	46.8713	46.8713
659	46.8713	46.8713
660	46.8713	46.8713
661	46.8713	46.8713
662	46.8713	46.8713
663	46.8713	46.8713
664	46.8713	46.8713
665	46.8713	46.8713
666	46.8713	46.8713
667	46.8713	46.8713
668	46.8713	46.8713
669	46.8713	46.8713
670	46.8713	46.8713
671	46.8713	46.8713
672	46.8713	46.8713
673	46.8713	46.8713
674	46.8713	46.8713
675	46.8713	46.8713
676	46.8713	46.8713
677	46.8713	46.8713
678	46.8713	46.8713
679	46.8713	46.8713
680	46.8713	46.8713
681	46.8713	46.8713
682	46.8713	46.8713
683	46.8713	46.8713
684	46.8713	46.8713
685	46.8713	46.8713
686	46.8713	46.8713
687	46.8713	46.8713
688	46.8713	46.8713
689	46.8713	46.8713
690	46.8713	46.8713
691	46.8713	46.8713
692	46.8713	46.8713
693	46.8713	46.8713
694	46.8713	46.8713
695	46.8713	46.8713
696	46.8713	46.8713
697	46.8713	46.8713
698	46.8713	46.8713
699	46.8713	46.8713
700	46.8713	46.8713
701	46.8713	46.8713
702	46.8713	46.8713
703	46.8713	46.8713
704	46.8713	46.8713
705	46.8713	46.8713
706	46.8713	46.8713
707	46.8713	46.8713
708	46.8713	46.8713
709	46.8713	46.8713
710	46.8713	46.8713
711	46.8713	46.8713
712	46.8713	46.8713
713	46.8713	46.8713
714	46.8713	46.8713
715	46.8713	46.8713
716	46.8713	46.8713
717	46.8713	46.8713
718	46.8713	46.8713
719	46.8713	46.8713
720	46.8713	46.8713
721	46.8713	46.8713
722	46.8713	46.8713
723	46.8713	46.8713
724	46.8713	46.8713
725	46.8713	46.8713
726	46.8713	46.8713
727	46.8713	46.8713
728	46.8713	46.8713
729	46.8713	46.8713
730	46.8713	46.8713
731	46.8713	46.8713
732	46.8713	46.8713
733	46.8713	46.8713
734	46.8713	46.8713
735	46.8713	46.8713
736	46.8713	46.8713
737	46.8713	46.8713
738	46.8713	46.8713
739	46.8713	46.8713
740	46.8713	46.8713
741	46.8713	46.8713
742	46.8713	46.8713
743	46.8713	46.8713
744	46.8713	46.8713
745	46.8713	46.8713
746	46.8713	46.8713
747	46.8713	46.8713
748	46.8713	46.8713
749	46.8713	46.8713
750	46.8713	46.8713
751	46.8713	46.8713
752	46.8713	46.8713
753	46.8713	46.8713
754	46.8713	46.8713
755	46.8713	46.8713
756	46.8713	46.8713
757	46.8713	46.8713
758	46.8713	46.8713
759	46.8713	46.8713
760	46.8713	46.8713
761	46.8713	46.8713
762	46.8713	46.8713
763	46.8713	46.8713
764	46.8713	46.8713
765	46.8713	46.8713
766	46.8713	46.8713
767	46.8713	46.8713
768	46.8713	46.8713
769	46.8713	46.8713
770	46.8713	46.8713
771	46.8713	46.8713
772	46.8713	46.8713
773	46.8713	46.8713
774	46.8713	46.8713
775	46.8713	46.8713
776	46.8713	46.8713
777	46.8713	46.8713
778	46.8713	46.8713
779	46.8713	46.8713
780	46.8713	46.8713
781	46.8713	46.8713
782	46.8713	46.8713
783	46.8713	46.8713
784	46.8713	46.8713
785	46.8713	46.8713
786	46.8713	46.8713
787	46.8713	46.8713
788	46.8713	46.8713
789	46.8713	46.8713
790	46.8713	46.8713
791	46.8713	46.8713
792	46.8713	46.8713
793	46.8713	46.8713
794	46.8713	46.8713
795	46.8713	46.8713
796	46.8713	46.8713
797	46.8713	46.8713
798	46.8713	46.8713
799	46.8713	46.8713
800	46.8713	46.8713
801	46.8713	46.8713
802	46.8713	46.8713
803	46.8713	46.8713
804	46.8713	46.8713
805	46.8713	46.8713
806	46.8713	46.8713
807	46.8713	46.8713
808	46.8713	46.8713
809	46.8713	46.8713
810	46.8713	46.8713
811	46.8713	46.8713
812	46.8713	46.8713
813	46.8713	46.8713
814	46.8713	46.8713
815	46.8713	46.8713
816	46.8713	46.8713
817	46.8713	46.8713
818	46.8713	46.8713
819	46.8713	46.8713
820	46.8713	46.8713
821	46.8713	46.8713
822	46.8713	46.8713
823	46.8713	46.8713
824	46.8713	46.8713
825	46.8713	46.8713
826	46.8713	46.8713
827	46.8713	46.8713
828	46.8713	46.8713
829	46.8713	46.8713
830	46.8713	46.8713
831	46.8713	46.8713
832	46.8713	46.8713
833	46.8713	46.8713
834	46.8713	46.8713
835	46.8713	46.8713
836	46.8713	46.8713
837	46.8713	46.8713
838	46.8713	46.8713
839	46.8713	46.8713
840	46.8713	46.8713
841	46.8713	46.8713
842	46.8713	46.8713
843	46.8713	46.8713
844	46.8713	46.8713
845	46.8713	46.8713
846	46.8713	46.8713
847	46.8713	46.8713
848	46.8713	46.8713
849	46.8713	46.8713
850	46.8713	46.8713
851	46.8713	46.8713
852	46.8713	46.8713
853	46.8713	46.8713
854	46.8713	46.8713
855	46.8713	46.8713
856	46.8713	46.8713
857	46.8713	46.8713
858	46.8713	46.8713
859	46.8713	46.8713
860	46.8713	46.8713
861	46.8713	46.8713
862	46.8713	46.8713
863	46.8713	46.8713
864	46.8713	46.8713
865	46.8713	46.8713
866	46.8713	46.8713
867	46.8713	46.8713
868	46.8713	46.8713
869	46.8713	46.8713
870	46.8713	46.8713
871	46.8713	46.8713
872	46.8713	46.8713
873	46.8713	46.8713
874	46.8713	46.8713
875	46.8713	46.8713
876	46.8713	46.8713
877	46.8713	46.8713
878	46.8713	46.8713
879	46.8713	46.8713
880	46.8713	46.8713
881	46.8713	46.8713
882	46.8713	46.8713
883	46.8713	46.8713
884	46.8713	46.8713
885	46.8713	46.8713
886	46.8713	46.8713
887	46.8713	46.8713
888	46.8713	46.8713
889	46.8713	46.8713
890	46.8713	46.8713
891	46.8713	46.8713
892	46.8713	46.8713
893	46.8713	46.8713
894	46.8713	46.8713
895	46.8713	46.8713
896	46.8713	46.8713
897	46.8713	46.8713
898	46.8713	46.8713
899	46.8713	46.8713
900	46.8713	46.8713
901	46.8713	46.8713
902	46.8713	46.8713
903	46.8713	46.8713
904	46.8713	46.8713
905	46.8713	46.8713
906	46.8713	46.8713
907	46.8713	46.8713
908	46.8713	46.8713
909	46.8713	46.8713
910	46.8713	46.8713
911	46.8713	46.8713
912	46.8713	46.8713
913	46.8713	46.8713
914	46.8713	46.8713
915	46.8713	46.8713
916	46.8713	46.8713
917	46.8713	46.8713
918	46.8713	46.8713
919	46.8713	46.8713
920	46.8713	46.8713
921	46.8713	46.8713
922	46.8713	46.8713
923	46.8713	46.8713
924	46.8713	46.8713
925	46.8713	46.8713
926	46.8713	46.8713
927	46.8713	46.8713
928	46.8713	46.8713
929	46.8713	46.8713
930	46.8713	46.8713
931	46.8713	46.8713
932	46.8713	46.8713
933	46.8713	46.8713
934	46.8713	46.8713
935	46.8713	46.8713
936	46.8713	46.8713
937	46.8713	46.8713
938	46.8713	46.8713
939	46.8713	46.8713
940	46.8713	46.8713
941	46.8713	46.8713
942	46.8713	46.8713
943	46.8713	46.8713
944	46.8713	46.8713
945	46.8713	46.8713
946	46.8713	46.8713
947	46.8713	46.8713
948	46.8713	46.8713
949	46.8713	46.8713
950	46.8713	46.8713
951	46.8713	46.8713
952	46.8713	46.8713
953	46.8713	46.8713
954	46.8713	46.8713
955	46.8713	46.8713
956	46.8713	46.8713
957	46.8713	46.8713
958	46.8713	46.8713
959	46.8713	46.8713
960	46.8713	46.8713
961	46.8713	46.8713
962	46.8713	46.8713
963	46.8713	46.8713
964	46.8713	46.8713
965	46.8713	46.8713
966	46.8713	46.8713
967	46.8713	46.8713
968	46.8713	46.8713
969	46.8713	46.8713
970	46.8713	46.8713
971	46.8713	46.8713
972	46.8713	46.8713
973	46.8713	46.8713
974	46.8713	46.8713
975	46.8713	46.8713
976	46.8713	46.8713
977	46.8713	46.8713
978	46.8713	46.8713
979	46.8713	46.8713
980	46.8713	46.8713
981	46.8713	46.8713
982	46.8713	46.8713
983	46.8713	46.8713
984	46.8713	46.8713
985	46.8713	46.8713
986	46.8713	46.8713
987	46.8713	46.8713
988	46.8713	46.8713
989	46.8713	46.8713
990	46.8713	46.8713
991	46.8713	46.8713
992	46.8713	46.8713
993	46.8713	46.8713
994	46.8713	46.8713
995	46.8713	46.8713
996	46.8713	46.8713
997	46.8713	46.8713
998	46.8713	46.8713
999	46.8713	46.8713
1000	46.8713	46.8713
1001	46.8713	46.8713
1002	46.8713	46.8713
1003	46.8713	46.8713
1004	46.8713	46.8713
1005	46.8713	46.8713
1006	46.8713	46.8713
1007	46.8713	46.8713
1008	46.8713	46.8713
1009	46.8713	46.8713
1010	46.8713	46.8713
1011	46.8713	46.8713
1012	46.8713	46.8713
1013	46.8713	46.8713
1014	46.8713	46.8713
1015	46.8713	46.8713
1016	46.8713	46.8713
1017	46.8713	46.8713
1018	46.8713	46.8713
1019	46.8713	46.8713
1020	46.8713	46.8713
1021	46.8713	46.8713
1022	46.8713	46.8713
1023	46.8713	46.8713
1024	46.8713	46.8713
1025	46.8713	46.8713
1026	46.8713	46.8713
1027	46.8713	46.8713
1028	46.8713	46.8713
1029	46.8713	46.8713
1030	46.8713	46.8713
1031	46.8713	46.8713
1032	46.8713	46.8713
1033	46.8713	46.8713
1034	46.8713	46.8713
1035	46.8713	46.8713
1036	46.8713	46.8713
1037	46.8713	46.8713
1038	46.8713	46.8713
1039	46.8713	46.8713
1040	46.8713	46.8713
1041	46.8713	46.8713
1042	46.8713	46.8713
1043	46.8713	46.8713
1044	46.8713	46.8713
1045	46.8713	46.8713
1046	46.8713	46.8713
1047	46.8713	46.8713
1048	46.8713	46.8713
1049	46.8713	46.8713
1050	46.8713	46.8713
1051	46.8713	46.8713
1052	46.8713	46.8713
1053	46.8713	46.8713
1054	46.8713	46.8713
1055	46.8713	46.8713
1056	46.8713	46.8713
1057	46.8713	46.8713
1058	46.8713	46.8713
1059	46.8713	46.8713
1060	46.8713	46.8713
1061	46.8713	46.8713
1062	46.8713	46.8713
1063	46.8713	46.8713
1064	46.8713	46.8713
1065	46.8713	46.8713
1066	46.8713	46.8713
1067	46.8713	46.8713
1068	46.8713	46.8713
1069	46.8713	46.8713
1070	46.8713	46.8713
1071	46.8713	46.8713
1072	46.8713	46.8713
1073	46.8713	46.8713
1074	46.8713	46.8713
1075	46.8713	46.8713
1076	46.8713	46.8713
1077	46.8713	46.8713
1078	46.8713	46.8713
1079	46.8713	46.8713
1080	46.8713	46.8713
1081	46.8713	46.8713
1082	46.8713	46.8713
1083	46.8713	46.8713
1084	46.8713	46.8713
1085	46.8713	46.8713
1086	46.8713	46.8713
1087	46.8713	46.8713
1088	46.8713	46.8713
1089	46.8713	46.8713
1090	46.8713	46.8713
1091	46.8713	46.8713
1092	46.8713	46.8713
1093	46.8713	46.8713
1094	46.8713	46.8713
1095	46.8713	46.8713
1096	46.8713	46.8713
1097	46.8713	46.8713
1098	46.8713	46.8713
1099	46.8713	46.8713
1100	46.8713	46.8713
1101	46.8713	46.8713
1102	46.8713	46.8713
1103	46.8713	46.8713
1104	46.8713	46.8713
1105	46.8713	46.8713
1106	46.8713	46.8713
1107	46.8713	46.8713
1108	46.8713	46.8713
1109	46.8713	46.8713
1110	46.8713	46.8713
1111	46.8713	46.8713
1112	46.8713	46.8713
1113	46.8713	46.8713
1114	46.8713	46.8713
1115	46.8713	46.8713
1116	46.8713	46.8713
1117	46.8713	46.8713
1118	46.8713	46.8713
1119	46.8713	46.8713
1120	46.8713	46.8713
1121	46.8713	46.8713
1122	46.8713	46.8713
1123	46.8713	46.8713
1124	46.8713	46.8713
1125	46.8713	46.8713
1126	46.8713	46.8713
1127	46.8713	46.8713
1128	46.8713	46.8713
1129	46.8713	46.8713
1130	46.8713	46.8713
1131	46.8713	46.8713
1132	46.8713	46.8713
1133	46.8713	46.8713
1134	46.8713	46.8713
1135	46.8713	46.8713
1136	46.8713	46.8713
1137	46.8713	46.8713
1138	46.8713	46.8713
1139	46.8713	46.8713
1140	46.8713	46.8713
1141	46.8713	46.8713
1142	46.8713	46.8713
1143	46.8713	46.8713
1144	46.8713	46.8713
1145	46.8713	46.8713
1146	46.8713	46.8713
1147	46.8713	46.8713
1148	46.8713	46.8713
1149	46.8713	46.8713
1150	46.8713	46.8713
1151	46.8713	46.8713
1152	46.8713	46.8713
1153	46.8713	46.8713
1154	46.8713	46.8713
1155	46.8713	46.8713
1156	46.8713	46.8713
1157	46.8713	46.8713
1158	46.8713	46.8713
1159	46.8713	46.8713
1160	46.8713	46.8713
1161	46.8713	46.8713
1162	46.8713	46.8713
1163	46.8713	46.8713
1164	46.8713	46.8713
1165	46.8713	46.8713
1166	46.8713	46.8713
1167	46.8713	46.8713
1168	46.8713	46.8713
1169	46.8713	46.8713
1170	46.8713	46.8713
1171	46.8713	46.8713
1172	46.8713	46.8713
1173	46.8713	46.8713
1174	46.8713	46.8713
1175	46.8713	46.8713
1176	46.8713	46.8713
1177	46.8713	46.8713
1178	46.8713	46.8713
1179	46.8713	46.8713
1180	46.8713	46.8713
1181	46.8713	46.8713
1182	46.8713	46.8713
1183	46.8713	46.8713
1184	46.8713	46.8713
1185	46.8713	46.8713
1186	46.8713	46.8713
1187	46.8713	46.8713
1188	46.8713	46.8713
1189	46.8713	46.8713
1190	46.8713	46.8713
1191	46.8713	46.8713
1192	46.8713	46.8713
1193	46.8713	46.8713
1194	46.8713	46.8713
1195	46.8713	46.8713
1196	46.8713	46.8713
1197	46.8713	46.8713
1198	46.8713	46.8713
1199	46.8713	46.8713
1200	46.8713	46.8713
1201	46.8713	46.8713
1202	46.8713	46.8713
1203	46.8713	46.8713
1204	46.8713	46.8713
1205	46.8713	46.8713
1206	46.8713	46.8713
1207	46.8713	46.8713
1208	46.8713	46.8713
1209	46.8713	46.8713
1210	46.8713	46.8713
1211	46.8713	46.8713
1212	46.8713	46.8713
1213	46.8713	46.8713
1214	46.8713	46.8713
1215	46.8713	46.8713
1216	46.8713	46.8713
1217	46.8713	46.8713
1218	46.8713	46.8713
1219	46.8713	46.8713
1220	46.8713	46.8713
1221	46.8713	46.8713
1222	46.8713	46.8713
1223	46.8713	46.8713
1224	46.8713	46.8713
1225	46.8713	46.8713
1226	46.8713	46.8713
1227	46.8713	46.8713
1228	46.8713	46.8713
1229	46.8713	46.8713
1230	46.8713	46.8713
1231	46.8713	46.8713
1232	46.8713	46.8713
1233	46.8713	46.8713
1234	46.8713	46.8713
1235	46.8713	46.8713
1236	46.8713	46.8713
1237	46.8713	46.8713
1238	46.8713	46.8713
1239	46.8713	46.8713
1240	46.8713	46.8713
1241	46.8713	46.8713
1242	46.8713	46.8713
1243	46.8713	46.8713
1244	46.8713	46.8713
1245	46.8713	46.8713
1246	46.8713	46.8713
1247	46.8713	46.8713
1248	46.8713	46.8713
1249	46.8713	46.8713
1250	46.8713	46.8713
1251	46.8713	46.8713
1252	46.8713	46.8713
1253	46.8713	46.8713
1254	46.8713	46.8713
1255	46.8713	46.8713
1256	46.8713	46.8713
1257	46.8713	46.8713
1258	46.8713	46.8713
1259	46.8713	46.8713
1260	46.8713	46.8713
1261	46.8713	46.8713
1262	46.8713	46.8713
1263	46.8713	46.8713
1264	46.8713	46.8713
1265	46.8713	46.8713
1266	46.8713	46.8713
1267	46.8713	46.8713
1268	46.8713	46.8713
1269	46.8713	46.8713
1270	46.8713	46.8713
1271	46.8713	46.8713
1272	46.8713	46.8713
1273	46.8713	46.8713
1274	46.8713	46.8713
1275	46.8713	46.8713
1276	46.8713	46.8713
1277	46.8713	46.8713
1278	46.8713	46.8713
1279	46.8713	46.8713
1280	46.8713	46.8713
1281	46.8713	46.8713
1282	46.8713	46.8713
1283	46.8713	46.8713
1284	46.8713	46.8713
1285	46.8713	46.8713
1286	46.8713	46.8713
1287	46.8713	46.8713
1288	46.8713	46.8713
1289	46.8713	46.8713
1290	46.8713	46.8713
1291	46.8713	46.8713
1292	46.8713	46.8713
1293	46.8713	46.8713
1294	46.8713	46.8713
1295	46.8713	46.8713
1296	46.8713	46.8713
1297	46.8713	46.8713
1298	46.8713	46.8713
1299	46.8713	46.8713
1300	46.8713	46.8713
1301	46.8713	46.8713
1302	46.8713	46.8713
1303	46.8713	46.8713
1304	46.8713	46.8713
1305	46.8713	46.8713
1306	46.8713	46.8713
1307	46.8713	46.8713
1308	46.8713	46.8713
1309	46.8713	46.8713
1310	46.8713	46.8713
1311	46.8713	46.8713
1312	46.8713	46.8713
1313	46.8713	46.8713
1314	46.8713	46.8713
1315	46.8713	46.8713
1316	46.8713	46.8713
1317	46.8713	46.8713
1318	46.8713	46.8713
1319	46.8713	46.8713
1320	46.8713	46.8713
1321	46.8713	46.8713
1322	46.8713	46.8713
1323	46.8713	46.8713
1324	46.8713	46.8713
1325	46.8713	46.8713
1326	46.8713	46.8713
1327	46.8713	46.8713
1328	46.8713	46.8713
1329	46.8713	46.8713
1330	46.8713	46.8713
1331	46.8713	46.8713
1332	46.8713	46.8713
1333	46.8713	46.8713
1334	46.8713	46.8713
1335	46.8713	46.8713
1336	46.8713	46.8713
1337	46.8713	46.8713
1338	46.8713	46.8713
1339	46.8713	46.8713
1340	46.8713	46.8713
1341	46.8713	46.8713
1342	46.8713	46.8713
1343	46.8713	46.8713
1344	46.8713	46.8713
1345	46.8713	46.8713
1346	46.8713	46.8713
1347	46.8713	46.8713
1348	46.8713	46.8713
1349	46.8713	46.8713
1350	46.8713	46.8713
1351	46.8713	46.8713
1352	46.8713	46.8713
1353	46.8713	46.8713
1354	46.8713	46.8713
1355	46.8713	46.8713
1356	46.8713	46.8713
1357	46.8713	46.8713
1358	46.8713	46.8713
1359	46.8713	46.8713
1360	46.8713	46.8713
1361	46.8713	46.8713
1362	46.8713	46.8713
1363	46.8713	46.8713
1364	46.8713	46.8713
1365	46.8713	46.8713
1366	46.8713	46.8713
1367	46.8713	46.8713
1368	46.8713	46.8713
1369	46.8713	46.8713
1370	46.8713	46.8713
1371	46.8713	46.8713
1372	46.8713	46.8713
1373	46.8713	46.8713
1374	46.8713	46.8713
1375	46.8713	46.8713
1376	46.8713	46.8713
1377	46.8713	46.8713
1378	46.8713	46.8713
1379	46.8713	46.8713
1380	46.8713	46.8713
1381	46.8713	46.8713
1382	46.8713	46.8713
1383	46.8713	46.8713
1384	46.8713	46.8713
1385	46.8713	46.8713
1386	46.8713	46.8713
1387	46.8713	46.8713
1388	46.8713	46.8713
1389	46.8713	46.8713
1390	46.8713	46.8713
1391	46.8713	46.8713
1392	46.8713	46.8713
1393	46.8713	46.8713
1394	46.8713	46.8713
1395	46.8713	46.8713
1396	46.8713	46.8713
1397	46.8713	46.8713
1398	46.8713	46.8713
1399	46.8713	46.8713
1400	46.8713	46.8713
1401	46.8713	46.8713
1402	46.8713	46.8713
1403	46.8713	46.8713
1404	46.8713	46.8713
1405	46.8713	46.8713
1406	46.8713	46.8713
1407	46.8713	46.8713
1408	46.8713	46.8713
1409	46.8713	46.8713
1410	46.8713	46.8713
1411	46.8713	46.8713
1412	46.8713	46.8713
1413	46.8713	46.8713
1414	46.8713	46.8713
1415	46.8713	46.8713
1416	46.8713	46.8713
1417	46.8713	46.8713
1418	46.8713	46.8713
1419	46.8713	46.8713
1420	46.8713	46.8713
1421	46.8713	46.8713
1422	46.8713	46.8713
1423	46.8713	46.8713
1424	46.8713	46.8713
1425	46.8713	46.8713
1426	46.8713	46.8713
1427	46.8713	46.8713
1428	46.8713	46.8713
1429	46.8713	46.8713
1430	46.8713	46.8713
1431	46.8713	46.8713
1432	46.8713	46.8713
1433	46.8713	46.8713
1434	46.8713	46.8713
1435	46.8713	46.8713
1436	46.8713	46.8713
1437	46.8713	46.8713
1438	46.8713	46.8713
1439	46.8713	46.8713
1440	46.8713	46.8713
1441	46.8713	46.8713
1442	46.8713	46.8713
1443	46.8713	46.8713
1444	46.8713	46.8713
1445	46.8713	46.8713
1446	46.8713	46.8713
1447	46.8713	46.8713
1448	46.8713	46.8713
1449	46.8713	46.8713
1450	46.8713	46.8713
1451	46.8713	46.8713
1452	46.8713	46.8713
1453	46.8713	46.8713
1454	46.8713	46.8713
1455	46.8713	46.8713
1456	46.8713	46.8713
1457	46.8713	46.8713
1458	46.8713	46.8713
1459	46.8713	46.8713
1460	46.8713	46.8713
1461	46.8713	46.8713
1462	46.8713	46.8713
1463	46.8713	46.8713
1464	46.8713	46.8713
1465	46.8713	46.8713
1466	46.8713	46.8713
1467	46.8713	46.8713
1468	46.8713	46.8713
1469	46.8713	46.8713
1470	46.8713	46.8713
1471	46.8713	46.8713
1472	46.8713	46.8713
1473	46.8713	46.8713
1474	46.8713	46.8713
1475	46.8713	46.8713
1476	46.8713	46.8713
1477	46.8713	46.8713
1478	46.8713	46.8713
1479	46.8713	46.8713
1480	46.8713	46.8713
1481	46.8713	46.8713
1482	46.8713	46.8713
1483	46.8713	46.8713
1484	46.8713	46.8713
1485	46.8713	46.8713
1486	46.8713	46.8713
1487	46.8713	46.8713
1488	46.8713	46.8713
1489	46.8713	46.8713
1490	46.8713	46.8713
1491	46.8713	46.8713
1492	46.8713	46.8713
1493	46.8713	46.8713
1494	46.8713	46.8713
1495	46.8713	46.8713
1496	46.8713	46.8713
1497	46.8713	46.8713
1498	46.8713	46.8713
1499	46.8713	46.8713
1500	46.8713	46.8713
