1.11534
1.22894
1.17444
0.772737
1.38461
1.25003
1.39571
1.04455
1.15316
1.46331
1.36549
1.06514
1.37918
1.32143
1.20279
1.52813
0.992544
1.2255
1.39179
1.62186
1.08755
1.21475
1.78106
1.45281
0.769505
0.49545
0.541788
0.187861
-0.25673
0.113702
0.123205
0.252648
0.355302
0.450222
0.368674
0.883073
1.25612
0.745419
0.787771
0.797447
0.17795
0.36722
0.724994
0.588648
1.13193
0.634096
0.860438
0.732517
0.623722
0.624426
0.483704
1.134
1.0946
1.37688
1.69963
2.24118
1.62842
1.27066
1.05499
1.13165
1.21902
1.22883
0.689404
0.403168
0.721349
0.901583
0.686697
0.624863
0.466564
0.87801
0.800801
0.829656
0.892876
0.716258
1.24928
1.32555
1.42524
1.13976
0.915234
1.33266
0.812621
1.06097
1.23859
1.09074
0.945829
0.939965
0.999036
1.21035
1.36737
1.10533
1.43421
1.38207
1.2964
1.39259
1.44648
1.7033
1.45673
1.84011
1.57527
2.11208
1.93414
1.60283
1.43623
1.62242
1.34029
1.49668
1.58662
1.72245
1.51874
1.44839
1.36667
1.44861
1.09492
1.14087
0.490472
0.497234
0.833799
1.22203
1.13255
1.23276
1.50907
1.35211
0.856591
0.76158
0.658945
0.730285
0.633984
0.788193
1.10074
0.900089
0.609324
0.735059
0.720476
1.05479
0.846022
1.03615
1.31094
1.423
1.27774
1.22209
1.12129
0.935921
1.52297
1.0831
1.0722
1.1025
1.27628
1.61444
1.27792
1.38636
1.17681
0.858585
1.15206
1.49268
1.29136
1.08767
1.24547
1.15274
0.979712
0.974297
1.12945
0.663464
0.693274
0.381364
0.275477
0.722569
0.916359
0.89209
1.03046
1.06273
1.11648
1.24439
1.0037
0.872438
1.0995
0.977058
1.01301
1.07134
0.856238
1.29481
1.04277
0.716282
1.13943
1.16842
1.02662
0.946102
0.615306
0.509986
0.507018
0.526534
0.900684
1.14917
1.07251
1.23419
1.39655
0.982947
0.883118
1.02902
0.864541
0.703689
0.790954
0.740515
0.719249
0.931321
0.829348
1.34366
1.24849
1.33936
1.44571
1.23603
1.05349
1.07102
1.35913
1.34326
1.37157
1.12078
1.19907
1.52969
1.29691
1.05235
1.48852
1.62619
1.41206
1.33909
1.18441
1.17754
1.02144
0.886786
0.90653
0.965659
1.5715
1.72521
1.25625
1.0737
0.870937
0.780759
0.544546
0.558931
0.544545
0.577289
0.68956
1.12772
1.13477
1.00318
1.14689
1.09561
0.906666
0.823256
0.895199
0.688021
1.22261
1.19209
1.32488
1.72892
1.67218
1.29489
1.10924
1.17801
1.01683
1.32276
1.31892
0.89185
0.997146
0.924201
1.1662
1.36946
1.10367
0.824482
0.606
0.710914
0.904597
0.954567
0.867524
0.901961
0.452327
0.880904
0.533609
0.699281
1.25452
1.33881
1.45772
1.45812
1.21625
1.48004
1.29531
1.31287
1.24222
0.899485
0.497461
0.33006
0.46333
0.422695
0.722383
0.328578
0.571306
0.431498
0.16228
0.595686
0.595434
0.718995
0.601349
0.861262
0.644681
0.312168
0.424856
0.91693
1.32271
1.3756
0.67095
1.0554
1.32743
1.32673
1.36657
1.08991
1.20134
0.844779
0.754625
0.998646
1.36249
1.63116
1.8695
1.56468
1.574
1.5311
1.77877
1.71933
1.60039
1.39433
1.74121
1.83777
1.6798
1.27398
1.22914
1.32949
1.1874
1.13284
0.885551
0.732149
1.14575
1.31178
1.36609
1.58326
1.30475
1.14224
1.22139
1.294
1.74972
1.82361
1.66289
1.50323
1.63965
1.59148
1.34603
1.59651
1.6007
1.59984
0.974713
1.36369
1.35613
0.971327
1.3395
1.62515
1.86873
1.50248
1.12832
1.58685
1.74463
1.82996
1.84602
1.88798
1.64374
1.07289
1.41084
1.20502
0.998615
1.36279
1.24092
1.31675
1.65714
1.59982
1.71221
1.45826
1.24233
1.42765
1.73323
1.22601
1.55168
1.70114
1.39777
1.39924
0.849954
1.30794
1.45955
1.85352
1.69079
1.66931
0.99371
1.37963
1.5117
1.60767
1.9311
1.64949
1.51285
1.60575
1.74502
1.75707
1.68383
1.4939
1.57469
1.89534
1.63372
1.9853
2.37454
2.40617
2.51472
2.49591
2.08644
1.81515
1.95002
2.54097
2.48144
2.37015
2.28039
1.60419
2.08449
2.34479
1.91278
1.97851
1.93483
1.49934
1.53836
1.67239
1.39788
1.27928
1.38422
1.35665
1.28758
1.78049
1.73223
1.68045
1.85093
2.00714
1.74031
1.46405
1.40613
1.47769
1.76018
1.6115
1.65629
1.91878
1.70023
1.98863
1.3871
1.67906
1.8002
2.06937
1.94902
1.58937
1.88539
1.80814
2.09861
2.52051
2.13976
2.10394
2.02934
1.94535
1.71021
1.98575
2.44226
2.18803
1.62618
1.3556
1.63744
1.49784
1.11891
1.33193
1.21743
1.34383
1.48159
1.71977
1.72006
1.54959
1.6829
1.95628
2.56261
2.32021
2.26901
2.5094
2.14954
2.71536
2.02309
2.17118
2.11201
2.14398
1.73954
1.70415
1.51247
1.46693
1.50263
1.34335
1.15635
0.916969
1.03131
1.07807
1.10816
1.34776
1.17187
0.773356
0.882828
1.10442
0.995173
0.932298
0.76209
0.489557
1.4392
1.4915
1.65094
0.988135
0.758574
0.762159
1.03014
1.06307
1.40979
1.57264
1.47983
2.22997
1.90867
1.87101
2.61694
2.36693
1.98098
1.95388
2.17354
2.39057
1.94525
1.54357
1.40386
0.796838
0.969633
1.20264
1.25825
1.85057
1.52794
1.31946
1.96555
1.47377
1.48166
1.5755
1.34962
0.885513
1.33815
1.3993
1.28347
1.13632
1.86468
1.87347
2.3869
2.08501
1.82621
2.11768
1.48535
1.37923
1.41282
1.06066
0.911918
1.13753
1.41435
1.43926
1.38593
1.38823
1.2952
1.65972
1.83105
1.75202
1.98547
1.79278
1.88065
1.71843
1.68949
2.41376
2.15781
2.34736
2.51443
2.04726
1.90241
2.12899
2.64761
2.88857
2.52337
1.77266
1.94704
2.18175
1.97148
1.91325
1.80246
1.74519
1.41306
1.33024
2.17768
2.03897
1.98166
2.19035
1.58091
1.72
1.65263
1.73884
1.9084
2.11057
1.89677
2.0661
1.86575
1.80128
1.78411
1.62436
1.44365
1.44675
1.5747
0.943871
0.916387
0.825333
0.426565
0.51406
0.868888
0.555746
0.431128
0.607771
0.916381
0.707169
0.55573
0.221301
0.363351
1.09087
1.38355
1.49048
0.958824
1.24082
1.36329
1.19373
0.883599
0.732579
0.743967
0.348004
0.835894
0.895818
0.86323
0.780945
0.719596
1.05401
0.761666
1.19325
1.04598
1.24639
1.19087
1.05072
0.820535
0.860712
1.04459
0.767497
0.873642
1.17652
1.44034
1.3999
1.12869
1.00954
0.977309
0.968736
1.19724
1.01418
1.21026
1.52971
0.880748
0.819632
0.785635
1.09424
1.31797
1.69982
1.48787
1.40268
1.15831
1.53128
1.20657
1.48186
1.06895
1.27994
1.42673
1.41376
1.16351
1.03903
1.40665
1.49601
1.37903
0.842769
0.737822
0.826812
1.02667
0.737364
0.49604
1.0387
1.12077
1.54362
1.28825
1.49732
1.70883
1.62835
1.35157
1.30862
1.29682
1.20476
1.40217
1.35898
0.93604
1.09943
1.56771
1.64713
1.39851
1.07049
1.03222
1.38606
1.42476
1.13578
0.614597
0.950731
0.867144
0.986065
0.98804
1.74741
1.49761
1.37332
1.342
1.78411
1.66606
1.59016
1.28732
1.65533
1.58328
1.59538
1.68713
1.90962
2.14603
2.1503
2.34891
2.11338
1.86322
1.6938
1.62088
1.45844
1.37527
0.992515
0.962873
1.00556
1.02266
1.04592
1.16847
1.41516
1.10102
0.832433
0.992563
1.01301
1.1498
1.38444
1.37458
1.42041
1.16165
1.02545
1.24437
1.24048
0.792071
0.751651
0.485393
0.661164
0.74183
0.86677
1.07642
1.48314
1.51946
1.47542
1.58551
2.0317
1.57738
1.46698
1.80381
1.75351
1.42131
1.37913
1.3278
1.34307
1.24239
1.14984
0.889929
0.756848
1.05745
1.43004
1.61607
1.7977
1.65507
1.36729
1.37272
1.39783
2.00127
1.80982
1.37079
1.41704
1.32876
1.0866
1.14172
1.03542
0.38003
0.31048
0.299232
0.68479
0.666573
1.03369
1.33229
1.35258
1.29089
1.44352
1.45588
1.30227
1.25543
0.948815
1.14155
1.03914
1.13669
1.06048
0.591454
0.581601
0.505075
1.02651
0.578284
0.723466
0.48624
0.369343
0.380096
0.293638
0.504414
0.267318
0.708196
0.691402
0.86483
0.528973
0.476513
0.31238
0.348597
1.29103
1.10744
0.979946
0.672922
1.33276
0.959201
0.477116
0.855043
1.154
1.50806
1.48497
1.26086
1.32437
1.66651
1.47306
1.4017
1.24339
1.64018
1.72587
1.83054
2.15988
1.87158
1.97681
1.69428
1.55748
1.22556
0.989044
0.984356
1.13192
1.16194
1.12655
1.27252
1.43203
1.04249
1.22478
1.6009
1.2357
0.865787
1.14386
0.706751
0.884451
0.938941
1.08224
1.32717
1.30069
1.53207
1.41675
1.25752
0.888964
0.950466
0.412199
0.990318
1.2765
1.67965
1.72579
1.87191
1.64398
1.50746
1.58122
1.46832
1.50153
1.78566
1.83118
2.13845
1.92008
1.46234
1.37228
1.5286
1.07951
0.774795
1.44923
1.94415
2.05276
1.89922
1.39648
1.40392
1.2968
1.09493
1.55162
1.42255
1.53752
1.13975
0.346173
0.523359
0.773511
1.19526
1.21105
1.05285
0.943044
0.906989
0.880178
0.751717
1.22556
1.70857
1.80934
1.68542
1.33136
1.55306
1.54384
1.58865
1.28794
1.003
0.836017
1.10122
1.2701
1.51411
1.60277
1.34784
1.39303
1.42315
1.23186
1.2139
1.52006
1.27966
1.04958
1.12514
0.702808
0.695304
0.872195
1.01599
0.910997
0.895277
1.01279
0.936673
1.36416
1.53561
1.61349
1.51486
1.17749
1.57933
1.23244
1.37396
1.3173
1.30381
1.83043
1.82608
1.51487
1.2931
1.81503
2.03516
1.94396
1.73062
1.11044
1.0328
1.06766
1.34428
1.56123
1.40198
1.14758
1.40734
1.54529
1.09534
1.18363
1.13842
0.711509
0.755382
0.422968
0.455393
0.580221
0.949709
0.675314
0.0780274
0.46251
0.54647
0.0380838
0.127945
0.984796
0.950298
0.907413
0.379601
0.321016
0.134755
-0.0104157
0.142356
-0.379846
-0.315712
0.0432966
0.13346
0.0666587
0.0645473
-0.0481469
0.050356
0.230876
0.628626
0.941131
0.793283
0.934488
0.932196
0.853824
1.24631
1.38293
1.31967
1.12781
1.31646
0.966605
0.840655
0.798389
0.794059
1.12299
1.1943
1.23928
0.986004
1.40636
0.953122
1.10047
0.967015
0.906903
0.930079
0.576969
0.339257
0.771273
0.686805
0.554756
0.220174
0.665375
0.769638
1.06287
1.3135
0.951022
0.642737
0.592049
0.81796
1.41725
1.35072
1.40786
1.75099
1.934
1.80564
1.38097
1.21123
1.25679
1.19595
1.0518
1.27668
1.20197
1.68498
1.77614
1.46433
1.66122
1.84921
1.61988
1.47973
1.29406
1.05252
1.23765
1.33599
1.47839
1.4886
1.6666
1.47405
1.46052
1.19199
1.32402
1.239
1.56525
1.60936
1.45672
1.48257
1.50308
1.32148
1.43042
1.30799
1.46709
1.24904
1.24714
1.07269
1.17692
1.28911
1.66994
1.85536
1.52008
1.90551
1.90207
1.94592
1.97028
1.49837
1.6014
1.57223
1.28942
1.34306
1.2622
1.23445
0.709642
0.748749
1.16715
1.13407
1.30989
1.19234
1.25446
1.52105
1.32419
1.35668
0.933389
1.05289
1.39197
1.41632
1.29902
1.30954
0.821973
0.985026
1.7746
1.10798
0.988283
1.42734
1.44285
1.89922
1.7185
1.43716
1.41259
1.7216
1.7381
1.75641
1.92654
2.43514
2.04779
1.86471
1.78033
1.82178
2.43565
2.33769
1.79974
1.97794
2.05175
1.88384
1.9087
1.92415
2.11312
2.0831
2.21348
2.1861
1.78331
1.98216
1.64359
1.70347
1.71328
1.66228
1.30755
1.40888
1.46061
1.38942
1.3213
1.21807
1.38537
2.56135
2.66364
2.36582
2.23707
2.31808
2.57767
3.18339
2.61015
2.65963
2.87476
2.53356
2.14307
2.24641
2.1455
2.18958
2.33819
2.44085
2.48338
2.44584
2.59521
2.60072
2.38021
2.19478
2.03224
2.41777
2.23191
1.85487
1.84362
1.78038
1.70921
1.70251
1.44498
1.34205
1.2353
1.01547
0.723554
1.29641
1.50824
1.33731
1.44385
1.79223
1.87222
1.67115
1.41441
1.50412
1.33805
1.7438
1.83036
1.9222
2.19538
2.20901
1.9209
1.83945
2.38298
2.36071
2.17792
1.87413
1.81261
1.34044
1.26552
1.09029
0.892347
1.34233
1.18071
1.30383
0.818598
1.51568
1.46946
1.13453
1.20778
1.37422
1.07469
1.09837
1.20173
0.790984
0.752089
0.764225
1.13072
1.40795
1.31059
1.16037
1.29384
1.22844
1.76119
1.45541
1.18686
1.37222
1.61279
1.6192
1.3983
1.49344
1.68796
1.52729
1.47462
1.53649
0.904391
1.3622
0.969077
1.23277
1.47773
1.33757
1.23792
1.13979
0.799416
1.30872
1.36295
0.875393
0.716224
0.912495
0.304714
0.89189
0.943885
1.02893
0.759065
0.259574
0.214407
0.491178
-0.0340353
0.386348
0.585011
0.587294
0.82513
1.08815
1.12867
1.16101
1.46705
1.62644
1.29548
1.15135
1.11338
1.03818
0.966183
1.45072
0.964417
1.13726
1.04008
1.13098
1.05945
0.995014
1.05036
1.27498
1.43735
1.27751
0.759662
1.23648
1.32521
1.17181
1.28018
1.14891
1.35305
1.57246
0.760731
0.929432
0.80308
1.00098
0.730015
1.2061
0.796196
1.13898
0.728988
1.24282
0.845574
1.13092
1.54912
1.27027
1.02037
1.18589
1.40715
1.23734
1.39236
1.62424
1.29565
1.49864
1.37357
1.38972
1.41848
1.77151
1.40076
1.49655
1.64402
1.73983
1.13731
1.17504
0.942764
0.8994
0.903133
1.25039
1.11766
1.08501
0.887919
0.991443
1.13259
1.2417
1.56009
1.8484
1.99132
1.75769
1.62591
2.2715
1.9445
1.49462
1.6741
1.39957
1.22273
1.23846
1.2657
1.52628
1.19798
1.27825
1.09269
1.1652
1.5076
1.58848
1.22271
1.75877
1.73957
1.69648
1.54388
1.66926
1.16614
1.17126
1.29078
1.27998
1.00178
1.03822
1.09331
1.03952
0.737591
1.13383
1.76528
1.46763
1.68656
1.50364
1.78365
1.67067
1.31743
1.17144
1.08266
1.46506
1.75796
1.69019
1.6582
1.64428
2.01482
2.00607
1.52023
1.16502
1.04955
1.24855
1.11093
1.03182
0.816482
1.19344
0.87464
1.10114
1.51087
1.42034
1.54391
1.50313
1.37581
1.40175
1.81936
1.59269
1.72109
1.49248
1.24971
1.32632
1.32077
1.34919
1.78464
1.73486
1.59338
1.46139
1.38653
1.119
1.14702
0.871345
1.09041
0.996876
0.94514
0.690491
0.598593
0.830864
0.695257
0.685888
1.32218
1.3687
1.34401
1.34372
1.17293
1.00576
1.27161
0.734739
0.756912
1.48513
1.12796
1.10297
1.60035
1.48565
1.06017
1.01263
1.18149
1.0986
0.942568
1.14434
1.33986
1.23244
1.6892
1.3858
1.68876
1.66746
1.62854
2.07076
1.91783
1.85212
1.93568
1.95569
1.68755
1.98968
2.35816
2.21646
2.33965
2.33959
1.69327
1.36668
1.62386
1.60729
1.3847
1.6488
1.7256
1.82928
1.2766
1.36635
1.09806
1.00729
1.27815
0.934789
0.787219
0.821728
0.677149
0.862782
1.10967
0.80472
1.11609
0.653771
0.369992
0.0359326
0.380045
0.576717
0.693108
0.985969
0.48002
0.389043
0.967006
0.877013
0.650721
0.935093
0.810381
1.044
0.861143
0.71076
1.02772
1.21697
1.36921
1.19205
1.24369
1.1229
1.00892
0.966243
0.776446
0.963986
1.17882
0.934625
0.99799
1.10884
1.0226
1.50937
1.09759
0.95087
1.13425
1.11259
0.701442
0.858855
0.820161
1.21395
1.00503
1.44529
1.1647
1.0269
1.0044
0.870833
1.03029
1.13832
1.26802
1.20543
0.718348
0.684028
0.859008
0.853339
0.462118
0.128076
0.505198
0.665721
0.517278
0.381927
0.548803
0.162418
0.509283
0.281967
0.943679
0.833643
0.748198
1.00848
0.776484
1.17172
0.995953
1.24065
1.17419
0.956348
0.994816
1.39028
1.32766
1.10108
0.593008
0.809537
0.854355
0.426275
0.560342
0.652056
0.957199
1.35702
1.40972
1.45571
1.5873
1.26769
1.36164
1.22633
1.40782
1.07522
0.85547
0.891916
1.07938
1.58825
1.48311
1.08398
1.20607
1.35836
1.52656
1.84059
1.88526
1.95963
1.65657
2.05904
1.48983
1.28029
1.59162
1.30548
1.08559
0.836379
1.21784
1.5152
1.53823
1.20733
1.13429
1.54463
1.69931
1.40199
1.24752
1.30137
1.11413
1.20186
1.25748
1.45287
1.66935
1.50362
1.74291
1.80313
1.92413
2.02405
2.56322
2.01497
1.55732
1.58812
1.43057
1.5997
1.51536
1.37472
1.02447
1.21521
0.718984
1.16616
1.46713
1.70277
1.85384
1.85994
1.73645
1.54538
1.23103
1.36239
1.20746
1.30955
1.70489
1.83306
1.9551
2.14713
1.7249
2.11545
2.00074
1.73208
1.41275
1.16541
1.23926
1.29116
1.29097
1.32574
1.1939
0.96241
0.97976
0.754397
0.59124
0.73393
0.717338
0.674309
0.974843
1.3617
0.791512
0.877263
0.975609
0.712611
0.744498
1.222
1.17837
1.09722
0.822178
1.42379
1.35066
1.64511
1.73571
2.09798
1.86376
1.44467
1.38041
1.40437
1.01498
1.12787
0.962575
0.650492
0.675457
0.626594
0.737775
0.932092
0.720361
0.510587
0.48887
0.959495
0.841223
0.556916
0.498282
0.45314
0.660782
0.634851
0.455264
0.86049
0.557486
0.654776
0.152266
0.17407
0.412252
0.835673
1.0001
0.98662
0.990541
1.04422
1.02631
0.968759
1.17988
1.20085
1.08033
1.05107
0.805547
0.727396
0.625802
1.1944
1.01729
0.86869
1.2523
1.33968
1.14674
1.46999
1.29715
0.865311
0.987271
0.880598
1.62784
1.28954
1.13892
1.36877
1.1056
0.960264
1.04439
1.36149
1.52325
1.11229
1.2334
1.12698
1.53497
1.53918
1.10871
1.50891
1.17205
0.769893
0.769681
0.974916
1.2399
1.25909
1.11632
0.990872
1.11247
0.722838
1.13676
1.06412
1.29645
1.17862
1.5365
1.72759
1.88511
2.03821
1.89961
1.89164
2.05183
2.30291
2.24643
2.61665
2.61692
2.45961
1.88285
1.77913
1.78053
1.95014
1.61831
1.83331
1.57489
1.6341
1.87837
1.35549
1.16856
0.785356
0.803376
0.663351
0.781781
1.35087
1.0784
1.10007
1.365
1.23915
1.12769
1.14493
1.0657
1.25803
1.24132
1.51626
1.07005
1.14782
1.47881
1.28431
1.24062
1.30084
1.34474
1.73635
1.47173
1.10677
1.44546
1.03801
1.0244
1.33595
1.25717
1.39989
1.40454
0.962581
1.02051
1.19911
1.25672
1.2994
1.22474
1.76905
1.46953
1.43795
1.69948
1.84433
2.12569
2.13147
1.32336
1.84413
2.02195
2.36987
2.02515
1.66859
1.48349
1.53593
1.69218
1.62013
1.74982
1.57867
1.50852
1.53404
1.31654
1.61504
2.08757
1.64319
1.75966
1.28298
1.4062
0.974667
1.28888
1.6535
1.6838
1.61739
1.31877
1.59276
1.42435
1.665
1.66494
1.89357
2.1795
1.40344
1.29231
1.06657
1.27412
1.65586
1.66451
1.40155
1.31395
1.35543
1.17289
1.47434
1.33506
0.747789
1.09152
1.28151
1.64057
1.48879
1.37774
1.56303
1.54421
1.77868
2.01835
1.94954
2.05347
1.46189
1.58286
1.34841
0.911136
1.41538
1.3442
1.1923
0.832818
1.35967
1.70525
1.55431
1.9613
1.56796
1.6346
1.34567
1.24087
1.59651
1.47324
1.54466
1.01257
1.25159
1.0614
1.46575
1.44628
1.72164
1.11846
1.4574
1.27885
1.30992
1.47097
1.92484
1.73087
1.68777
1.08426
0.830309
1.37699
1.64271
1.86306
1.9721
1.93908
1.40585
1.64861
1.37532
1.21828
1.29213
1.55978
1.42143
1.74917
1.65735
1.72027
2.0951
2.00001
1.63311
1.45727
1.80677
1.66273
1.88296
1.49111
1.57408
1.61267
1.00153
1.43641
1.74159
1.39375
1.67502
1.94233
1.91726
2.40346
2.23267
2.3997
2.02603
2.00537
2.15881
2.06555
2.12445
2.34985
2.33285
2.18129
2.04208
2.4179
1.76987
1.84793
2.06965
1.86689
1.39962
1.40699
1.83542
2.02419
2.03694
2.16142
1.85489
1.82722
2.15037
2.11919
2.46034
1.86667
1.38322
1.68505
1.80808
2.13137
1.76054
2.24158
1.85116
1.53157
1.833
2.02962
2.13329
1.84992
2.10622
1.87968
1.8633
1.63996
1.82534
1.69231
1.92723
1.76362
1.42703
1.84154
1.51983
1.704
1.30727
1.5582
1.10213
1.33316
1.45037
1.4924
1.51591
1.75769
1.67632
1.29889
0.845677
1.30446
1.72997
1.80905
1.28763
1.11902
0.844661
1.30269
1.72247
1.40707
1.39831
1.53375
1.6654
1.75079
1.60706
1.5099
1.6925
1.75032
2.01849
1.77281
1.44762
1.66768
1.76477
1.59676
1.56524
1.69321
1.85008
1.47026
1.51702
1.44086
1.61868
1.04063
1.38309
1.62086
1.66177
1.89068
1.69596
1.59561
1.96185
1.95449
1.6617
1.15609
1.23528
1.02233
0.920857
1.29512
1.22056
1.27111
1.42835
1.70263
1.47348
1.51636
1.45411
1.67534
1.37014
1.29496
1.6797
1.51297
1.52839
1.23411
1.74424
1.31713
1.01855
0.548198
0.957504
0.839424
0.848049
0.923277
1.01245
0.74491
0.695037
1.04024
1.39836
1.44685
1.05979
0.765307
1.44543
1.39802
1.23128
0.64199
0.607986
0.955099
0.848297
0.611753
0.845335
1.07903
1.38732
1.29218
1.25159
0.973802
0.806362
1.0969
1.33862
1.33378
0.965034
1.00937
0.982678
1.733
1.70391
1.51749
0.981383
0.872248
0.605298
0.284105
0.458658
0.780291
1.08201
1.76185
1.6205
1.47443
1.71323
1.4745
1.68039
1.54542
1.38428
1.12184
1.40347
1.02061
1.14676
1.16938
0.851338
0.952286
1.05486
1.50059
1.5893
1.3603
1.29664
0.95787
0.781757
0.55101
0.37409
0.456942
0.392605
0.158509
0.686475
1.48419
1.58369
1.13089
1.07645
1.20329
1.28909
1.0094
0.984819
1.13643
1.02863
1.33948
1.61357
1.5607
1.53798
1.18807
1.41338
1.21441
1.59486
1.95553
1.64001
1.58385
1.72506
1.7645
1.75021
1.90838
1.79604
1.3651
1.64027
1.23242
0.977997
1.18238
1.5161
1.4741
1.87838
1.79369
1.57392
1.55117
1.03464
0.97652
0.349427
0.411161
0.502046
0.666387
1.22115
1.09305
1.34766
1.2617
1.09801
0.940796
0.758528
0.832512
0.750325
0.522591
1.02957
0.761897
0.759319
0.641116
0.68691
0.868015
1.2368
1.4381
0.948927
1.3746
1.25358
1.32803
0.94435
0.858014
0.745916
1.08941
1.18978
1.07926
1.32926
1.16205
1.48896
1.98614
1.81337
1.42206
1.41675
1.66354
1.6773
1.71821
1.62822
1.93829
1.81202
1.75078
1.4953
1.69398
1.8379
1.70468
1.66842
1.5741
1.60737
1.38645
1.2191
1.22119
1.1204
1.00322
1.34133
1.21631
1.86999
1.90622
1.91356
1.94196
2.03736
1.62749
1.43245
1.35334
1.71396
1.80281
1.47028
1.77126
1.77884
1.85522
1.86825
1.37338
1.62093
1.73251
1.02039
1.37277
1.63345
1.94684
1.53603
1.68591
1.8857
1.43143
1.50975
1.54605
1.73916
2.08143
1.72114
1.81761
2.12533
2.8969
2.44514
2.02555
2.01571
1.6147
1.57469
1.52951
1.61193
1.4997
1.77059
1.59898
1.51973
1.31772
1.03254
1.09067
1.27467
1.09748
1.495
1.18912
1.20605
0.84425
0.900888
0.891642
1.00147
1.04671
0.917349
1.26004
1.36061
1.38085
1.77616
1.81801
1.65371
1.4659
1.76443
2.14459
1.63093
1.83817
1.63104
2.23083
1.81433
1.71971
1.98362
1.93669
1.31284
1.46059
1.56014
1.86993
1.82328
1.80207
1.64042
1.25503
1.19205
1.02795
1.27982
1.3706
1.28901
1.36201
1.5814
1.40041
1.1288
1.06142
0.871784
1.28716
0.871009
1.21807
1.33826
1.5112
1.70721
1.4229
1.67474
1.31963
1.54609
1.56312
1.86346
1.78393
2.34825
1.81417
1.68098
1.92652
1.84055
1.64761
1.60487
1.49928
1.61899
1.49629
1.43278
1.19462
1.53846
1.89117
1.87268
1.73902
1.66164
1.69575
1.54101
1.2908
1.36053
1.2361
1.03685
1.53511
1.31287
1.16834
1.04776
0.975547
1.57209
1.55584
1.2762
0.968747
1.2138
1.18139
1.55906
1.60815
1.83748
1.71105
1.8191
1.7851
1.81493
1.86474
1.97675
1.77032
1.64434
1.86021
2.23939
1.84235
2.12177
2.1208
1.36016
1.92006
1.83098
1.4126
1.42473
1.57595
1.41773
1.60277
0.932688
1.40499
1.35985
1.70427
1.53917
1.26289
1.28155
1.35358
2.10621
1.84651
1.7869
1.43535
1.32364
1.62942
1.72826
1.97464
1.94786
2.03763
2.05001
2.1603
1.87479
1.82282
1.87901
2.04634
1.82742
1.80103
1.86971
1.81494
1.67247
1.94949
2.00153
2.12883
1.49212
1.45081
1.31505
1.96359
2.14415
1.7973
1.51639
1.47396
1.77372
1.91932
1.86251
1.67175
1.77272
2.2161
1.58353
1.17962
1.5892
1.20207
1.15624
0.924289
1.03527
1.19827
1.20297
1.5065
1.39287
1.49236
1.68158
1.30342
1.07613
0.959606
0.68835
0.658555
0.593262
0.571203
0.987806
0.933167
1.43437
1.5738
1.82251
1.27796
1.50586
1.40885
1.47375
1.85717
1.95688
2.03137
1.719
1.21392
0.873352
1.24545
1.4978
1.52444
1.11572
1.60125
1.33525
1.36442
1.47206
1.2092
0.637966
0.586531
0.76084
0.636167
1.32985
1.54512
1.50011
1.34885
1.2732
0.883297
1.25669
1.45583
1.67187
1.56313
1.13953
1.26629
1.36493
1.52485
1.6305
1.99134
1.46939
1.71003
1.66938
1.16673
1.70821
1.7784
1.38114
2.04384
1.71576
1.99095
1.69122
1.59136
1.58646
1.33102
1.24294
1.21956
0.737042
1.04428
0.651494
0.599778
0.949762
0.806246
0.847268
0.895314
0.921472
1.22956
1.27611
1.30327
1.44228
0.715989
0.789999
0.898427
0.910195
1.07819
1.02641
1.22745
0.902913
0.841517
0.95787
0.984489
1.21348
1.5535
1.42654
1.22051
1.19288
1.08221
1.26257
1.01041
1.33848
1.19545
1.21843
1.02281
0.858618
1.12182
1.14295
1.47649
1.57171
1.70821
1.56938
1.69644
1.50319
1.59391
1.28889
1.26664
0.99438
1.16476
1.49839
1.56023
1.15812
1.67509
2.05919
2.03348
2.01103
2.00734
2.45473
2.0693
2.01828
2.03962
1.94546
2.26893
2.17858
1.9828
2.04309
1.84306
2.02648
1.49623
1.48575
1.94551
1.99263
1.56632
1.91528
1.67623
1.59851
1.2037
1.542
1.55913
1.72314
1.99031
1.78744
1.32519
1.19304
1.33178
0.615364
0.764914
1.06642
0.994612
0.727284
1.00974
0.839841
0.851996
1.4334
1.50505
1.83019
1.93584
2.03538
2.04747
1.93358
1.81248
1.73509
2.17373
1.78941
1.7717
1.66838
1.77703
1.39042
1.38656
1.54121
1.86395
1.49142
1.27589
1.20068
1.83153
1.76287
2.04063
1.88605
2.23229
2.03461
1.87751
1.81029
1.81363
1.51728
1.17139
1.74697
1.98781
1.74858
1.66505
1.54358
1.51191
1.01803
1.26507
1.19376
1.4918
1.29176
1.2555
1.4624
1.50371
1.74665
1.93416
2.42063
1.94014
1.83359
1.69296
1.88796
1.89836
1.63905
1.80633
1.59053
1.55843
1.62599
1.52454
1.57653
1.50675
1.11129
1.50361
1.26865
1.45539
1.44278
1.73926
1.59806
1.47543
1.47202
1.38121
1.45716
0.82285
1.10865
1.19014
1.25498
0.951461
1.22471
1.69508
1.61593
1.80197
2.00314
1.78711
1.66226
1.45211
1.55531
1.57516
1.88843
1.74706
1.61834
1.48936
1.57777
1.60792
1.99761
2.02697
1.81764
1.45639
1.84223
2.0598
2.01595
2.0121
1.90228
1.80327
1.50808
1.74409
1.32698
1.37655
1.65543
1.72234
1.68803
1.39988
1.55807
1.72675
1.70411
1.61019
1.63589
2.26843
1.8628
2.01373
2.06571
2.15567
1.85096
1.82214
2.08589
1.93386
1.99718
1.82971
1.53307
1.60512
1.37572
1.62105
1.86704
1.76723
2.22425
2.21213
2.62095
2.32928
2.18576
2.60129
2.58352
2.62209
1.94962
2.0074
2.30015
2.04382
2.78587
2.09625
2.23978
1.58586
1.82902
2.01637
1.59938
1.6318
1.95181
1.5503
1.67771
1.69971
1.43447
1.64213
1.61078
1.32353
1.36511
1.67173
1.30369
1.20158
1.55017
1.35606
1.28682
1.24869
1.31987
1.54303
1.16531
1.15461
1.86023
2.00036
1.96289
2.16597
1.84694
2.50216
2.26053
1.86197
1.58744
1.22953
1.12041
1.1351
0.881229
0.861698
0.80769
1.13154
1.02411
0.824359
0.815825
1.2637
1.55418
1.13855
1.30196
1.38315
1.20778
1.02134
1.33892
1.07755
1.23027
1.2285
1.24397
1.53745
1.62513
1.63853
1.56059
1.61947
1.245
1.01749
1.24439
0.970711
0.752814
0.985295
0.944047
1.13883
1.21936
1.34553
1.61824
1.48013
1.37139
1.41453
1.48009
1.15489
1.31214
1.04305
1.50568
1.63863
1.50623
1.82139
1.89696
1.65119
1.12193
1.0077
1.25512
1.55793
1.42981
1.62717
1.79394
2.02137
1.92757
1.46952
1.3505
1.45837
1.26513
1.5365
1.6729
1.96196
2.01925
1.74243
1.76222
2.02256
1.29748
1.60043
1.48298
1.62501
1.28611
1.07761
1.06419
1.36659
1.60148
1.88126
1.58864
1.31068
0.684277
0.878254
0.869643
0.844372
1.29088
1.00252
1.49537
1.32141
1.56481
1.28362
1.21147
1.53396
1.44319
1.25805
0.895156
0.734655
0.753395
0.854646
0.484819
0.497924
0.804012
0.426289
0.395236
0.44906
1.07657
0.929054
0.899837
0.489085
0.604738
0.646233
0.838749
1.15705
1.17253
0.996856
0.958203
1.20415
0.627016
1.03682
1.00592
1.05902
1.22131
0.74282
0.55444
0.392801
0.744092
1.01627
1.0801
0.626624
0.863041
0.915655
1.01461
1.27958
1.14588
1.23969
1.1926
1.09854
0.776814
0.679917
1.06733
1.00776
1.2822
0.966584
1.08636
1.28326
1.21484
1.47342
1.8185
2.19074
2.3385
2.38244
2.60228
2.43717
2.30702
2.36188
2.16681
1.90671
1.42025
1.40467
1.1811
1.48218
1.62728
1.74099
2.45534
2.3956
1.93773
1.76088
1.99097
1.76821
1.62056
1.31251
0.982981
1.18852
1.7085
2.11534
1.96367
1.5298
1.76927
1.77696
1.75006
1.54488
1.86521
1.69559
1.30393
1.30743
1.51028
1.63069
1.70451
1.40452
1.58013
1.55889
1.77155
2.11129
2.16539
2.18376
2.27142
1.96739
1.97791
2.08191
1.95677
1.80222
1.83181
1.53129
1.51134
1.02129
1.48633
1.5482
1.71184
1.77761
1.40212
1.29737
1.87308
1.32443
1.07117
0.857473
1.15794
0.692045
0.854548
1.00737
0.780001
0.239118
0.423473
0.701123
0.481876
0.536115
0.400284
0.340258
0.961457
0.764798
0.685856
0.578593
0.79495
0.972856
0.662734
0.689019
1.0535
0.990747
0.814377
0.833397
1.15811
0.968389
1.25968
1.74508
1.74923
1.46692
0.847845
0.583811
0.647063
0.879017
1.15291
0.927433
0.916219
0.984168
0.716192
0.605527
0.464484
0.742371
0.745612
0.994966
1.19587
0.894921
1.32642
1.64013
1.68971
1.43454
1.19936
1.39322
2.12646
1.85206
1.80393
1.52683
1.00129
0.7668
1.12404
1.55305
1.11235
1.15645
1.02761
1.05783
1.16064
1.21286
1.23426
1.32981
1.16672
1.20884
1.14885
1.35063
1.37655
1.21297
1.42777
0.96219
0.703953
1.09069
1.03387
1.01748
1.63698
1.31541
1.28298
1.64277
1.60173
1.02513
1.14058
1.31517
1.47521
1.52551
1.72326
1.42514
1.55824
1.69411
1.96739
2.00223
1.64704
1.71838
1.62954
1.59831
1.54813
1.46176
1.79246
1.67279
1.59301
1.31767
1.46086
1.40755
1.96005
1.9695
2.10184
1.22686
1.20402
1.73882
1.66021
1.20605
1.29863
1.55402
1.35027
1.568
1.53204
1.58484
1.36813
1.37839
0.968765
0.813673
1.04626
0.952707
1.19389
1.66229
1.90311
1.62777
1.80109
1.87944
2.33913
2.57242
1.4942
1.70992
1.74881
1.63948
1.88457
1.81833
2.16677
1.59551
1.36117
1.41702
1.36239
1.24011
1.30145
1.66907
1.75807
1.31508
1.55113
1.67433
1.2338
1.02915
1.22488
1.10044
1.25065
1.15518
1.51182
1.69773
1.98797
1.66671
1.47344
1.13187
1.41669
1.45191
1.74861
1.60257
1.74806
1.72111
2.10332
2.15832
2.01021
1.69347
1.7456
1.46607
1.55055
1.81711
1.75205
2.11965
2.04476
1.79065
1.86829
1.776
1.73664
1.71185
1.70562
1.87482
1.94404
1.43128
1.65038
1.93692
2.21981
1.81572
1.47217
1.50314
1.47136
1.5405
2.03671
2.1707
2.29242
2.05849
1.79915
1.78942
1.53858
1.42894
1.4263
1.55164
1.44979
1.60098
1.39894
1.38243
2.02393
1.74799
1.30275
1.42641
1.50875
1.3084
1.44774
1.32321
1.53699
1.8904
1.54344
1.65442
1.27697
1.09224
1.30163
1.22167
1.163
1.15966
1.27858
1.46398
1.53591
1.20982
1.40073
1.22894
1.44979
1.28293
1.48905
1.126
1.16969
0.930464
0.648865
1.02309
1.15519
1.25952
1.33307
1.425
1.20681
0.886537
1.36394
1.2437
1.22872
1.2929
1.51359
1.51848
1.57582
1.1145
1.47703
1.75378
1.76701
1.77656
1.52115
1.75719
1.4152
1.54166
1.47412
1.66571
1.64583
1.50232
1.483
1.23597
1.3154
1.19749
1.15374
1.5188
1.06719
1.15999
1.54205
1.10216
0.954459
0.92544
1.22298
1.42723
1.65129
1.95922
1.56746
1.48724
1.29306
1.38166
1.25741
1.49219
1.24513
1.18413
0.942225
1.18349
1.5715
1.44368
1.57322
1.44065
1.42434
1.12534
0.998393
1.48554
1.15099
1.55095
0.687879
0.73115
0.919941
1.12592
1.07706
0.827994
0.622063
0.522158
0.31095
0.199938
0.270565
0.376654
0.428912
0.65028
0.757918
0.955557
0.347251
0.714821
0.887104
0.764788
0.363056
0.365479
0.349584
0.210347
0.408123
0.884582
1.14853
0.995999
0.676011
0.832968
0.754249
1.11066
1.38638
1.25703
0.805905
0.947036
0.936726
0.530971
0.612778
0.258782
0.429557
0.548553
0.55159
0.662623
0.979536
1.55123
0.977662
1.13594
1.01291
0.80785
0.873559
1.07234
0.705086
0.85283
0.934906
1.13278
1.21556
1.14897
1.21539
1.35845
1.44744
1.62294
1.75507
1.47607
1.34498
1.47006
1.21613
1.43847
1.60665
1.56851
1.25468
1.2859
1.23217
1.45176
1.3268
1.164
0.965827
1.28217
1.34269
1.70598
1.17257
1.54981
1.56665
0.966151
1.24546
1.25614
1.01198
1.1211
1.82111
1.06035
1.24988
0.701455
0.512179
0.31238
0.335132
0.656907
0.441012
0.698733
0.773704
0.865213
0.685656
0.830878
0.93551
1.01342
0.850226
0.952794
0.996965
0.502601
1.08696
0.850508
1.31532
1.2447
1.13966
0.854074
0.696786
0.584893
0.267533
0.175022
0.413398
0.96334
1.04001
1.06667
0.733948
0.916645
1.11465
1.48141
1.5014
1.26353
1.23968
1.30994
1.46325
0.962824
0.970988
1.20269
1.94025
1.98146
1.94555
1.754
1.48411
1.46155
1.86714
1.68276
1.89857
1.92122
1.80948
1.44012
1.37595
1.41904
1.82018
2.29082
1.51967
1.50822
1.40121
1.82726
1.42978
1.64393
1.50577
1.17378
1.09191
0.752152
0.677509
0.921995
1.13235
1.48285
1.4748
1.4093
1.4757
1.09674
1.45825
1.95665
1.91832
1.96077
2.18832
2.15746
1.93096
1.86091
1.59841
1.41
1.23012
1.26804
1.06487
1.30739
1.35206
1.71606
1.51841
1.64181
1.55516
1.33717
1.02909
1.32985
1.26412
1.5857
1.61228
1.16542
0.838506
1.01357
1.13615
1.50311
1.39338
1.60033
1.8031
1.45631
1.93359
1.3262
1.46652
1.13084
1.1413
1.10377
1.17813
0.985679
1.14164
0.738707
0.74651
1.20381
1.45111
1.20976
0.948752
0.999946
1.38106
1.51368
1.55366
1.30487
1.23617
1.59563
1.86352
1.86513
2.15648
1.71126
2.03859
2.17799
2.01409
2.3279
2.20685
1.70445
1.51967
1.76382
1.76823
1.41769
1.27489
1.61234
1.38215
1.11805
1.56077
2.08263
2.33087
2.18124
2.25928
2.05542
1.85333
1.72718
1.46021
1.40113
1.6006
1.16469
1.08316
1.28541
1.25969
1.62285
1.82502
1.31229
1.09026
1.24203
1.57416
1.12541
1.139
1.08402
1.16405
1.37263
1.62594
1.88404
1.70992
1.74119
1.45449
1.37971
1.19335
0.983056
0.86736
1.166
1.01796
1.28457
1.58818
1.46939
1.65819
1.97944
1.98791
2.04939
2.12344
2.52725
2.01917
1.86097
1.7111
1.48504
1.53544
1.82223
1.69154
2.03462
2.29753
2.31247
2.64133
2.70733
2.30765
2.32722
2.40584
2.13266
1.94201
1.97987
1.9198
1.6545
1.68084
2.01809
2.30572
1.94703
2.37105
2.32979
2.11221
2.06359
1.71693
1.58583
1.99353
1.50838
1.28566
1.24718
1.42496
1.29183
1.60838
1.74354
1.54479
2.14043
1.55469
1.75216
1.74662
1.98057
1.98692
1.70333
1.95582
2.27859
2.646
2.69719
2.43576
2.54918
1.87114
2.24957
2.08466
1.47925
2.18328
2.07219
2.59621
2.56913
2.45179
2.35458
2.52203
2.16229
2.07415
1.62342
1.75588
2.09727
1.95922
1.8297
1.84836
2.33113
2.28672
2.55448
2.66649
2.39773
2.25027
2.27359
2.58251
2.4185
2.39097
2.50275
2.3892
1.73295
0.989939
1.29234
1.08355
1.57609
1.55247
1.87027
2.16058
2.47049
2.41462
2.40269
2.12523
2.12824
2.24286
2.41315
2.02372
1.94931
2.04811
1.78456
2.18786
1.96966
1.70502
1.83968
1.71411
1.41553
1.10743
1.05533
1.20053
1.30065
1.20725
1.62907
1.82438
1.67443
1.98561
2.16144
2.10619
2.15343
2.30092
2.04529
1.82635
1.85631
1.82632
1.53844
1.64859
1.77864
1.44831
1.52463
1.9065
1.96049
1.71504
1.7432
1.40891
1.16043
1.15069
1.13403
1.58958
1.57474
1.44329
1.40837
1.38409
1.23352
1.2266
1.18375
1.33749
1.48308
1.22033
1.24283
0.916313
0.906395
1.07221
1.19812
1.05972
1.21443
1.37935
1.8086
1.57177
1.46382
1.31622
1.01084
0.961832
1.1625
1.09164
1.42036
1.24937
1.65653
1.53072
1.32932
1.44426
1.7016
1.56471
1.49168
1.45365
1.19732
1.07905
1.20261
1.09253
1.09296
1.68856
1.56657
1.67306
1.50687
1.2931
1.15636
1.32289
1.01724
1.28055
0.70686
0.584933
0.635419
0.706276
0.835818
1.15535
1.3069
0.854691
0.631825
0.613845
0.528194
0.911157
0.831574
1.08612
1.21589
1.13909
0.917805
0.811635
0.770949
1.13136
1.0683
1.40964
0.921548
0.499017
0.588476
0.640828
0.334804
0.822451
1.15711
1.36551
1.8733
1.95936
1.79425
1.4637
1.00155
1.46879
1.91397
1.7072
1.77621
1.7883
1.35425
1.26911
1.04224
1.09972
0.878834
1.15684
1.24513
1.34671
1.66764
1.31719
1.79319
1.59766
1.71848
1.35579
1.42639
2.03357
2.48729
1.39716
1.33725
0.887124
1.21216
1.27549
1.45676
1.29542
0.939925
0.987421
1.27054
0.919632
0.805182
1.0108
1.13992
1.07253
1.66693
1.33742
1.3637
1.43262
1.03412
1.0126
1.36127
1.07455
0.910208
1.16911
1.06841
1.16606
1.08544
0.750093
1.09249
1.3633
1.42746
1.21099
1.2182
1.48398
2.00149
1.77727
1.59466
1.69938
1.82073
1.53892
1.17242
1.10431
1.00072
0.874174
1.19261
1.14664
0.945338
1.05549
0.823306
1.24377
1.64871
1.8488
1.35103
1.1581
1.04093
1.31021
1.18219
1.3025
0.886455
0.741697
0.841965
0.836256
0.911011
0.989803
1.0223
1.07326
1.11053
1.18458
1.18791
0.896771
0.703167
0.681359
0.951984
1.46877
1.20557
0.998848
0.683951
0.677046
1.06616
1.27879
1.16336
1.4814
1.31497
1.24034
1.42185
1.71027
1.47952
1.63543
1.80553
1.70727
1.7551
1.58225
1.7882
1.6744
1.48872
1.24864
1.66351
1.48917
1.48626
1.57228
2.03282
2.27054
2.44018
2.51507
2.52873
1.87779
2.04398
1.98754
2.28274
1.92503
1.84473
1.74851
1.92959
1.65876
1.87443
1.78285
1.77453
1.55095
1.74732
1.48237
1.47045
2.11526
1.89938
1.59202
1.07234
1.10395
1.2176
0.990248
1.01052
1.13699
1.42077
1.40903
1.53459
1.30294
1.72081
1.72533
1.60297
1.73135
1.54677
1.13221
0.968917
0.929334
1.02229
0.764698
0.844834
0.894584
0.963137
0.736625
0.960898
0.87131
1.55329
1.48079
1.09137
1.04227
1.34627
1.08888
0.973862
1.11715
1.17606
1.29813
1.19535
1.07035
0.977117
0.73614
1.09105
1.37884
1.17661
1.00607
1.14645
1.0941
1.28455
1.45909
1.58929
1.54591
1.65468
1.88242
1.3581
1.51302
1.74242
1.67832
1.77844
1.53437
1.44577
1.58365
1.29328
1.14345
0.722625
1.17605
1.4569
0.785883
0.799172
1.18301
1.37004
1.63427
1.82982
1.88963
1.4621
1.53073
1.65742
1.41892
1.54949
1.18918
1.08672
0.724487
1.00399
1.12768
1.49702
1.50481
1.38725
1.57444
1.52498
1.41593
1.55624
1.62365
1.63209
1.93129
1.67606
1.90842
2.1831
2.07658
1.65812
1.33388
0.816304
1.25622
1.34227
1.30308
1.52296
1.64317
1.53959
1.78026
1.48482
1.52819
1.64955
1.52123
1.53111
2.11222
2.17646
1.8138
1.92391
1.93875
1.56252
1.55849
1.42205
1.42784
1.24845
1.70242
1.6442
1.47336
1.3266
1.39762
1.03109
1.11624
0.840767
1.12602
1.20229
1.71357
1.67466
1.73417
2.04744
1.68544
1.84167
1.80703
1.52239
1.29525
1.64534
1.6093
1.31487
0.897105
0.949158
1.29648
1.07669
0.495635
1.16088
1.25543
1.24279
1.47483
1.65199
1.6668
1.57443
2.05491
1.9001
1.99964
1.9345
1.92074
1.68076
1.73555
1.57856
1.72661
2.10963
1.98462
1.85808
1.80663
1.55659
1.83838
1.72385
1.58761
1.91757
1.62018
1.60312
1.47512
1.72762
1.83319
1.90006
2.22972
1.86216
2.04592
2.06399
2.43657
2.40415
2.6074
2.30964
2.52281
2.84291
2.8156
2.34439
1.98313
1.87763
1.76624
1.64232
1.77906
2.09507
1.94701
2.30267
1.79144
2.02417
1.813
2.00908
1.86886
1.88665
1.70952
1.83574
2.02665
2.56698
2.36335
2.65417
2.26616
2.2546
1.92363
2.13405
1.92709
1.67569
1.56187
1.85604
1.47992
2.03844
2.64915
2.37754
2.57706
2.33055
1.7295
1.75347
1.70664
1.81358
1.81244
2
2.12512
2.04179
1.90809
2.16116
2.11262
1.49293
1.9453
2.05176
1.60235
1.68697
1.94885
1.96253
2.18536
1.9457
2.00049
2.10138
2.15294
1.98423
1.57354
1.2746
1.2919
1.33026
1.16226
1.21982
1.13066
1.17357
1.24288
1.37372
1.66178
1.42787
1.493
1.37735
1.28328
1.24923
1.62438
1.48394
0.943381
1.18738
1.58354
1.51251
1.03178
0.784964
0.473464
0.890908
1.05829
0.797177
1.02893
1.23404
1.36273
0.968128
1.01223
1.24735
1.50124
1.18424
0.928332
1.11052
1.19782
1.4596
1.56714
1.87104
1.57867
1.02755
1.10049
1.18317
1.004
1.02426
1.06803
0.682951
0.536462
0.55024
0.916248
1.06482
1.05044
1.59265
1.38833
1.19374
1.14448
1.54774
1.68529
1.56146
1.14988
1.12468
1.35955
0.724367
0.890449
1.12995
1.55396
1.11799
1.05994
1.32754
1.03025
1.09358
0.975711
1.13142
0.297458
0.040859
0.474904
0.272741
0.612656
0.804924
0.963826
0.914114
0.809451
0.979633
0.72895
0.702137
0.670441
0.542723
0.468488
0.580439
0.620616
1.01916
1.4374
1.55273
1.58567
1.25479
1.24031
0.767612
0.799623
0.75278
1.15865
1.08779
0.800864
0.681276
0.792047
1.13648
1.25876
1.28245
1.31691
0.759765
0.889902
0.924895
0.776501
0.789818
0.785508
0.734636
0.929337
0.812088
0.566985
0.676411
1.11152
1.2209
1.63673
1.42474
1.37157
1.30084
1.59921
1.44327
1.11447
0.792807
0.757719
0.733555
1.3652
1.10503
0.910517
0.922216
0.87734
0.670417
0.492689
0.591885
0.86011
0.882481
0.838925
0.863659
0.937696
1.18983
1.73703
1.63172
1.32559
1.34792
0.933354
1.17108
0.944179
1.24723
1.00723
0.853562
0.873458
0.721202
0.869897
1.16897
1.35004
1.40132
1.26078
1.74777
2.28221
2.40133
2.9828
2.37158
2.51767
2.31464
2.21685
2.22029
1.63568
1.54924
1.61366
1.98766
1.83855
1.71507
1.80598
1.51104
1.50735
1.82885
1.67099
1.45247
1.53664
1.40539
1.37588
1.27101
1.57928
1.74097
1.97584
2.23297
2.20321
1.87803
1.78147
2.00019
2.17434
2.67847
2.44017
2.28436
2.13935
1.86624
1.66545
1.45173
1.49672
1.63023
1.35341
1.37997
1.7716
1.04073
1.17173
1.71191
1.83658
1.74969
1.78417
1.45273
1.36392
1.09209
1.13327
0.650673
0.700713
0.862861
0.688622
0.915352
0.998501
1.14839
1.21577
1.50448
1.4161
1.46895
2.09149
1.92013
1.91817
2.22508
1.82811
1.67011
1.28652
1.51394
1.46491
1.40509
1.55063
1.83379
1.86807
2.00894
2.26108
1.98346
2.12007
1.95415
1.71342
1.75799
1.68015
1.5837
1.53463
1.43143
1.51254
1.40345
1.79965
1.65995
1.44471
1.25266
0.764322
1.14065
0.597778
1.06141
1.4903
1.3743
1.76958
1.54007
1.69396
2.11256
1.9784
1.94555
1.83121
2.29735
1.73139
1.82796
1.80632
1.74686
1.9374
1.46953
1.21267
1.53175
1.42904
1.5938
1.56661
0.981604
0.710289
0.95509
0.870215
0.78131
1.01041
1.52214
1.65497
1.70429
1.2662
1.17631
1.1986
1.4541
1.51527
1.6718
1.76347
1.72322
1.58858
1.80139
1.74642
1.75255
1.53758
1.54567
1.07726
0.748184
1.19531
1.5077
1.24277
0.878838
1.0413
0.980781
0.924429
0.941078
1.09708
1.43831
1.18839
1.25103
1.2855
1.51409
1.72055
1.5632
1.68719
1.56883
1.55186
1.37048
1.27954
1.29336
0.988518
1.15692
1.34631
1.31251
1.31144
1.85274
1.22004
1.32006
1.12379
1.05225
0.84028
1.2611
1.55392
1.11811
1.29668
1.25612
1.43986
1.57309
1.83307
1.46436
1.54324
1.59816
1.55479
1.71962
1.2985
1.10675
1.47281
1.52066
1.76606
2.05802
1.99661
1.54786
1.55524
1.31036
1.67677
2.02146
1.98036
1.96069
1.62851
1.91563
1.77874
2.03947
1.6582
1.6908
1.46917
1.45438
1.20799
0.875915
0.765122
0.91217
0.602648
0.913135
0.851427
0.871067
0.877385
0.845538
1.03013
1.39037
1.89146
1.73482
1.71987
1.19706
0.972385
0.725953
0.910321
1.31078
1.60191
1.32298
1.50266
1.35694
2.15594
1.74151
1.59109
1.35461
1.39095
2.07164
1.97934
2.01748
1.83929
2.36213
2.49624
1.94522
1.92002
1.92062
1.81829
1.7179
1.19174
1.11741
1.51746
2.22527
1.71577
1.48447
1.3871
1.53303
1.72155
1.78251
1.52528
1.7481
1.38
1.72062
1.61554
1.39909
0.935121
0.991286
1.17
1.15497
1.47545
1.34038
1.70563
0.870088
1.1738
0.885098
0.938799
0.677886
0.602218
0.378768
1.16416
1.2694
1.12453
1.45954
1.6243
1.41179
1.17613
1.37145
1.41324
1.5585
1.60746
1.53911
0.913892
0.862202
1.27741
1.08769
1.13236
1.4477
1.61087
1.91692
1.936
1.54075
1.79622
1.51906
1.33078
1.76292
1.69265
1.59687
1.64681
1.43357
1.16534
1.11706
1.31935
1.02466
1.43491
1.78379
1.77887
1.41494
1.30739
1.33681
1.42362
1.39784
0.789192
0.265108
0.562039
1.12936
0.662453
1.37259
1.23512
1.14096
1.29919
1.00332
1.19341
1.10356
1.19759
1.09644
1.32217
1.40958
1.19184
1.31898
1.49598
1.7231
1.62062
1.66769
1.38242
1.26589
1.10204
1.14457
1.03091
1.39702
1.9763
2.1711
2.10519
2.09002
2.33896
2.40793
1.62221
1.58469
1.59512
1.31092
1.325
0.982714
1.49556
0.910913
1.13694
1.66871
1.43518
1.58135
1.5802
1.27193
1.4463
1.71504
1.71946
1.61168
1.25528
1.19054
1.1799
1.09672
1.19159
1.4578
1.44583
1.24645
1.63591
1.19633
1.23917
1.38921
1.55335
1.92728
1.76301
2.41657
2.33303
2.18524
1.78732
1.77581
1.94609
1.88863
2.17405
1.86619
1.60122
1.71912
1.66863
1.92935
2.05372
1.86833
2.19246
1.96876
2.19301
1.81621
1.57365
1.35577
1.61302
1.58043
1.18994
1.62604
1.45326
1.91362
1.67164
1.39381
1.33638
1.12493
1.34206
0.978063
1.17466
1.45983
1.63663
1.39901
1.12041
1.4886
1.23673
1.05388
1.13853
1.25292
1.36122
1.16758
1.4052
1.53292
1.26045
1.19688
1.34594
1.00466
0.945657
0.482127
0.813704
1.0993
1.31701
0.818717
0.958426
1.2881
1.40473
1.63304
1.93116
1.64174
1.81308
1.78242
1.31157
1.21531
1.57342
1.38627
1.02567
1.52256
1.69919
2.03275
1.90181
2.0656
2.13903
2.05913
2.20684
2.26294
1.61134
1.40484
1.17268
1.71585
1.56448
1.79269
1.77905
1.9322
1.58851
1.81818
1.89087
1.86832
1.51192
1.49829
1.76094
1.74794
1.73571
1.21323
1.67886
2.35621
1.93875
1.7836
1.51103
1.92363
1.93882
1.92963
2.18329
2.45476
2.35962
1.90877
1.54486
1.44437
1.16677
0.917834
1.16392
1.18722
0.941514
1.38477
1.26652
1.7705
1.8652
1.30159
1.66781
1.84564
2.121
2.13386
1.65113
2.21823
2.03221
1.9374
1.96615
2.0652
2.23738
1.5243
1.81061
1.71975
1.25111
1.41707
1.65591
1.4177
1.74077
1.60192
1.39108
1.70624
1.69455
1.56951
1.59224
0.883117
1.21963
1.24902
0.963408
1.0493
0.987356
1.53924
1.19069
1.8479
1.34383
1.6669
1.62715
1.02155
0.94892
0.841713
0.945849
1.12999
1.39946
0.896032
1.135
0.838263
1.14623
1.38364
1.28272
1.34816
1.52426
1.75642
2.04845
2.20799
1.87745
1.78482
1.88002
1.59811
1.61672
1.67743
1.78765
1.60625
1.23875
1.10998
0.72794
0.978929
0.474781
0.613599
0.848763
0.979716
0.697537
0.80683
1.13874
0.707417
0.769779
0.724399
0.518033
0.509151
0.735269
0.941245
1.09627
1.0822
1.22257
0.870066
1.30081
0.902464
0.704749
0.783456
0.707238
0.553057
0.280171
0.252656
0.347643
0.859465
1.20059
1.45398
1.36306
1.39089
1.45602
0.994586
0.928628
0.899117
1.19765
1.55247
1.74351
1.85171
1.61293
1.71873
1.47478
1.18005
0.837073
1.04122
0.89104
0.765006
1.02204
1.41803
1.13658
1.02024
0.907213
1.39237
1.46645
1.24425
1.2915
1.1347
1.38708
1.58943
1.51911
1.79104
1.61531
0.894652
0.804197
1.00068
0.679329
0.924136
1.25545
1.19968
1.15736
1.53123
1.50761
1.57007
1.77609
1.85872
1.83167
1.0797
0.7704
0.97937
1.05679
0.873028
1.21182
1.04265
0.650071
0.904265
1.46017
1.83766
1.12783
1.30149
1.39549
1.38933
1.30199
1.22181
1.71686
1.61477
1.69687
1.87719
2.13103
1.98025
1.82543
1.57049
1.47404
1.24577
0.96823
1.15386
1.46843
1.9765
1.71826
1.83511
1.70574
1.24382
1.18332
1.23747
0.995746
1.26776
0.887574
0.955125
1.13426
1.25568
1.54044
1.69331
1.95543
1.53632
1.52128
1.98554
1.97241
1.62802
1.5792
1.94766
1.98733
1.58493
1.89181
1.57057
1.68656
1.65398
1.67617
2.20158
1.83808
1.84447
2.03104
2.52554
2.41932
2.322
2.17081
1.78546
1.79709
1.39593
1.74416
1.84751
1.60186
1.69797
1.71362
1.82741
1.76597
1.63139
1.41495
1.21447
0.943541
1.10719
1.07466
1.05998
1.14922
1.0632
1.73492
1.90734
1.6045
1.71554
1.5664
1.43068
1.80249
1.79199
1.69124
1.89798
1.48173
1.55469
1.85588
2.00461
1.70098
1.40306
1.59907
1.84581
1.89815
2.32999
2.76812
2.42821
2.36364
1.7954
1.67357
1.82076
2.02387
1.92655
1.9611
2.11754
1.88395
1.95789
2.12676
1.97656
1.79679
1.5102
1.27845
1.29377
1.3958
1.68559
1.71683
1.29701
1.20176
1.99826
1.47391
1.31047
1.38909
1.69709
1.99695
1.82934
1.77518
1.6945
2.16076
1.81916
1.88377
1.74184
2.07702
2.13162
2.24444
2.29696
2.509
1.84265
2.01483
1.50634
1.92629
1.5843
1.54017
1.33964
1.22679
1.4513
1.63183
1.64661
1.57874
1.91326
1.97183
2.0373
2.03317
2.25781
2.41363
2.32909
2.28596
2.03292
1.70252
1.55954
2.01408
1.75737
1.54378
1.54294
1.54776
1.49971
1.58662
1.7406
1.71137
1.34629
1.48777
1.69193
1.64189
1.57298
1.26593
1.5952
1.91297
1.6067
1.45538
1.14083
1.96123
2.00646
2.15979
2.12939
2.3846
1.95701
1.73066
1.67195
2.03101
2.05634
1.95999
1.88918
1.77472
1.75135
1.99364
1.9183
1.78303
1.71968
1.27248
1.56406
1.8542
1.74293
1.80115
1.8232
1.49453
1.29118
1.45169
1.70539
1.45366
1.89234
1.94066
2.00893
1.84677
1.68783
1.55035
1.71987
1.63745
1.77036
1.83313
1.4836
1.7252
1.65651
1.29156
1.69758
2.05781
2.05278
2.18452
2.02099
2.29644
2.26897
2.25659
2.21273
1.99452
2.06513
2.1659
2.15509
1.72472
1.69238
1.50342
1.44488
1.2382
1.12404
1.2244
1.22307
1.36897
1.88131
1.94051
1.48099
1.73735
1.54432
2.01687
2.2146
2.03084
2.25902
1.80611
1.97652
2.12343
2.23977
2.27162
2.24803
2.51662
2.30659
2.11374
1.96597
2.07081
2.25757
1.91955
2.31105
1.80997
1.78179
2.1176
1.88628
1.9168
1.72177
1.30569
1.41087
1.97081
1.90474
1.42619
1.36292
1.89617
1.66977
1.50366
1.41248
1.14616
1.23862
1.12124
1.03689
0.845339
1.1911
1.02732
1.05381
1.27318
1.52209
1.54798
1.39502
1.43168
2.00783
1.63898
1.41614
1.41685
1.25661
1.04148
1.03859
1.15931
1.08805
1.05181
1.66753
1.72872
1.35436
1.34739
1.40654
1.73229
1.47068
1.47428
1.17272
0.973725
0.789455
0.758542
0.214282
0.386865
0.224616
0.398616
0.45778
0.641179
1.17115
0.958163
0.730037
0.599767
0.534963
0.870101
0.918751
0.929387
0.849344
0.638736
0.471006
0.780028
1.28292
1.19843
1.07247
0.855289
0.647803
0.637076
0.667357
0.761501
1.09163
1.51365
1.34418
1.46818
1.71649
1.93221
1.37429
1.14062
1.03218
0.672678
0.731799
0.629517
0.850778
1.02991
0.989103
1.46334
1.40037
1.14647
1.62444
1.27215
1.34152
1.40059
1.33403
1.29391
0.936276
1.30764
0.858818
1.06813
1.49519
1.30929
1.47731
1.5247
1.4954
1.27065
0.815849
1.1143
1.27007
1.22375
1.18656
0.694669
0.810658
1.18225
1.0763
1.70041
1.32037
1.09463
1.32542
0.998595
1.00391
0.766625
1.30135
1.66976
1.35419
1.35929
1.44334
1.7277
1.43151
1.28655
1.51771
1.2474
1.2009
1.09645
1.0666
1.42137
1.30511
1.03924
1.57506
1.40167
1.40379
1.90224
2.24718
2.62476
2.22807
1.98977
2.62839
2.46414
2.32143
2.25556
1.381
1.404
1.5188
1.5119
1.21728
1.38885
0.772799
0.902466
1.3357
0.813558
0.781595
1.11186
1.20718
1.6778
1.03171
1.25684
1.23809
1.2785
1.21186
1.44042
1.27387
1.45709
1.29941
1.21374
1.30701
1.24089
1.33546
1.03849
1.30186
1.36271
1.62941
1.74622
1.83175
1.85101
1.45504
1.7371
1.97149
1.97365
1.91058
1.86192
1.96513
1.85903
1.7812
1.658
0.997895
1.10037
1.44366
1.55787
1.62843
1.76731
1.82763
1.8766
2.33386
2.10295
1.77439
2.00262
2.17936
1.94594
1.90922
1.61351
1.76213
1.59352
1.76204
1.84956
1.9187
1.68484
1.60901
1.67311
2.25854
1.84049
1.89988
1.88404
2.04959
1.63977
1.52447
1.27243
1.50792
1.41752
1.57276
1.84442
1.75489
1.51124
2.05961
1.67154
1.03552
0.822209
1.08988
1.30886
1.48994
1.3978
1.48972
1.96364
1.90017
2.03715
1.92597
2.43774
2.57017
2.13103
2.38366
2.20766
2.12667
2.14158
1.81892
1.92516
1.79908
1.72598
1.8449
2.4506
2.69492
2.27253
2.20642
2.01952
1.50673
1.50683
1.74797
1.22161
1.30562
1.2123
1.42127
1.29171
1.02683
1.19882
1.03788
1.32895
1.36174
1.47504
1.31873
1.37192
1.34732
1.54196
1.17295
0.821094
0.758274
0.931631
1.27975
1.57718
1.33964
1.48193
1.75486
1.74442
1.7638
1.73228
1.4567
1.31525
1.36304
1.0708
1.12103
0.97219
0.916232
1.38902
1.33153
1.44683
1.41815
1.346
1.69384
2.30165
2.29806
2.17072
1.46776
1.53487
1.38017
1.24402
1.13125
1.24965
1.34196
1.38292
1.33131
0.993405
1.01894
0.8479
1.01873
1.33438
1.69993
1.80925
1.74403
1.59831
2.3005
1.63804
1.78901
1.79136
1.57616
1.18945
1.03977
1.00856
1.36821
1.04423
1.3025
0.956963
1.01802
1.02779
1.32706
0.99301
1.2482
1.62261
1.65518
1.39086
1.74585
1.95772
1.99743
1.67713
1.84184
1.9245
1.27092
1.08432
1.13115
1.11715
1.31453
1.74811
1.68802
0.799175
0.813085
0.90582
1.2559
1.42161
1.43678
1.43523
1.61346
1.77089
1.56868
1.35573
1.26795
1.32278
1.34884
1.41522
1.38477
1.56044
1.78392
2.09987
1.73683
2.19249
2.12841
1.84534
1.84933
1.91032
2.08535
2.02776
1.75242
1.8969
2.21969
2.34161
2.0099
1.94425
2.31465
2.35933
2.54834
2.79812
2.41236
2.29736
1.79811
1.51752
1.27995
1.86783
1.64056
1.9559
2.35936
2.12242
2.17528
1.66341
2.16572
2.16149
2.18866
2.19209
2.1226
1.80462
2.34623
1.88482
1.79337
1.91155
2.24886
2.49905
2.32413
2.83461
1.98632
1.85374
1.94063
2.35038
2.34325
2.11811
1.92656
1.72888
1.91843
1.12745
1.39304
1.29086
1.7826
2.10907
2.51172
2.60434
2.14003
1.97853
2.00575
2.06764
2.10107
1.65577
1.75452
1.57498
1.54526
1.68554
1.3015
1.39726
1.54743
1.15172
1.33668
1.56054
1.91268
1.88689
2.26446
2.60657
2.45278
2.75768
2.89552
2.86871
2.39585
2.24542
2.55916
2.56533
2.4826
2.51974
2.05573
2.07676
2.12664
2.16159
1.87975
1.71965
1.84503
2.16309
2.12547
2.54802
2.87625
2.77764
2.57693
2.52414
2.22524
2.34275
2.30816
2.02221
1.75019
1.87449
1.79212
1.72635
1.8574
1.80195
1.77685
2.09495
1.47191
1.18432
1.51906
1.76579
1.57604
1.69252
1.40442
1.61173
1.55782
1.49828
1.53449
2.15606
2.19221
1.65667
1.40002
1.95399
1.82131
1.1462
1.36279
1.98454
1.41255
1.52883
1.56627
1.73091
1.87546
2.16613
1.95001
1.81162
1.99677
1.74308
1.86876
1.02822
1.31237
0.851573
0.696575
0.837612
1.00371
0.980053
1.26367
1.09676
1.03409
1.27392
1.1678
1.37288
1.3921
1.59182
1.64227
1.70036
1.38194
1.211
1.30774
1.24462
1.36223
1.11186
1.08071
1.22496
1.46782
2.05454
2.12642
2.74886
2.43772
1.67558
1.55517
0.92871
0.782401
0.831175
0.888593
1.1384
1.23392
0.737638
0.725778
0.917787
0.959507
0.768528
0.990503
0.32112
0.32324
0.79406
0.910039
0.812474
1.18335
1.11999
1.1013
1.36927
0.990752
0.765514
0.493915
0.648669
1.13565
1.02602
1.03728
1.14095
1.47095
1.5721
1.30336
0.892849
0.850728
0.87017
0.872914
1.00737
0.74393
1.03261
0.923157
1.0379
0.94634
0.763247
0.681504
0.605927
0.8993
1.23926
0.968373
0.784433
0.577904
0.262946
0.453649
0.610899
0.636457
0.511691
0.0942879
0.401061
0.249288
0.2654
0.181681
0.552591
0.832571
0.655277
0.738539
0.751772
1.30759
1.2575
1.46812
1.22243
1.0622
1.05822
1.07638
1.1331
1.50137
1.32615
1.53366
1.44715
1.71182
1.68666
1.46907
1.20559
0.951046
1.34404
1.57774
1.37078
1.7955
1.67122
1.53731
1.49635
1.25269
1.48727
0.927963
0.890198
0.68006
0.827893
0.45119
0.672823
0.649646
1.14879
1.23685
1.03667
0.720879
0.593644
0.48785
0.315209
0.0814729
0.216899
0.00321642
-0.0718865
0.0408751
0.759883
0.838876
0.379004
0.817691
1.03963
1.3898
1.18369
1.44513
1.32704
1.32984
1.20104
1.08308
1.04081
1.28263
1.12773
1.57081
1.35641
1.55582
1.49999
1.35515
1.36791
1.00507
1.2832
1.02478
1.48548
1.48905
1.22847
0.948242
1.04265
1.23899
1.14932
1.25094
0.975944
1.09835
0.872675
0.649408
0.360298
0.738387
0.865493
1.19424
1.43561
1.44747
1.48453
1.75194
1.55376
1.2589
0.968545
0.994495
0.883217
1.16976
0.982999
1.00651
0.956964
0.94439
0.950403
0.964643
1.24183
1.55059
1.91353
1.93271
1.80549
1.63964
1.21969
1.41116
1.49533
1.21742
1.08803
0.892156
0.996553
1.09647
1.14686
1.44984
1.38477
1.1099
1.26817
1.4477
1.37155
1.47624
1.04688
1.48792
1.54183
1.55001
2.0467
1.69304
1.36363
1.68783
1.92361
1.93556
1.61358
2.13022
1.94248
1.99208
1.85429
1.43567
1.31121
0.837833
1.25641
1.14139
1.04369
1.09299
0.979895
1.00282
0.616431
0.640896
0.692378
0.599669
0.533572
0.943056
1.05975
0.374003
1.08082
0.91123
0.73628
0.642213
0.748527
0.624701
0.751783
1.19927
1.30593
1.61847
1.35395
1.02106
1.4245
0.850185
0.715529
0.450885
0.787686
0.588495
0.878543
1.12701
0.978828
0.726282
1.02377
0.757151
1.43217
1.23888
1.40983
1.40479
1.81651
1.70812
1.95567
1.92863
1.78889
1.81377
1.51584
1.15447
1.44701
1.33829
1.40776
1.4119
1.7962
1.82982
1.72478
1.55445
1.20731
1.26549
1.19042
1.22537
1.59093
1.7139
1.74009
1.76581
1.17629
1.26108
1.29231
1.45651
1.48649
1.54751
1.31719
1.28042
1.5913
1.59526
1.30388
1.45999
1.60189
1.35945
1.1746
0.899435
1.03086
1.25674
0.854009
0.631641
0.937881
0.899595
0.807979
0.577774
0.762958
0.428013
1.09718
0.833986
1.22069
1.60015
1.49506
1.45608
1.21981
0.832984
0.976035
1.10396
0.930209
0.749336
1.24961
1.55253
1.60192
1.82266
1.32213
1.57537
1.72088
1.7814
1.61909
1.90944
2.34687
2.52455
2.24983
2.3163
2.18939
2.05198
1.94351
2.31734
1.9648
1.92184
1.63067
1.19012
1.24715
1.24188
1.77703
1.8794
2.05035
2.1159
1.89293
1.82885
1.99364
2.02321
1.81963
1.89556
2.11885
2.09984
1.88857
1.73611
1.77643
2.00741
2.06242
2.09454
1.77828
1.49725
1.29006
1.19686
0.740742
0.814887
0.721256
0.885842
0.632255
0.646438
0.910531
0.975035
1.38646
1.35163
1.55136
1.89364
2.60796
1.86014
1.63029
1.54827
1.67142
1.58791
1.70157
1.28651
1.70481
1.39802
1.42934
1.31776
1.83007
1.67576
1.80252
1.43058
1.43821
2.17393
1.88982
0.984527
1.15965
1.35413
1.63194
1.80549
2.00515
1.69853
1.73221
1.49507
1.72323
1.48132
2.11927
2.31776
2.31447
2.45646
2.49817
2.1881
2.00565
2.34787
2.07779
1.84057
2.00675
1.79664
1.85586
1.75131
1.33636
1.77104
1.82063
2.35053
2.3005
2.6532
2.19591
1.94312
2.16736
1.75699
1.33195
1.94281
1.74913
1.63788
1.85195
2.6178
2.65223
2.60997
2.21381
1.85402
1.89222
2.40248
2.56846
2.46428
2.07092
2.11692
2.11374
2.02099
2.52535
2.46125
2.17641
2.24868
2.62293
2.78812
2.78859
2.10802
1.63516
1.94097
1.74325
2.07036
1.90786
2.08675
1.81345
2.07327
2.20331
2.20734
1.74648
1.65387
1.65629
1.74685
1.7782
1.89493
1.91865
2.52602
2.75273
1.92434
2.00884
2.49802
1.73954
1.71956
1.48337
1.52046
1.54864
2.04056
2.10808
1.97706
1.85455
1.74445
2.16199
1.99224
1.9204
1.82426
2.03004
1.6306
1.74692
1.8183
1.87381
1.61391
1.55098
1.5013
1.69981
1.6845
1.93405
2.09187
1.94447
1.54893
1.05913
1.35398
1.23256
0.979855
1.3352
2.24118
2.54834
2.55012
2.58198
2.7923
2.3216
2.09537
1.73002
1.78016
1.39018
1.54201
2.05693
2.15257
1.88679
2.14787
2.10102
2.01921
1.76372
2.03007
1.69138
1.6299
1.38592
1.33788
1.58268
1.43853
1.35077
1.43194
1.64345
1.9249
1.96554
1.70639
1.52586
1.08821
1.04657
1.38731
1.27835
1.21893
1.52137
1.49307
2.07718
1.93625
1.69621
1.38223
1.72905
1.73774
1.8184
1.35464
1.35421
0.863357
1.13181
1.0781
1.26937
1.38987
1.0941
1.20628
0.763558
1.20382
1.37248
1.67137
1.29646
0.831936
1.17567
0.982686
1.11212
1.42088
1.33548
1.42288
1.58952
1.70934
1.31427
1.11256
0.918912
1.30964
1.09564
1.22733
1.19237
1.15988
1.54244
0.983173
1.40825
1.6405
1.63444
1.19556
1.70686
1.59619
1.47727
1.46784
1.36969
1.31975
1.15536
1.45914
1.23939
1.38401
1.32074
1.63097
1.28401
1.68777
1.36327
0.980874
0.988115
1.1523
1.31162
1.06751
1.32188
1.19104
0.820029
1.13568
1.07264
0.906215
0.764957
0.739238
1.17762
1.05619
0.728659
0.822982
1.40823
1.058
1.12382
1.17509
1.61405
1.99758
1.35808
1.08669
1.30323
1.49597
1.49632
1.96935
1.77109
1.20158
1.35487
1.28722
0.823652
1.34606
1.57804
1.6007
1.88731
1.0396
1.21694
1.3784
1.25484
1.33643
1.52273
1.55418
1.27169
1.32912
1.33654
1.07569
1.28359
1.571
1.42422
1.49971
2.02458
2.15507
1.95552
1.72136
1.75234
2.01586
1.61766
1.50345
1.5923
1.56245
1.2378
1.17054
1.19863
1.09608
1.40576
1.11565
1.13317
1.61152
1.64371
1.56237
1.50497
1.98336
2.59185
2.05426
1.92205
1.52905
1.33028
0.858435
0.641072
0.714982
0.444383
0.530183
0.594483
0.472821
0.586088
0.669968
0.49353
0.741718
0.728199
0.528438
1.34326
1.2405
1.23308
0.943197
1.19409
0.838879
0.676631
0.364069
0.545837
0.0977057
0.624204
0.485078
0.516583
0.646837
0.433475
0.616318
0.386285
0.280712
0.372708
0.322883
0.570765
0.421461
0.330258
0.270179
0.264427
0.559571
0.434392
0.748387
0.821561
0.606959
0.859774
0.745716
0.972406
1.41069
1.61854
1.54531
1.90377
1.49894
1.72836
1.41801
1.32702
1.57617
1.84316
1.61441
1.688
1.56171
1.49816
1.4963
1.51424
1.15427
1.09954
1.16565
0.827407
1.04533
0.470334
0.246112
0.563995
0.293935
-0.0338372
0.377895
0.885488
0.917298
0.567861
0.620095
0.885189
0.9971
1.19789
1.18861
1.07252
0.762992
0.907137
0.750032
0.690356
0.882362
0.864944
1.29854
1.18807
1.17483
1.34422
1.59113
1.154
1.85955
1.62981
1.53573
1.76109
1.73214
1.59662
1.58833
1.2843
1.55707
1.92318
2.00075
1.68753
1.53482
1.38335
1.65224
2.10967
2.07408
1.72028
2.28494
2.28469
2.27393
2.632
2.62007
2.11816
2.26734
1.46417
1.32239
1.04094
1.38237
1.1362
1.00685
1.34803
1.39933
1.31442
1.13773
0.714382
0.530926
0.890991
1.07441
1.11658
1.08905
1.71409
1.90842
2.09169
1.60062
1.66161
1.9391
1.90582
1.7652
1.9965
2.2473
2.289
2.32816
2.29897
1.77959
1.19126
2.02034
2.20419
2.75726
2.47373
2.15486
1.88947
2.3496
2.02755
1.31064
1.62686
1.30847
1.62214
1.55866
1.7086
1.30122
1.00549
0.783123
0.660761
1.26832
1.13635
1.03888
0.913102
0.598821
0.634917
0.887475
1.16721
1.59462
1.41268
1.40719
1.17068
1.2393
1.22851
1.2927
0.805867
0.986009
1.31983
1.53267
0.842251
1.01881
1.53417
1.6449
1.4323
1.81246
1.45787
1.32991
1.62917
1.79722
1.24854
1.6277
1.12941
0.976138
0.814375
0.70109
0.678085
0.506007
0.830264
1.08292
1.40342
0.934953
0.618615
0.44347
0.607037
0.630494
0.780676
1.09484
1.0456
0.840573
0.812402
1.03005
1.12455
0.996414
0.866134
1.35836
1.27115
1.09812
1.15707
1.2436
1.29762
1.36487
1.33439
1.17876
1.33529
1.65082
1.21886
1.5477
0.960929
1.18306
1.18591
1.21114
1.36047
1.60882
1.64408
1.66405
1.26823
1.68753
1.72688
1.43418
1.56769
1.90781
1.2915
1.61163
1.37317
1.25127
1.27201
1.60409
1.43861
2.07593
1.70687
1.42815
1.63369
1.40985
1.17623
1.42209
0.729447
0.779809
0.971334
1.25223
1.53249
1.19468
1.16902
0.99622
1.05427
1.10872
0.558325
0.498772
0.435104
0.639019
0.477541
0.544066
0.796356
0.553604
0.667883
0.871086
1.01394
1.38518
1.28806
1.04778
1.48297
1.31875
1.29787
1.10819
1.0709
1.17823
1.00921
1.01926
1.62066
1.27026
1.36331
1.03441
1.52697
1.057
1.25407
1.05015
1.00799
1.21894
0.833657
0.978622
1.22312
1.05883
0.831767
1.68879
1.6094
1.71214
1.64301
1.52504
1.44281
1.46698
1.1033
1.60061
1.4727
1.30288
1.41796
1.54186
1.41387
1.27045
1.77891
1.74433
2.00219
1.91393
1.69304
1.55053
1.57167
1.80285
1.68487
1.63494
1.73037
1.65334
1.54124
1.75858
1.94478
1.94167
2.09455
1.91171
1.94626
1.82281
1.98397
2.14474
2.01909
2.13228
2.17664
2.13812
2.38061
2.00807
1.98658
1.80847
2.0739
1.73184
2.09206
2.50486
2.5739
3.17346
3.21636
2.31575
2.11924
2.42125
2.16511
1.98572
1.94008
2.21217
1.86578
1.72068
1.32638
1.22628
1.32833
1.44437
1.54312
1.64203
1.30734
1.91891
1.48285
1.65081
1.70188
1.35008
1.11493
1.17388
1.10725
0.82497
0.890571
1.07421
1.0529
1.13247
1.62073
1.87629
1.68065
1.66295
1.96484
1.79227
2.23862
2.00059
1.72918
1.84084
2.03439
2.08874
2.21716
2.1473
2.14454
1.91827
2.14946
2.05343
2.10509
2.0563
1.75893
1.51433
2.05839
1.62176
1.60723
1.83567
2.19006
2.35106
2.03967
1.84283
2.31186
2.4457
2.73856
2.8309
2.24566
2.09574
2.03319
2.03544
2.15529
2.15704
2.25188
1.77292
1.90566
1.73152
1.70569
1.5303
1.50722
1.63076
1.66567
1.76077
1.60808
1.61963
1.62494
1.75538
1.54483
1.40635
1.78428
1.99684
1.42174
1.58701
1.10134
1.22792
1.67135
1.42911
1.34255
1.26895
0.832832
0.861863
1.36038
1.43581
1.69863
1.54418
1.32199
1.21606
1.34869
1.5995
1.72005
1.45879
1.59973
1.43847
1.446
1.6205
1.22278
1.05344
0.900713
0.995947
0.86482
0.863792
0.979909
0.875492
1.50755
1.54261
1.46441
1.28934
1.22013
1.51114
1.1345
1.48304
1.54752
1.46487
1.23365
1.38791
1.01759
1.65742
1.59694
1.87146
1.4767
1.26579
0.947874
0.765582
0.977338
1.27539
1.61898
1.45731
1.59384
1.69564
1.21385
0.958733
1.36421
1.30755
1.76059
1.59036
1.50725
1.48206
1.46537
1.19429
1.24133
1.45232
1.67978
1.54853
0.95722
1.05763
1.20079
1.17453
0.950055
0.903701
0.898188
1.05557
1.24123
1.5101
0.91103
1.00037
0.74526
1.00342
1.19523
1.31191
1.3351
0.872597
1.06603
1.31523
0.844743
0.836271
0.721825
0.644281
0.413595
0.245044
0.225687
0.527288
0.497343
0.368499
-0.0817774
-0.00578436
0.566661
0.972268
1.16781
1.10531
0.916128
0.697226
0.579351
0.680904
0.879651
0.691849
0.928565
0.698165
0.774579
0.536312
1.10062
0.989987
1.2808
1.30195
1.23001
1.33551
1.18742
0.814784
0.474044
0.586791
0.622495
0.973751
1.0028
0.731915
0.871748
0.738982
1.44129
1.41473
1.31798
1.40317
1.57356
1.5432
1.61775
1.63055
1.47597
1.09989
1.06516
1.17574
1.06798
0.626372
0.846634
0.522996
0.791057
1.01331
0.728598
0.692104
1.17123
0.779295
0.604421
0.465054
0.693652
0.625133
1.09556
1.33579
1.10418
1.23719
1.13847
1.37424
1.34249
1.24486
0.790025
0.79085
0.912325
1.08491
1.04774
1.25727
0.72858
0.946624
0.542539
0.401916
0.576806
0.415235
1.35161
0.99928
1.2752
1.13403
0.930424
0.431456
0.621137
0.743748
0.476316
0.58468
0.479806
0.180724
0.0564868
0.394434
0.870704
0.838193
1.06773
1.31738
1.05127
0.735189
1.06686
0.695669
0.348541
0.344078
0.762761
0.879898
1.10492
0.632352
0.904586
1.02738
0.911333
0.928652
1.11837
1.23191
1.35317
1.43618
1.28962
1.37636
1.23252
1.46052
1.85243
1.46277
1.68211
2.12315
1.98048
1.98987
1.78635
1.68506
1.50526
1.78436
1.70705
1.5589
1.25743
1.25756
1.58931
1.5713
1.36662
1.26583
1.24914
1.33562
0.962262
0.838681
0.805219
0.474152
1.34359
1.41409
1.22246
0.997047
1.3651
1.22981
1.23397
0.955108
0.979955
1.4198
1.26084
1.26909
1.60188
1.61916
1.30058
1.31085
1.24131
1.4063
1.40258
1.49911
1.44321
1.23875
1.60961
1.80887
1.25275
1.3565
1.14661
1.30249
1.1847
1.24762
1.20503
1.3039
1.80089
1.87317
1.78519
1.65824
1.90597
2.05374
2.07706
1.90968
2.02261
1.95362
1.96867
2.08407
1.87603
1.47873
1.4963
1.3961
1.35164
1.12026
1.46533
2.00065
1.79077
1.57961
1.87649
2.17291
2.12387
2.20905
2.28537
2.09233
1.92828
1.58776
1.25414
1.3671
1.26425
1.44782
1.23897
1.49556
1.42604
1.42044
1.69588
1.98618
1.76027
1.6496
2.01156
1.53696
1.94722
2.05769
1.55869
1.21793
1.22144
1.20616
1.14139
1.06538
1.12056
0.978189
1.04012
1.67778
1.54875
1.1474
1.0811
0.898024
0.724877
0.461135
0.1787
0.51323
0.853632
1.37639
1.0894
1.49493
1.48092
1.52204
1.78696
1.45325
1.68345
1.60222
1.71252
1.91718
1.64487
1.97724
1.93754
2.04639
1.52687
1.72063
1.42763
1.50169
1.33388
1.45794
1.39067
1.37666
0.96369
0.768234
1.09394
1.32179
1.1944
1.28001
2.09206
2.45061
2.13921
1.87952
2.04701
2.2117
2.15711
1.97181
1.946
1.93715
1.39478
1.44933
1.26982
1.37759
1.27052
0.955954
0.784439
0.91789
0.899229
0.732362
1.18726
1.12707
1.11794
1.17633
1.13545
1.15243
1.28533
0.719437
1.12077
1.17902
1.21544
1.38176
1.48519
1.56804
2.02959
2.07645
2.22044
2.0597
2.21926
1.36334
1.33815
1.28929
1.43714
1.1317
1.65465
1.68964
1.26248
1.04021
1.43494
1.4137
1.42662
1.40477
1.46798
1.37727
1.6121
1.46669
1.45935
1.10097
0.83655
0.756645
1.77289
1.51295
1.43816
1.19993
1.36351
1.27576
1.33931
1.27174
1.22186
0.98611
1.48652
1.07641
1.17706
1.23301
1.35762
1.51948
1.12591
1.00129
1.10372
1.0988
1.19088
1.17251
1.29838
1.42268
1.38429
1.6411
1.3799
1.30503
1.68218
2.04254
1.71237
1.84579
1.57692
1.68656
1.67191
1.77277
1.51867
1.73922
1.79442
2.11884
1.59395
1.64164
1.73819
1.83378
2.01492
2.02612
1.82659
1.66943
1.64733
1.60772
1.86048
2.02476
1.63965
1.43832
1.62455
1.28538
1.22573
1.02624
1.64105
1.84666
1.84505
1.81562
1.52676
1.53791
1.2467
1.07414
1.39418
1.40422
1.29744
1.29013
1.2649
1.01145
1.12042
1.22003
1.1412
0.769397
1.11177
1.01172
1.08583
1.11168
1.08411
1.06588
0.871588
1.05056
0.875778
0.92413
1.05591
1.05582
0.82458
0.797779
0.561291
1.12913
1.16025
0.936162
1.18305
1.47624
1.24438
1.02232
1.12631
1.13752
1.35451
1.09656
1.53757
1.42425
1.49468
1.22932
1.61929
1.51379
1.7413
1.6133
1.72817
1.18638
1.57105
1.22736
1.88935
1.33019
1.73524
2.0659
2.28578
1.7073
1.31281
1.6818
1.57442
1.0929
1.07492
1.02478
1.06825
0.662065
1.11472
1.33039
0.972877
0.971289
0.640831
0.618524
0.82907
1.22037
1.06141
0.577214
0.610206
0.703494
0.862297
0.963087
1.29483
1.31619
0.862736
0.994538
1.23877
1.49555
1.33043
1.31311
1.12972
1.18309
1.35603
1.26622
0.636469
0.699758
0.522623
0.313722
0.275395
0.477241
0.4887
0.455199
0.998756
0.809249
1.09369
1.24646
0.999589
1.05137
1.54751
1.32838
1.31104
1.32139
1.44902
1.16262
0.904679
0.813109
0.800548
1.09765
1.08298
0.888935
1.01588
0.378363
0.6963
0.958853
0.899154
0.96015
0.86454
1.23353
1.11049
0.803468
0.624747
0.758205
1.16242
1.37747
1.66338
1.63111
1.2398
1.1756
1.29689
1.60996
1.00076
1.03358
1.23599
0.976271
0.858704
0.746119
0.966374
1.11568
1.37747
1.20493
1.09018
0.914661
0.74573
0.817631
1.0331
0.659503
0.469339
0.86233
0.705731
0.710721
0.61428
0.597567
1.00245
1.07127
0.632884
1.0396
0.899499
0.874207
0.65571
0.903139
1.31389
1.63789
1.5791
1.5899
1.72681
2.04803
1.88738
1.42496
1.661
1.3597
1.3289
1.36363
1.3192
1.91374
1.72189
1.28251
1.06286
1.05666
1.09418
1.12866
0.989921
1.30104
1.09826
0.882798
0.782468
0.844777
0.435615
0.783165
1.11736
1.20193
1.03934
0.969825
1.18544
1.78955
1.96468
2.09936
2.01255
2.27827
2.64633
2.0502
2.3909
2.20088
1.66194
1.38607
1.41358
1.13916
1.25232
1.55765
1.14078
1.36671
1.21515
1.40528
1.29623
1.2463
1.20716
1.28564
1.51262
0.945171
1.24061
1.46572
1.19753
1.11772
1.34944
1.47168
1.31145
1.13459
0.859158
1.6486
1.48427
1.5898
1.4207
1.51812
1.57872
1.9177
1.74077
2.07919
2.0387
2.31456
2.12427
2.14881
1.62159
1.06654
1.21068
1.40798
1.32223
1.30243
1.48997
1.49603
1.3824
1.93643
1.83539
1.33685
1.63868
1.68722
1.43218
1.32019
1.29864
1.10195
1.09911
1.27178
1.53901
1.76168
1.46216
1.4189
1.55271
1.42473
1.10285
1.23066
1.2208
1.68862
1.59793
2.05938
1.80942
2.04955
2.04805
2.1733
1.8734
2.02678
1.96866
1.85931
1.11128
1.18371
1.31875
1.12183
1.40859
1.4945
1.83844
1.3636
1.50412
1.04912
1.28358
1.31032
1.69937
1.61509
1.6432
1.50807
1.6565
1.69927
1.53586
1.52464
1.16471
1.64527
1.32997
1.0224
0.959199
1.35327
1.29078
1.16219
1.26961
1.6805
1.52668
1.67229
1.43684
1.32417
1.40841
1.35298
0.740513
0.605063
0.355732
0.294318
0.533757
0.639905
1.12284
1.11039
0.877334
0.741155
0.73176
0.486199
0.599259
0.70004
0.958966
0.646564
0.825678
1.0047
1.15563
1.23274
1.59198
1.472
1.23324
1.0652
0.926511
0.722082
0.405864
0.876938
0.789328
0.843874
0.857725
0.522722
1.01112
1.0265
0.820104
0.664561
0.663663
0.646933
1.28081
1.07359
1.5199
1.25789
1.88244
2.19063
2.54407
1.87825
1.90423
1.42023
1.30683
1.01788
1.17966
1.38733
1.38878
1.6154
1.39173
1.16451
1.29712
1.30352
1.05227
1.06536
1.12138
1.28184
1.48794
1.38009
1.28975
1.60021
1.25383
1.23627
1.0794
0.932781
0.826288
0.949339
1.40953
1.45538
1.7
1.60726
1.23215
1.37124
1.29048
1.27298
1.54015
1.88256
1.89831
1.56839
1.34306
1.46273
1.55162
1.87135
1.67005
2.09374
1.92065
1.88441
1.5791
1.61589
1.90704
1.63219
1.60307
1.61221
1.53865
2.04656
1.98527
2.00168
1.76145
1.96775
1.97232
2.04121
2.05619
1.41356
1.3294
1.23148
0.853633
0.884011
1.06481
1.10804
0.959661
0.501911
0.451136
0.509475
0.616554
0.774008
1.18986
1.61703
1.35416
1.43667
1.87844
1.81199
1.9472
1.72916
1.92112
2.30379
2.27795
1.84193
1.84799
1.94522
1.61979
1.41809
1.22353
1.06941
0.778379
1.26231
1.44378
1.47723
1.42396
1.63521
1.15625
1.3722
1.49653
1.55589
1.62095
1.51593
1.04348
1.44363
1.22444
1.72786
1.78676
1.63799
1.91576
1.97583
1.84583
1.80481
1.74111
1.2885
1.4253
1.28224
1.7011
1.65563
1.70614
1.92399
1.70957
1.67525
1.43399
1.74135
1.4772
1.56568
1.26911
1.34064
0.95593
1.00802
1.07594
1.25007
1.32275
1.74294
1.39988
1.76754
1.14707
1.45052
1.30721
1.51752
1.64242
1.67472
1.51685
1.87949
1.87232
1.80491
1.67064
1.20776
1.39999
1.2702
1.51067
1.72099
1.2445
1.04842
1.49183
1.64324
1.74565
1.18603
1.29716
1.13157
1.07039
0.955278
1.11626
1.46504
1.45051
0.941395
1.03403
1.24126
1.29582
1.17587
1.294
1.58324
1.82962
1.6466
1.53428
1.32776
1.97841
1.14727
1.46682
1.04325
1.92141
1.42154
0.990989
1.00518
1.28353
0.853295
0.938741
0.773862
1.29609
1.55515
1.42001
1.51997
1.724
1.49787
1.59579
1.26339
1.10174
1.15064
1.68392
1.61197
1.12899
1.23625
1.28828
1.21123
1.11531
0.906809
0.825342
0.993462
0.983582
0.909819
1.23043
1.47473
1.40569
1.38248
1.11774
1.62377
1.70359
1.53671
1.89111
1.51564
1.78649
1.25177
1.40247
1.3421
1.35328
1.6279
1.77821
1.53013
1.67836
1.6363
1.64721
1.81757
1.77478
1.52604
1.82085
1.67676
2.08589
1.7726
1.71517
1.71093
1.89687
1.5993
1.7671
1.39119
2.25872
1.6694
1.33254
1.42829
1.68812
1.28395
1.73903
1.54899
1.79271
1.64005
1.53602
1.623
1.27552
1.54956
1.46033
1.80806
1.72932
1.66006
1.71019
1.51833
1.43973
1.44562
1.32195
1.47569
1.74327
1.763
1.91253
1.62219
2.04141
1.87935
1.83123
1.66541
1.71052
1.46123
1.08425
1.78178
1.58755
1.82915
1.47043
1.37505
1.22125
1.32664
1.45295
1.60995
1.52536
1.66334
1.77608
1.76512
1.7573
1.58702
2.13849
1.90545
1.65388
1.84944
2.31176
2.04833
1.71088
1.90003
1.2633
1.45408
1.04337
1.28616
1.62702
1.43878
1.53779
1.47743
1.67508
1.0705
1.65965
1.74776
1.69334
1.95016
2.34747
2.71549
2.97423
2.70565
2.19769
1.93508
2.21662
2.08026
2.09516
2.13215
2.11047
1.85149
1.28726
1.83075
1.51827
1.49095
1.65561
1.25714
1.53432
1.4752
1.47782
1.61871
1.44645
1.53939
1.39327
1.02057
0.91415
0.991926
1.34485
1.39499
1.13756
1.105
1.09931
1.2889
1.0412
1.30871
1.71357
1.33737
1.3853
1.77154
2.06717
1.96915
2.08973
1.65693
1.85949
1.79902
1.97155
1.68992
1.53811
1.46445
1.34847
1.1789
1.26192
0.942611
0.969073
0.536683
0.697332
0.710076
0.601595
0.967248
1.02092
0.78609
1.21881
1.59305
1.62107
1.83602
1.66311
1.12078
1.37556
1.69965
1.65241
1.44192
1.19855
1.50929
1.72501
1.42164
1.31893
1.01301
1.58165
1.47983
1.46008
1.29829
1.22666
1.53933
1.34857
1.48104
1.64651
1.33047
1.41985
1.73384
1.85191
1.93075
1.95742
1.71345
1.65163
2.48419
2.80447
2.49655
2.25401
1.96991
1.91404
1.65088
1.68891
1.79834
2.06047
2.48509
2.12358
2.01894
2.08072
1.6273
1.38998
1.70457
1.7108
1.65875
1.77477
2.10287
1.69623
1.51849
1.82518
1.88403
1.45362
1.68263
1.79987
1.59954
1.51533
1.85524
1.94564
1.76103
1.34364
1.90478
2.08283
1.3772
1.54932
1.59086
2
2.44977
2.50925
2.51279
2.76906
2.35209
2.0882
2.25326
1.78116
1.84609
1.66852
1.27468
1.13928
0.96264
0.729574
0.81815
0.359119
0.595264
0.773746
1.08688
1.24148
1.25555
1.12257
0.999592
0.759743
0.484433
0.645095
0.876846
1.23004
1.02844
1.22347
0.822972
0.546621
0.73409
1.0853
0.781372
0.67404
1.00512
1.37348
1.58399
0.978683
1.33417
1.70655
1.89237
1.57343
1.45769
1.49481
1.35175
1.27111
1.12853
1.01741
0.853039
1.41984
1.64302
0.988368
1.24997
1.50202
1.72311
2.12985
1.93167
1.5504
0.711631
0.728431
1.2572
1.17764
0.946032
0.982198
0.796288
0.848141
0.845609
0.881885
1.10617
1.27252
1.60228
1.41489
1.00986
0.961934
1.3597
1.71116
1.74599
1.92847
1.79231
1.82167
1.53884
1.56263
1.24833
0.840102
0.912096
0.857828
1.50255
2.05772
2.13285
2.46604
2.44184
1.79098
1.8884
1.93607
1.83086
1.93897
2.15975
2.34457
2.22266
2.21592
2.20118
2.08264
1.63436
1.46912
1.59551
1.44129
1.55706
1.60832
1.23042
1.27745
1.49782
1.81317
1.7612
1.98738
1.3045
1.42439
1.37944
1.18047
0.523292
0.605594
1.28369
0.986185
0.721964
1.19553
1.37274
1.30347
1.41285
1.36085
1.10508
0.852355
1.17782
0.918225
0.684048
1.39225
2.0787
2.27988
1.97871
2.19323
2.12222
1.78859
1.8441
1.39567
1.71897
2.14511
1.60482
1.43438
1.447
1.74616
1.37101
1.27647
1.28501
1.33033
1.41281
1.29842
1.77965
1.37955
1.65915
1.50941
2.07851
1.59676
1.75372
2.15908
1.88106
1.87721
2.22061
2.49704
2.65251
1.91681
1.77729
1.5985
1.59815
1.91596
1.59991
1.11534
1.1389
1.17008
1.34312
1.4054
1.23183
1.58673
1.64051
1.64955
1.66115
1.04548
1.03303
1.18654
1.02731
0.985276
1.82067
1.49217
0.774838
0.87112
0.782851
0.827879
0.550395
0.31821
0.648362
0.618525
0.457286
0.610158
0.692904
0.432546
0.804864
0.823584
1.31826
1.13803
1.37889
1.54749
1.48831
1.06933
1.24487
1.2692
1.19873
1.46638
1.50495
1.525
1.05481
0.997289
1.37863
1.36926
1.17668
1.30751
1.61277
2.02775
1.87901
1.94056
2.16407
1.85555
1.29249
1.47485
1.43293
1.64877
1.35305
1.54017
1.97738
1.85947
1.79193
1.79707
1.42055
1.85123
1.53307
1.33912
1.77181
1.21738
0.976547
1.10597
1.01758
1.27994
1.56627
1.82524
1.93531
1.18233
1.5961
1.73405
1.99603
1.82462
1.20234
1.35816
1.33001
1.37709
1.26047
1.28841
1.08592
1.07879
1.40862
1.87497
1.85572
1.81105
1.83205
2.27023
2.04346
1.85446
1.79403
1.57695
2.18726
2.24405
2.15168
2.26346
2.32859
2.19839
2.18611
1.62165
1.188
1.62083
1.41247
1.82509
1.9238
1.69536
1.63096
1.36638
1.22419
1.72098
1.78658
1.57332
1.59161
1.59768
1.87901
1.85331
1.96483
1.76316
2.03995
1.79419
1.76356
1.79066
1.65154
1.51491
1.1491
1.40323
1.55314
1.45418
1.76756
1.8404
1.75719
1.61975
1.78304
1.77039
1.82305
1.60949
2.09488
2.00658
2.04984
1.88806
1.70982
1.69759
1.87489
1.56741
1.48249
1.22574
0.996652
1.77319
1.48723
1.63233
1.36119
1.53278
1.67784
2.02726
2.08346
1.89504
1.66019
1.86385
1.7721
2.00367
2.08814
1.68339
1.93289
1.44925
2.04723
1.87654
2.10088
2.12641
2.04013
1.90762
1.62876
1.56142
2.04885
1.71003
1.90083
1.9158
2.30118
1.93626
1.81913
1.70159
2.06886
2.13794
2.46557
2.21089
2.30861
2.35017
2.19659
1.74801
1.67668
1.50563
1.62287
1.51275
1.46024
1.45297
1.55055
1.74023
1.93732
1.91238
1.63781
1.60751
1.88285
2.37922
1.8825
1.60837
1.26041
1.68976
1.84235
1.63832
1.28884
1.77089
2.01733
2.37129
2.19619
2.59928
2.96976
2.67828
2.81318
2.71919
2.35354
2.39431
2.04568
1.64297
1.7172
1.8064
1.47738
1.26916
1.55996
1.28514
1.10106
1.13979
1.40218
1.51907
1.75439
1.90565
1.99617
1.98785
2.00032
2.05507
1.87441
1.93879
1.40077
1.93457
1.11172
1.1903
1.50626
1.63305
1.64501
1.41805
1.25355
1.41501
1.59638
1.58169
1.57207
1.94359
1.83942
1.65481
1.66026
1.47059
1.44275
1.46182
1.30774
1.21857
0.900758
0.974609
1.0667
1.13666
1.03115
1.4081
1.38751
0.935309
0.85119
1.02686
1.10146
1.25726
1.2598
1.15814
0.997183
0.920411
1.35694
1.51787
1.17331
1.05548
1.12181
0.929394
1.1418
0.863538
1.3193
1.03532
1.52524
1.7108
1.23796
1.14676
1.13383
0.972728
0.977649
1.24565
1.35239
1.38119
1.2048
1.65417
1.54482
1.26064
1.11357
1.57243
1.88417
1.92726
1.71019
1.40436
1.487
1.10201
1.39764
1.39031
1.17718
1.18773
1.33583
1.52744
1.34809
1.21864
1.33171
1.42419
1.396
1.44349
1.52807
1.31777
1.02593
1.28827
1.3078
1.48943
1.78921
1.36471
1.63768
1.35791
1.64114
1.43599
1.47272
1.38002
1.26065
1.57595
1.07478
0.929921
1.23213
1.08673
1.05459
0.872106
0.818029
0.772323
0.77223
0.847808
0.590532
0.817662
0.409281
0.907852
0.827474
1.15026
0.991448
1.29073
1.0512
1.4453
1.34965
1.41996
1.4588
0.995685
1.48811
1.46092
1.65618
1.47805
1.90406
2.04683
1.84115
1.52981
1.23674
1.85387
1.4603
1.6879
1.16015
1.18934
1.43773
1.31613
1.08863
1.17954
1.26479
1.94351
2.34985
2.17441
1.9089
1.83356
2.02614
1.72336
1.86928
1.93937
1.92345
2.09732
1.3506
1.76032
1.49827
2.10008
1.57162
2.20587
1.9619
1.80537
1.81332
1.79299
1.51971
1.52604
1.30708
1.20263
1.52105
1.60539
1.43104
1.0297
1.19934
0.96402
0.984971
0.998345
1.06339
0.762513
0.94042
0.775488
1.09389
1.26768
1.34824
1.34716
1.33804
1.61485
1.84664
1.68482
1.89875
1.74116
1.50201
1.29716
1.05582
1.14005
1.20014
1.37753
1.5823
1.64834
2.06597
1.95463
1.40488
1.2806
1.51775
1.73705
1.56247
1.65346
1.85364
2.09176
1.88834
2.18437
2.1711
1.86953
1.7792
1.86935
1.5987
1.47586
1.63404
1.80783
1.66556
2.07884
1.40234
1.52201
1.75821
1.55675
1.85012
1.68129
1.77378
1.50517
1.68648
1.89163
1.74589
1.90156
2.07599
2.08582
2.21295
2.05716
1.77635
1.96755
1.96729
2.02452
2.1709
2.14434
2.44115
2.64925
2.85727
2.39511
2.12932
1.95502
1.83143
1.71918
2.0248
1.83906
1.83104
1.54751
1.62343
2.01642
1.95645
1.51559
1.15662
1.40838
1.26982
0.753215
0.588838
1.12958
1.34531
1.40837
1.65264
1.4575
1.21115
0.937326
1.00203
1.44362
1.01395
1.11454
0.63901
0.978889
1.38255
1.24454
1.51518
1.38358
1.16613
1.15135
1.28188
1.19542
1.15612
1.07971
1.51126
1.65763
1.77653
2.00281
2.00653
1.47712
1.23267
1.29015
1.31763
1.07885
0.902791
0.918553
0.799157
0.947276
1.16849
0.888489
0.952134
1.05778
1.15124
1.32838
1.35797
1.39005
1.2867
1.17493
1.58967
1.35497
1.14286
1.6143
1.66446
1.95929
1.76586
1.418
1.35947
1.04171
1.17387
0.844464
0.922447
1.08525
1.85434
1.70097
1.52416
1.44386
1.81153
1.47082
1.14777
0.975483
1.47971
2.19033
1.79704
2.01648
1.84404
2.1044
1.87315
1.58974
1.68667
1.44934
1.01027
1.56076
1.42172
1.62017
1.30577
1.49729
1.31481
1.15951
1.01731
0.763829
0.799307
1.12836
1.65597
1.51204
1.83969
1.83647
1.53421
1.08744
1.56801
1.35094
1.43335
1.70695
1.48084
1.41259
0.871748
1.1599
0.624086
0.771408
0.624634
1.14196
1.06371
1.17477
0.652344
0.871499
0.706702
0.767975
1.15353
0.784683
1.62663
1.19985
1.12571
1.41418
1.45515
1.0838
1.39929
1.29743
1.4068
1.69202
1.18279
1.41353
1.49371
1.55344
1.37431
1.89896
2.06765
2.0086
1.73112
2.06733
2.12009
2.23245
2.42401
1.87252
1.71552
1.84759
1.23972
1.31003
1.65277
1.76665
1.8053
1.85055
2.21206
1.59147
1.40474
1.19259
1.13617
1.34293
1.49497
1.82704
1.72711
1.49852
1.10035
1.18294
1.15615
1.46098
1.23355
1.58274
1.27028
0.840292
1.20025
0.888448
1.4216
1.54442
1.87348
1.52444
1.87606
2.04783
1.546
1.66105
1.90631
1.49314
1.32721
1.36521
1.46491
1.2858
0.878352
1.18375
1.43157
1.56325
1.24239
1.33903
1.34615
1.79733
1.76595
1.72366
1.21114
0.710462
0.697877
0.879129
0.7197
0.9076
1.19991
1.16782
0.89295
0.833991
0.855559
0.963302
0.813284
0.984257
1.07442
0.84706
0.897673
0.810242
1.28609
1.47271
1.6794
1.75961
1.60016
1.63687
1.46659
0.967301
0.88248
0.989279
0.999346
0.964796
1.20065
1.07352
1.38392
1.68173
1.54201
1.86311
2.00971
2.05814
2.09739
1.77131
1.43357
1.30408
1.29798
1.37322
1.46413
1.52206
1.50044
1.1554
1.33688
1.69953
1.20063
1.36859
1.71379
1.50305
1.61486
1.65545
1.59526
1.30643
0.978418
0.695996
0.520721
0.877245
1.02209
0.741641
1.21001
1.15463
1.65628
1.16991
1.42078
1.58874
1.52042
1.67273
1.6037
1.1635
0.956142
0.945117
0.638174
0.786012
0.584603
0.379641
0.467668
0.775069
0.800354
0.807405
1.15817
1.35438
1.74856
1.72822
1.49147
1.50311
1.62408
1.67861
1.66283
1.35841
1.60096
1.30766
1.01208
1.23856
0.710951
0.716393
0.968136
1.17679
1.09632
0.832389
0.85468
1.09878
1.38619
1.12009
0.587168
0.577912
0.884061
0.686788
0.646286
0.917874
0.744068
1.0541
1.06569
1.21511
1.379
1.74619
1.96392
1.88781
1.58747
1.66454
1.61128
1.81227
1.58114
1.74597
1.88549
2.20438
2.07082
2.60837
2.64783
2.73817
2.69434
2.74647
2.17412
2.35926
2.72173
2.94909
2.85917
2.6091
2.09239
2.23182
2.01322
1.7655
1.76413
1.58981
1.66886
1.48471
1.71363
1.80804
2.34
1.58161
1.69487
1.40794
1.59639
1.16754
1.0044
1.43873
1.36211
1.75401
1.6692
1.92252
1.9594
2.05637
2.26651
2.19275
1.65947
1.78503
1.85065
1.76778
1.5891
1.2862
1.43782
1.72724
1.68771
1.44458
1.61029
1.3198
1.01045
1.28844
1.32059
1.37073
1.27412
1.50634
1.40131
1.27559
1.24515
1.08997
1.60361
1.37056
1.35019
1.79563
1.90156
1.747
1.85553
1.3774
1.60345
1.75818
1.86507
1.87684
2.06689
1.65919
1.38334
1.45097
1.29985
1.82812
1.97634
2.26357
2.06114
1.64983
1.6783
1.71258
1.66522
1.45431
1.20746
1.22205
1.56258
1.47286
1.74735
1.7496
2.05443
1.70168
1.30818
1.7148
1.74342
1.61734
1.78797
1.80477
1.79341
1.73946
1.734
2.01513
1.57381
1.77335
1.62779
1.36307
1.78984
1.4698
1.39405
1.19243
1.22929
1.28822
1.1735
1.48116
1.72986
2.05653
1.97306
2.27832
2.29864
2.2992
1.82206
1.93247
1.89827
2.40156
2.11798
1.77729
1.68525
1.61731
1.73633
1.26563
1.25857
1.40644
1.4299
1.8647
2.01167
1.62812
1.56405
1.37026
1.97179
1.63889
1.73236
1.59982
1.15848
1.65912
1.5262
1.75557
1.52783
1.63886
1.65068
1.90707
1.68528
1.92689
1.86649
1.542
1.40473
1.26925
1.71103
2.30732
2.64596
2.29332
2.07165
2.11132
2.5611
2.43289
2.45957
1.98917
1.49842
1.86053
2.06
1.88951
1.87088
1.74231
1.93189
1.83933
1.69958
1.88225
1.33876
1.33567
1.48098
1.45473
1.31348
1.3665
1.80978
1.83667
2.06495
2.24926
1.8392
2.16988
2.07362
2.18538
2.33615
2.10195
1.96901
2.11469
2.56467
2.19894
2.45012
2.06105
1.74859
1.86942
1.68219
1.82885
1.51729
1.79639
1.65598
1.61953
1.43947
1.70241
1.67364
1.37162
1.29855
1.33477
1.66283
1.71431
1.59909
1.48344
1.55171
1.49582
1.30281
1.51207
1.85119
1.70537
1.7129
1.48318
1.34496
1.32136
1.16757
0.974859
1.2964
1.58027
1.82802
1.30957
1.0421
1.28533
1.43037
1.15689
1.64628
1.95559
1.82296
1.57787
1.45507
1.76961
2.08093
1.99178
1.97202
1.75571
1.456
1.30638
1.41594
1.46263
1.52439
1.9937
2.22186
1.79238
1.87717
2.21802
2.34085
2.05042
1.96046
1.73154
1.37438
1.47431
1.41169
1.45722
0.892094
0.857979
0.981332
0.866539
1.03363
1.2071
1.61106
1.72538
1.59497
1.53532
1.59142
1.47223
1.49427
1.02281
1.39949
1.38975
1.24277
1.4562
1.89743
2.26084
2.09642
2.00037
1.49236
1.30149
0.934419
1.16786
1.10625
1.55827
1.41762
1.69881
1.47365
1.47406
1.60126
1.23743
1.50524
0.738815
0.981725
1.17324
1.07823
1.32347
1.32094
1.61004
1.47435
1.82434
1.84469
2.16881
2.42315
2.24385
2.39789
2.17795
1.89281
1.65863
1.16089
1.75862
2.03202
1.96284
1.3887
1.25394
1.39718
1.46904
1.41093
1.30742
1.11894
1.22772
1.24557
1.30322
1.55037
1.18032
1.17898
1.27171
0.728162
0.881334
0.59045
0.586066
0.849809
1.05289
1.05371
0.825286
1.04819
1.21327
0.608857
0.732221
1.04021
0.734058
0.703011
0.0902331
0.282436
0.632112
0.505085
0.544535
0.883824
1.22303
0.930765
1.48809
1.73033
2.04069
2.04014
1.64922
1.47391
1.9602
1.52226
1.2125
1.11934
0.569164
1.01906
1.15144
1.27674
1.43565
1.24061
0.965753
1.04044
1.22396
0.5559
0.440336
0.324295
0.389458
0.428709
0.524876
0.637462
0.671517
0.935356
0.864264
0.680532
1.06416
1.09663
0.878059
0.902593
0.868139
1.03907
0.909435
1.16234
0.921576
1.00894
0.620882
0.805979
0.851986
1.07561
1.26026
1.21168
1.5975
1.74884
1.92526
1.87595
1.74649
1.28875
1.00517
1.16435
1.71954
1.9026
1.53573
1.61435
1.57399
1.64582
1.55885
1.47196
1.52982
1.74193
1.58186
1.60131
1.70731
1.75862
1.63957
2.12085
2.05861
1.40907
1.54809
1.19338
0.937518
0.94583
0.620499
0.65751
0.817212
0.524424
0.757899
0.618002
0.655893
0.620799
0.741548
0.449004
0.899681
0.969611
0.630941
0.833574
0.670108
0.797857
1.07685
1.13552
1.39305
1.05194
0.534071
0.550917
0.445751
0.519808
0.42815
0.150515
0.373375
0.666269
0.929343
0.782459
0.768055
0.419057
0.644147
0.636058
0.847046
0.519532
0.0641458
0.285334
0.473457
0.797836
0.508515
0.381898
1.04096
1.54437
0.76771
0.529841
0.568026
0.640753
0.719054
1.43066
1.42596
0.86909
0.889606
1.16722
1.12792
1.17181
1.19889
1.36742
1.63431
1.45254
1.36253
1.07356
0.777968
0.839106
0.542695
1.1554
0.673377
0.995697
0.859137
1.06633
0.566312
0.764953
0.739139
0.676502
0.806289
0.641107
0.500618
0.212535
0.461947
0.204294
0.512484
0.424469
0.864449
0.903057
0.997614
0.962078
0.928783
0.938097
0.95597
1.05433
1.14146
0.721164
0.783277
1.02899
0.618066
0.687429
0.930011
0.875548
0.589502
0.811263
0.789184
0.764424
1.11502
1.311
1.27164
1.16548
1.54029
1.09208
0.821474
0.726956
1.16065
0.772004
0.9322
1.1212
0.712931
0.791311
1.02103
1.2057
1.30368
1.09713
1.25869
1.34102
1.32159
1.21186
1.15601
1.33961
0.888743
1.13205
1.0443
1.16751
0.910225
1.08449
1.47722
1.45146
1.50714
1.55667
0.728505
1.07453
1.31891
1.46303
1.2796
1.65135
1.27513
1.66054
1.60141
1.95676
1.54441
1.56197
1.02332
