-5.52312
-5.5135
-5.52696
-5.62738
-5.48801
-5.52776
-5.48254
-5.56113
-5.54681
-5.46738
-5.49828
-5.57459
-5.46629
-5.47347
-5.49475
-5.45202
-5.54009
-5.4676
-5.42646
-5.37851
-5.5184
-5.48119
-5.38019
-5.46136
-5.58897
-5.62898
-5.63178
-5.71724
-5.79242
-5.71575
-5.72905
-5.72719
-5.69245
-5.67418
-5.69346
-5.57721
-5.51535
-5.62695
-5.60994
-5.59398
-5.73235
-5.68664
-5.61017
-5.63086
-5.51554
-5.64269
-5.58876
-5.61121
-5.64178
-5.64299
-5.6658
-5.54552
-5.53853
-5.4621
-5.38775
-5.25944
-5.41306
-5.50548
-5.54739
-5.52789
-5.50344
-5.51408
-5.61517
-5.67575
-5.60313
-5.56034
-5.59567
-5.61246
-5.65718
-5.58099
-5.59005
-5.56946
-5.55621
-5.60068
-5.479
-5.47374
-5.45296
-5.53072
-5.55753
-5.46507
-5.59041
-5.54139
-5.5099
-5.52923
-5.5708
-5.55043
-5.54177
-5.47413
-5.44559
-5.51705
-5.46082
-5.46809
-5.47505
-5.47497
-5.47908
-5.42796
-5.48152
-5.37534
-5.43059
-5.29656
-5.34907
-5.4292
-5.45801
-5.42946
-5.49672
-5.46023
-5.42696
-5.37209
-5.41063
-5.4117
-5.45169
-5.4234
-5.50248
-5.50023
-5.63301
-5.64254
-5.56852
-5.48133
-5.50161
-5.49714
-5.4215
-5.45246
-5.56373
-5.57303
-5.59985
-5.58191
-5.60136
-5.56244
-5.46762
-5.51399
-5.58522
-5.55078
-5.57681
-5.49438
-5.54792
-5.49982
-5.45239
-5.43732
-5.48286
-5.49373
-5.49277
-5.53112
-5.43163
-5.53582
-5.53687
-5.54162
-5.48639
-5.40299
-5.46862
-5.46732
-5.49546
-5.53427
-5.46768
-5.39681
-5.44494
-5.50924
-5.47673
-5.48637
-5.51823
-5.53189
-5.49129
-5.59447
-5.59807
-5.65866
-5.67556
-5.57495
-5.53068
-5.54305
-5.51524
-5.49412
-5.48619
-5.43948
-5.50393
-5.54791
-5.49257
-5.5149
-5.52982
-5.52511
-5.56168
-5.46877
-5.53702
-5.59706
-5.49936
-5.49047
-5.5043
-5.52233
-5.59559
-5.63974
-5.62781
-5.62742
-5.54521
-5.48632
-5.5025
-5.4478
-5.41183
-5.49198
-5.50923
-5.50883
-5.55928
-5.59933
-5.56544
-5.58057
-5.60357
-5.58521
-5.59422
-5.46863
-5.50688
-5.48369
-5.47065
-5.50592
-5.52964
-5.51693
-5.46191
-5.44598
-5.45104
-5.50326
-5.47902
-5.44364
-5.49756
-5.54299
-5.41915
-5.40433
-5.45212
-5.47535
-5.50457
-5.50132
-5.52141
-5.55565
-5.55911
-5.55018
-5.41623
-5.39336
-5.4937
-5.54384
-5.5768
-5.58314
-5.63667
-5.63325
-5.61645
-5.60901
-5.59875
-5.49755
-5.50494
-5.5187
-5.53649
-5.52639
-5.57368
-5.59027
-5.58459
-5.62438
-5.52517
-5.5364
-5.49388
-5.38214
-5.39779
-5.48794
-5.53839
-5.51345
-5.54672
-5.47663
-5.48411
-5.54373
-5.51884
-5.56669
-5.4897
-5.47336
-5.54265
-5.63824
-5.68234
-5.6545
-5.6115
-5.57939
-5.59214
-5.59308
-5.66724
-5.57846
-5.66422
-5.62195
-5.50115
-5.5078
-5.47455
-5.48577
-5.5433
-5.47064
-5.50794
-5.50847
-5.52507
-5.58371
-5.67301
-5.71237
-5.68167
-5.69278
-5.60809
-5.69877
-5.65395
-5.67801
-5.74522
-5.66043
-5.67054
-5.63541
-5.64208
-5.58898
-5.63839
-5.69467
-5.65653
-5.56526
-5.44514
-5.44833
-5.61653
-5.52735
-5.47592
-5.46277
-5.46566
-5.55448
-5.51164
-5.6024
-5.63447
-5.5746
-5.49808
-5.44843
-5.40846
-5.49252
-5.50447
-5.50271
-5.45739
-5.46263
-5.47425
-5.51772
-5.42089
-5.39855
-5.43972
-5.53012
-5.54581
-5.53324
-5.56228
-5.56314
-5.61911
-5.66669
-5.59177
-5.52138
-5.52684
-5.48374
-5.53193
-5.55604
-5.53187
-5.51072
-5.39946
-5.3905
-5.43464
-5.47868
-5.45178
-5.44886
-5.48641
-5.43422
-5.4602
-5.46133
-5.60833
-5.51065
-5.5264
-5.61622
-5.53054
-5.47721
-5.42027
-5.49332
-5.58699
-5.49564
-5.46078
-5.42132
-5.42651
-5.41832
-5.45711
-5.58628
-5.51339
-5.57173
-5.6097
-5.51778
-5.56368
-5.5288
-5.46851
-5.46674
-5.42501
-5.46912
-5.542
-5.48473
-5.41684
-5.52384
-5.47377
-5.46719
-5.53653
-5.52816
-5.64711
-5.56215
-5.50578
-5.41303
-5.43507
-5.43963
-5.59528
-5.51045
-5.46762
-5.44897
-5.35247
-5.44239
-5.47388
-5.45581
-5.41947
-5.41084
-5.43524
-5.46827
-5.44602
-5.37082
-5.42029
-5.34183
-5.26325
-5.26769
-5.25866
-5.24758
-5.34826
-5.40988
-5.39512
-5.25785
-5.27831
-5.29417
-5.32328
-5.48797
-5.38944
-5.31408
-5.42051
-5.39842
-5.41652
-5.49005
-5.47594
-5.45719
-5.50818
-5.52177
-5.50986
-5.52196
-5.53238
-5.41327
-5.43279
-5.46217
-5.41682
-5.36317
-5.41068
-5.45647
-5.48236
-5.48986
-5.42767
-5.45628
-5.44304
-5.37495
-5.41561
-5.37034
-5.50545
-5.41686
-5.38923
-5.32249
-5.34629
-5.43282
-5.35467
-5.37022
-5.31528
-5.23446
-5.31179
-5.30507
-5.32595
-5.3453
-5.39264
-5.34988
-5.2647
-5.30471
-5.43106
-5.48523
-5.42176
-5.46164
-5.53318
-5.49556
-5.53708
-5.51354
-5.47261
-5.4299
-5.42584
-5.45269
-5.41584
-5.38136
-5.23241
-5.28822
-5.29601
-5.23281
-5.32313
-5.19113
-5.35595
-5.29397
-5.3195
-5.31051
-5.40394
-5.40734
-5.46726
-5.46252
-5.45714
-5.50108
-5.53825
-5.58535
-5.53942
-5.53385
-5.53096
-5.48103
-5.50732
-5.60609
-5.5473
-5.49762
-5.53918
-5.57901
-5.6106
-5.68664
-5.4833
-5.49525
-5.45004
-5.57893
-5.62942
-5.62386
-5.57593
-5.57396
-5.49841
-5.46025
-5.46815
-5.29459
-5.3621
-5.34986
-5.1863
-5.24685
-5.3452
-5.36502
-5.3304
-5.26582
-5.36037
-5.44706
-5.47523
-5.61748
-5.57664
-5.5344
-5.51205
-5.40507
-5.4715
-5.53794
-5.34979
-5.45214
-5.44759
-5.43258
-5.47346
-5.60159
-5.50234
-5.48998
-5.50482
-5.55544
-5.38066
-5.37379
-5.25557
-5.33172
-5.37711
-5.32337
-5.45815
-5.50667
-5.50253
-5.56933
-5.60946
-5.5909
-5.51418
-5.49858
-5.50621
-5.53288
-5.52614
-5.44918
-5.40104
-5.42914
-5.37426
-5.41184
-5.39558
-5.43115
-5.43189
-5.25811
-5.31904
-5.27669
-5.2253
-5.31397
-5.3558
-5.29845
-5.19593
-5.14556
-5.22066
-5.39505
-5.33123
-5.28186
-5.34704
-5.35113
-5.3711
-5.38169
-5.47712
-5.49383
-5.29158
-5.33145
-5.3331
-5.28566
-5.40987
-5.38647
-5.40035
-5.40003
-5.36231
-5.30742
-5.36412
-5.31495
-5.37765
-5.38339
-5.38142
-5.41606
-5.47358
-5.44762
-5.41375
-5.53829
-5.53962
-5.55149
-5.63842
-5.63528
-5.57679
-5.63112
-5.65917
-5.62431
-5.55753
-5.60008
-5.62577
-5.69947
-5.67381
-5.5005
-5.42888
-5.39601
-5.51733
-5.47501
-5.45178
-5.48391
-5.56341
-5.59924
-5.5931
-5.6725
-5.57394
-5.55388
-5.56706
-5.56308
-5.58107
-5.534
-5.60762
-5.49916
-5.5347
-5.49994
-5.52966
-5.56085
-5.57792
-5.58797
-5.53691
-5.58334
-5.56697
-5.50165
-5.42416
-5.44047
-5.49314
-5.54309
-5.55938
-5.56072
-5.50443
-5.55138
-5.51042
-5.43842
-5.58375
-5.58176
-5.5766
-5.49223
-5.44283
-5.36738
-5.42548
-5.45453
-5.50496
-5.42347
-5.50422
-5.43692
-5.51977
-5.47169
-5.45709
-5.44822
-5.49592
-5.53264
-5.45076
-5.42824
-5.4561
-5.58122
-5.62174
-5.57177
-5.54142
-5.59093
-5.66312
-5.56169
-5.54252
-5.43894
-5.5121
-5.4709
-5.42005
-5.43733
-5.50057
-5.50276
-5.49427
-5.49894
-5.43693
-5.46183
-5.54497
-5.5182
-5.43051
-5.41551
-5.4784
-5.55762
-5.57812
-5.49609
-5.47993
-5.55536
-5.65643
-5.56664
-5.58834
-5.55223
-5.54714
-5.38139
-5.44057
-5.4685
-5.45507
-5.35875
-5.3866
-5.40773
-5.48827
-5.40848
-5.43415
-5.39708
-5.3926
-5.34613
-5.32126
-5.31776
-5.25918
-5.32084
-5.36572
-5.40845
-5.40107
-5.44756
-5.46704
-5.55623
-5.5727
-5.54761
-5.55411
-5.5615
-5.52605
-5.45281
-5.54014
-5.60173
-5.54612
-5.55029
-5.50439
-5.44606
-5.4669
-5.46133
-5.53067
-5.56225
-5.51188
-5.51295
-5.62102
-5.63337
-5.69515
-5.65876
-5.63054
-5.62534
-5.58283
-5.48519
-5.46653
-5.48843
-5.47101
-5.37722
-5.46038
-5.48713
-5.40179
-5.41369
-5.48384
-5.49095
-5.49364
-5.47614
-5.50358
-5.51385
-5.56215
-5.59805
-5.52032
-5.44779
-5.41537
-5.37816
-5.41102
-5.47584
-5.44965
-5.44198
-5.31803
-5.35276
-5.4697
-5.43822
-5.44689
-5.4923
-5.48667
-5.49817
-5.64371
-5.65385
-5.67623
-5.5848
-5.59581
-5.53918
-5.44937
-5.45484
-5.47098
-5.44036
-5.43163
-5.46282
-5.46984
-5.53772
-5.49653
-5.52031
-5.51692
-5.52078
-5.61749
-5.62989
-5.64807
-5.52783
-5.61756
-5.56663
-5.64437
-5.67298
-5.66553
-5.66578
-5.61965
-5.69446
-5.59945
-5.59473
-5.57608
-5.63861
-5.63412
-5.67271
-5.6894
-5.46811
-5.50544
-5.53057
-5.58985
-5.47673
-5.55239
-5.64936
-5.58036
-5.50974
-5.41894
-5.42802
-5.48758
-5.47067
-5.3722
-5.4177
-5.44645
-5.46657
-5.39
-5.35851
-5.32744
-5.25207
-5.31592
-5.31228
-5.35079
-5.38789
-5.47069
-5.51026
-5.51911
-5.47032
-5.47867
-5.4748
-5.42692
-5.39946
-5.48559
-5.42156
-5.35864
-5.44906
-5.53299
-5.45909
-5.57958
-5.55136
-5.55763
-5.53915
-5.47893
-5.49083
-5.44333
-5.46437
-5.49125
-5.56163
-5.54146
-5.6572
-5.5358
-5.48871
-5.40144
-5.40877
-5.37448
-5.41408
-5.43803
-5.40836
-5.43324
-5.42221
-5.37258
-5.34561
-5.28552
-5.33031
-5.4406
-5.46651
-5.44148
-5.52249
-5.58848
-5.45281
-5.31685
-5.28594
-5.33085
-5.43398
-5.43601
-5.46503
-5.52663
-5.41678
-5.44726
-5.41084
-5.49418
-5.67581
-5.62216
-5.5594
-5.47901
-5.46795
-5.48612
-5.51309
-5.53115
-5.5539
-5.58608
-5.47028
-5.35211
-5.32499
-5.38072
-5.44856
-5.39452
-5.4255
-5.40905
-5.46317
-5.53663
-5.58879
-5.51015
-5.44799
-5.41545
-5.40351
-5.44888
-5.43326
-5.41517
-5.47605
-5.48484
-5.42122
-5.46275
-5.50978
-5.49005
-5.61091
-5.60877
-5.55689
-5.53518
-5.54671
-5.58639
-5.54133
-5.55311
-5.44207
-5.41867
-5.41039
-5.43103
-5.5156
-5.43838
-5.49065
-5.45929
-5.49248
-5.48094
-5.37755
-5.36911
-5.4537
-5.51486
-5.40461
-5.36324
-5.38543
-5.42782
-5.54239
-5.55477
-5.54011
-5.47213
-5.42245
-5.44642
-5.50448
-5.45129
-5.41377
-5.50797
-5.49441
-5.50319
-5.59149
-5.58524
-5.64802
-5.63621
-5.60513
-5.52229
-5.57416
-5.70004
-5.61567
-5.6105
-5.72476
-5.70633
-5.52382
-5.54409
-5.54708
-5.6702
-5.67314
-5.70203
-5.73028
-5.69737
-5.8213
-5.81206
-5.72685
-5.71514
-5.71712
-5.71606
-5.72789
-5.71672
-5.67114
-5.59613
-5.52674
-5.57656
-5.53346
-5.54377
-5.58416
-5.51539
-5.48328
-5.5078
-5.54176
-5.48036
-5.54734
-5.5558
-5.60565
-5.60745
-5.52105
-5.51788
-5.51234
-5.546
-5.45294
-5.57552
-5.53852
-5.56307
-5.56512
-5.57358
-5.65154
-5.68072
-5.57352
-5.56655
-5.60329
-5.68155
-5.59189
-5.5658
-5.5128
-5.45306
-5.53118
-5.5992
-5.60014
-5.56243
-5.43347
-5.45468
-5.4372
-5.37884
-5.32299
-5.36654
-5.44138
-5.47554
-5.47466
-5.49013
-5.50896
-5.4503
-5.4717
-5.3838
-5.34884
-5.42028
-5.37945
-5.34093
-5.39343
-5.41419
-5.457
-5.53585
-5.49683
-5.48416
-5.46913
-5.45825
-5.43051
-5.45487
-5.46807
-5.53238
-5.49847
-5.50699
-5.4461
-5.43738
-5.4602
-5.45157
-5.46053
-5.48213
-5.46852
-5.49677
-5.46972
-5.50077
-5.50336
-5.51627
-5.48068
-5.48924
-5.43439
-5.38972
-5.46199
-5.37234
-5.35476
-5.3344
-5.32985
-5.44807
-5.40962
-5.42567
-5.48641
-5.49985
-5.5058
-5.50744
-5.62151
-5.60886
-5.51021
-5.52896
-5.49118
-5.51725
-5.49609
-5.43526
-5.45633
-5.46747
-5.56706
-5.53756
-5.46758
-5.47071
-5.48813
-5.47905
-5.59858
-5.55498
-5.37988
-5.52639
-5.55245
-5.43648
-5.44361
-5.36312
-5.40593
-5.45504
-5.46497
-5.4104
-5.42531
-5.43947
-5.39704
-5.2748
-5.35088
-5.38859
-5.4066
-5.39251
-5.26423
-5.28799
-5.41326
-5.38384
-5.35977
-5.40142
-5.39084
-5.37461
-5.33669
-5.34478
-5.29966
-5.30443
-5.39576
-5.36284
-5.44884
-5.44882
-5.44653
-5.46276
-5.53956
-5.50668
-5.47912
-5.4985
-5.5332
-5.58369
-5.54503
-5.27368
-5.25161
-5.31164
-5.31405
-5.28717
-5.23761
-5.10642
-5.23408
-5.21485
-5.156
-5.23699
-5.33343
-5.31941
-5.34071
-5.34292
-5.31484
-5.30901
-5.28917
-5.27834
-5.24909
-5.24724
-5.32084
-5.31544
-5.36219
-5.26568
-5.31247
-5.38901
-5.36862
-5.38253
-5.39073
-5.4043
-5.48286
-5.49474
-5.52609
-5.58551
-5.65235
-5.52019
-5.45729
-5.4909
-5.49602
-5.41951
-5.39823
-5.4524
-5.50744
-5.48717
-5.51936
-5.41601
-5.39771
-5.37796
-5.34454
-5.3269
-5.38733
-5.38256
-5.24106
-5.23359
-5.29036
-5.35116
-5.36659
-5.48169
-5.50399
-5.55898
-5.57269
-5.47563
-5.52362
-5.49103
-5.582
-5.44212
-5.44665
-5.51981
-5.51415
-5.47379
-5.55304
-5.55452
-5.54921
-5.63717
-5.62491
-5.6175
-5.52466
-5.43512
-5.47363
-5.50243
-5.47512
-5.50392
-5.36373
-5.44785
-5.49215
-5.47567
-5.43604
-5.43394
-5.47921
-5.46203
-5.41426
-5.4475
-5.44086
-5.42011
-5.54874
-5.4419
-5.5216
-5.48046
-5.4399
-5.48383
-5.50237
-5.52793
-5.60698
-5.48502
-5.44779
-5.54942
-5.58312
-5.54681
-5.68857
-5.5614
-5.53552
-5.52824
-5.60062
-5.70734
-5.72281
-5.6659
-5.76533
-5.66648
-5.63998
-5.62379
-5.57402
-5.51161
-5.51695
-5.51285
-5.43778
-5.42122
-5.51119
-5.53024
-5.52532
-5.55112
-5.55645
-5.44947
-5.55468
-5.53285
-5.54771
-5.50728
-5.52227
-5.55539
-5.57193
-5.53293
-5.4812
-5.5227
-5.60723
-5.4985
-5.51594
-5.55761
-5.49466
-5.50363
-5.45634
-5.40001
-5.59333
-5.55386
-5.58371
-5.54005
-5.58403
-5.49817
-5.55964
-5.4919
-5.58207
-5.46264
-5.554
-5.49718
-5.39017
-5.43904
-5.5039
-5.4739
-5.4214
-5.48264
-5.45882
-5.40747
-5.48561
-5.4286
-5.45015
-5.45968
-5.44475
-5.36172
-5.43307
-5.42393
-5.38694
-5.36611
-5.49881
-5.50411
-5.55277
-5.57529
-5.56907
-5.49979
-5.53395
-5.52803
-5.56616
-5.52739
-5.52135
-5.48945
-5.42329
-5.35826
-5.31881
-5.35688
-5.40341
-5.24389
-5.32685
-5.43059
-5.39871
-5.46267
-5.5071
-5.5072
-5.50155
-5.42826
-5.51028
-5.50294
-5.51583
-5.50958
-5.4366
-5.41628
-5.49865
-5.38848
-5.39519
-5.39307
-5.42449
-5.39511
-5.49601
-5.50398
-5.47716
-5.46163
-5.52515
-5.50517
-5.51238
-5.52173
-5.5942
-5.49953
-5.35138
-5.43499
-5.41448
-5.45382
-5.36945
-5.39396
-5.47193
-5.50966
-5.52121
-5.47023
-5.40957
-5.43273
-5.44005
-5.40038
-5.31502
-5.31723
-5.41773
-5.49408
-5.50749
-5.46131
-5.51648
-5.53812
-5.58176
-5.52149
-5.57871
-5.51975
-5.44793
-5.48566
-5.45282
-5.44636
-5.46841
-5.47824
-5.37505
-5.41121
-5.38489
-5.45112
-5.51826
-5.47741
-5.48335
-5.46598
-5.35988
-5.38405
-5.41591
-5.47043
-5.47615
-5.53689
-5.50813
-5.56681
-5.53172
-5.54179
-5.54491
-5.60758
-5.63483
-5.58969
-5.61464
-5.60929
-5.45472
-5.44116
-5.43713
-5.45928
-5.51108
-5.54933
-5.46714
-5.58032
-5.59973
-5.41457
-5.50334
-5.51422
-5.39135
-5.41668
-5.52095
-5.53574
-5.49452
-5.50053
-5.55883
-5.50541
-5.44549
-5.47566
-5.36519
-5.42867
-5.35726
-5.366
-5.38155
-5.31439
-5.33429
-5.37239
-5.37095
-5.35988
-5.43391
-5.38092
-5.25826
-5.307
-5.25548
-5.24272
-5.38677
-5.45453
-5.3865
-5.36992
-5.432
-5.39118
-5.38997
-5.36294
-5.48504
-5.48383
-5.53057
-5.56454
-5.49722
-5.55204
-5.57805
-5.55571
-5.58561
-5.51752
-5.45472
-5.53606
-5.48965
-5.57884
-5.6425
-5.7107
-5.63612
-5.58527
-5.55749
-5.50439
-5.62644
-5.6509
-5.53312
-5.55246
-5.59127
-5.54208
-5.56477
-5.50788
-5.53461
-5.5609
-5.50906
-5.46052
-5.41981
-5.47399
-5.47146
-5.4895
-5.52122
-5.53066
-5.55138
-5.54003
-5.4706
-5.52125
-5.48648
-5.49129
-5.50342
-5.41504
-5.49721
-5.53692
-5.51778
-5.5265
-5.61691
-5.58813
-5.57033
-5.48453
-5.52461
-5.42685
-5.49919
-5.53571
-5.52621
-5.53852
-5.50966
-5.4893
-5.45447
-5.45944
-5.57498
-5.56995
-5.54294
-5.54265
-5.63812
-5.69011
-5.60685
-5.56842
-5.5902
-5.63064
-5.58781
-5.67324
-5.61241
-5.65647
-5.53114
-5.57029
-5.57682
-5.52519
-5.57526
-5.48778
-5.53718
-5.47697
-5.49557
-5.53755
-5.54131
-5.47042
-5.47858
-5.55079
-5.65953
-5.6194
-5.59395
-5.67561
-5.64357
-5.62981
-5.57524
-5.50894
-5.50682
-5.48846
-5.41782
-5.49926
-5.47536
-5.4868
-5.45524
-5.51883
-5.56106
-5.558
-5.48936
-5.39006
-5.41256
-5.50201
-5.47226
-5.43695
-5.39429
-5.34247
-5.33229
-5.34705
-5.41064
-5.32872
-5.45496
-5.48094
-5.39136
-5.46636
-5.52774
-5.59258
-5.49534
-5.42245
-5.41792
-5.49087
-5.49474
-5.40692
-5.36927
-5.42776
-5.48712
-5.45452
-5.48214
-5.46759
-5.44243
-5.4092
-5.35025
-5.41952
-5.35908
-5.33908
-5.31865
-5.2827
-5.16154
-5.29457
-5.42552
-5.44345
-5.48293
-5.44327
-5.46733
-5.49438
-5.55341
-5.51733
-5.63568
-5.53363
-5.45333
-5.39641
-5.3565
-5.36843
-5.39029
-5.42582
-5.50645
-5.49047
-5.51691
-5.47946
-5.37193
-5.34591
-5.32513
-5.28682
-5.38437
-5.27626
-5.30043
-5.34925
-5.4206
-5.49596
-5.47757
-5.45824
-5.46844
-5.45445
-5.46457
-5.51711
-5.50983
-5.57013
-5.62953
-5.62343
-5.62909
-5.63654
-5.59286
-5.52431
-5.64686
-5.60509
-5.56279
-5.63173
-5.62707
-5.5113
-5.53253
-5.53705
-5.5842
-5.4735
-5.45537
-5.38665
-5.36781
-5.31177
-5.36163
-5.45435
-5.4736
-5.47748
-5.54256
-5.52873
-5.55838
-5.63504
-5.61606
-5.63145
-5.59574
-5.54978
-5.59631
-5.61163
-5.60879
-5.51431
-5.54849
-5.61387
-5.61042
-5.62097
-5.60081
-5.58754
-5.61651
-5.51316
-5.59576
-5.57715
-5.69896
-5.70625
-5.67749
-5.58253
-5.53842
-5.53723
-5.5063
-5.51568
-5.51465
-5.5288
-5.47912
-5.47956
-5.53105
-5.52657
-5.59137
-5.58488
-5.60862
-5.47429
-5.50852
-5.54568
-5.48174
-5.4761
-5.50214
-5.43821
-5.48022
-5.57146
-5.54114
-5.56987
-5.38613
-5.46675
-5.49478
-5.46206
-5.50333
-5.52914
-5.52618
-5.46099
-5.42705
-5.51714
-5.48153
-5.5136
-5.42788
-5.42947
-5.5563
-5.47944
-5.55269
-5.61989
-5.61595
-5.56967
-5.49701
-5.49104
-5.52514
-5.54887
-5.5224
-5.5978
-5.50165
-5.52373
-5.47314
-5.50359
-5.42283
-5.37833
-5.35937
-5.3201
-5.34588
-5.35551
-5.32302
-5.285
-5.2907
-5.21593
-5.20538
-5.23698
-5.37083
-5.38278
-5.39703
-5.34578
-5.42032
-5.37776
-5.4247
-5.42114
-5.39429
-5.5214
-5.57426
-5.65241
-5.62851
-5.65795
-5.64741
-5.51969
-5.55871
-5.53762
-5.45787
-5.49813
-5.52318
-5.52791
-5.53962
-5.47503
-5.47129
-5.41999
-5.53168
-5.54133
-5.48707
-5.54287
-5.54636
-5.53785
-5.51632
-5.43297
-5.48466
-5.56189
-5.48833
-5.57657
-5.55145
-5.48786
-5.51257
-5.48907
-5.47661
-5.58571
-5.57639
-5.52424
-5.52841
-5.53526
-5.53371
-5.40544
-5.48379
-5.47521
-5.42649
-5.38953
-5.32105
-5.30277
-5.49389
-5.38212
-5.33333
-5.26813
-5.35983
-5.43791
-5.48291
-5.47136
-5.43827
-5.44856
-5.42507
-5.44935
-5.46469
-5.46402
-5.50557
-5.4464
-5.30917
-5.42033
-5.39975
-5.4958
-5.48514
-5.57347
-5.5113
-5.40625
-5.4202
-5.39319
-5.45763
-5.42174
-5.44927
-5.4013
-5.41076
-5.3363
-5.24863
-5.42335
-5.44257
-5.50088
-5.46032
-5.38438
-5.39443
-5.44641
-5.48388
-5.48648
-5.50193
-5.43993
-5.47461
-5.61049
-5.53989
-5.47167
-5.39818
-5.43767
-5.47194
-5.42394
-5.41685
-5.35329
-5.28327
-5.32304
-5.31118
-5.42655
-5.41611
-5.48591
-5.58399
-5.47747
-5.49037
-5.51204
-5.59883
-5.46947
-5.39133
-5.40551
-5.32225
-5.43132
-5.42522
-5.47747
-5.50389
-5.43749
-5.44991
-5.43879
-5.53714
-5.49734
-5.56729
-5.4655
-5.45659
-5.38446
-5.54171
-5.46924
-5.51901
-5.4892
-5.46555
-5.37054
-5.41917
-5.42347
-5.56693
-5.61137
-5.50328
-5.44714
-5.40219
-5.36134
-5.37285
-5.49118
-5.43047
-5.49353
-5.53167
-5.52529
-5.45481
-5.47985
-5.42129
-5.4496
-5.43357
-5.31896
-5.32007
-5.4214
-5.4732
-5.38685
-5.43492
-5.40926
-5.49242
-5.49308
-5.51439
-5.62166
-5.51521
-5.45127
-5.51566
-5.4425
-5.37938
-5.38128
-5.26602
-5.29384
-5.25484
-5.33098
-5.36215
-5.33138
-5.33747
-5.33244
-5.27557
-5.31547
-5.3553
-5.38791
-5.28181
-5.42716
-5.40534
-5.34455
-5.41405
-5.50931
-5.50371
-5.40685
-5.3869
-5.36686
-5.33209
-5.4122
-5.41403
-5.34819
-5.37538
-5.27962
-5.41328
-5.49078
-5.44061
-5.39223
-5.31885
-5.39885
-5.25957
-5.38969
-5.45197
-5.36125
-5.32108
-5.30639
-5.37208
-5.3138
-5.35262
-5.35998
-5.4243
-5.38116
-5.40543
-5.34091
-5.38146
-5.44859
-5.35804
-5.42075
-5.38805
-5.47831
-5.43375
-5.54356
-5.46765
-5.45717
-5.44226
-5.42987
-5.39216
-5.40195
-5.48842
-5.5726
-5.47337
-5.35232
-5.3334
-5.47175
-5.51107
-5.57536
-5.44776
-5.35129
-5.42967
-5.43533
-5.43144
-5.40587
-5.40027
-5.4332
-5.44415
-5.4032
-5.37267
-5.31927
-5.37045
-5.4475
-5.39313
-5.4011
-5.4145
-5.40651
-5.38542
-5.35923
-5.45737
-5.42964
-5.45709
-5.39556
-5.53286
-5.4629
-5.4064
-5.40435
-5.35421
-5.40111
-5.41373
-5.32174
-5.33819
-5.40013
-5.5141
-5.48928
-5.54862
-5.58168
-5.48984
-5.50307
-5.51051
-5.47998
-5.41209
-5.46201
-5.46613
-5.47612
-5.42501
-5.49375
-5.51028
-5.43356
-5.46825
-5.45448
-5.51855
-5.43237
-5.51805
-5.56301
-5.65107
-5.55663
-5.5769
-5.57999
-5.55927
-5.53082
-5.62055
-5.61288
-5.54092
-5.44491
-5.42129
-5.51682
-5.59091
-5.43863
-5.44576
-5.47949
-5.6049
-5.61179
-5.54
-5.57388
-5.6197
-5.55586
-5.515
-5.44245
-5.47854
-5.48172
-5.52419
-5.57647
-5.51173
-5.45857
-5.45574
-5.52972
-5.50362
-5.51399
-5.34044
-5.35557
-5.39994
-5.50763
-5.53403
-5.59916
-5.68712
-5.63935
-5.5729
-5.49694
-5.35281
-5.39592
-5.4266
-5.38241
-5.44738
-5.3962
-5.42576
-5.46328
-5.52351
-5.45964
-5.5334
-5.51444
-5.51544
-5.58009
-5.53543
-5.51745
-5.41724
-5.41665
-5.44576
-5.45259
-5.52837
-5.5832
-5.64528
-5.68776
-5.63809
-5.64615
-5.69938
-5.60657
-5.42845
-5.3984
-5.51213
-5.52252
-5.48398
-5.45792
-5.53156
-5.52686
-5.50452
-5.5365
-5.46184
-5.39024
-5.42742
-5.45822
-5.54189
-5.50958
-5.54239
-5.48166
-5.39668
-5.43923
-5.45701
-5.44656
-5.41663
-5.43017
-5.36741
-5.37627
-5.45843
-5.42313
-5.51981
-5.5709
-5.52685
-5.44176
-5.47164
-5.36374
-5.4006
-5.44393
-5.43268
-5.54631
-5.55256
-5.67612
-5.64662
-5.62974
-5.58823
-5.46492
-5.4918
-5.43057
-5.44741
-5.48894
-5.5282
-5.56984
-5.57152
-5.5633
-5.64752
-5.52964
-5.57968
-5.55323
-5.59077
-5.58384
-5.55266
-5.46361
-5.4285
-5.54661
-5.44045
-5.46682
-5.47431
-5.53998
-5.54643
-5.59052
-5.53576
-5.5135
-5.52861
-5.4802
-5.52572
-5.45266
-5.34158
-5.40103
-5.50057
-5.50144
-5.43864
-5.43845
-5.4137
-5.44363
-5.37375
-5.40193
-5.41235
-5.46698
-5.42064
-5.39135
-5.40687
-5.40719
-5.44897
-5.43852
-5.49027
-5.52499
-5.51293
-5.54934
-5.53537
-5.45161
-5.47035
-5.32906
-5.34631
-5.34621
-5.32306
-5.29673
-5.39566
-5.44707
-5.48187
-5.39806
-5.36138
-5.46728
-5.37795
-5.36419
-5.36375
-5.36394
-5.46592
-5.40758
-5.41006
-5.57244
-5.4942
-5.42644
-5.38365
-5.4624
-5.42662
-5.42086
-5.51972
-5.501
-5.50685
-5.44581
-5.37188
-5.45403
-5.42208
-5.34256
-5.15563
-5.2311
-5.34154
-5.35163
-5.46554
-5.46977
-5.46112
-5.44511
-5.47198
-5.41197
-5.4329
-5.44582
-5.46808
-5.53915
-5.53309
-5.50602
-5.5512
-5.44156
-5.50403
-5.49458
-5.59886
-5.5723
-5.57326
-5.54124
-5.54205
-5.56309
-5.49294
-5.46067
-5.45394
-5.39078
-5.36595
-5.39939
-5.44337
-5.39706
-5.29135
-5.40566
-5.35484
-5.40557
-5.27413
-5.37436
-5.36589
-5.31501
-5.32347
-5.48237
-5.44419
-5.43187
-5.36318
-5.39351
-5.41239
-5.44315
-5.52579
-5.51282
-5.53181
-5.46652
-5.45121
-5.48418
-5.4625
-5.41901
-5.47618
-5.5256
-5.52978
-5.55446
-5.4936
-5.58848
-5.5203
-5.48705
-5.43318
-5.3962
-5.47394
-5.41337
-5.48736
-5.43755
-5.44097
-5.38034
-5.42018
-5.29882
-5.40553
-5.41977
-5.35069
-5.39477
-5.42938
-5.43596
-5.45481
-5.42185
-5.45616
-5.47198
-5.51744
-5.43312
-5.32723
-5.33927
-5.3872
-5.41343
-5.41093
-5.4249
-5.50304
-5.49726
-5.4987
-5.55123
-5.43624
-5.45948
-5.46927
-5.47861
-5.52042
-5.37659
-5.39952
-5.47614
-5.54815
-5.50818
-5.51458
-5.41587
-5.4023
-5.33642
-5.37076
-5.33929
-5.35802
-5.34056
-5.33689
-5.3255
-5.38399
-5.40111
-5.33256
-5.2342
-5.33864
-5.28138
-5.27446
-5.47755
-5.36342
-5.37853
-5.46253
-5.47358
-5.40266
-5.42174
-5.38891
-5.56213
-5.45123
-5.47088
-5.39471
-5.42654
-5.47472
-5.4703
-5.44617
-5.30052
-5.35546
-5.38418
-5.46408
-5.49086
-5.42145
-5.41821
-5.3529
-5.34423
-5.29712
-5.29423
-5.27179
-5.33216
-5.33939
-5.31835
-5.28468
-5.3374
-5.34179
-5.32257
-5.33213
-5.38497
-5.31491
-5.30352
-5.26644
-5.40733
-5.43542
-5.46081
-5.30364
-5.26613
-5.35858
-5.41398
-5.42274
-5.36813
-5.34046
-5.35998
-5.40491
-5.36529
-5.28458
-5.41876
-5.49483
-5.38538
-5.46269
-5.46899
-5.52718
-5.50176
-5.46936
-5.48227
-5.41575
-5.46821
-5.45428
-5.3844
-5.49162
-5.5375
-5.5666
-5.61132
-5.61504
-5.64043
-5.63085
-5.53893
-5.56069
-5.46735
-5.42609
-5.34252
-5.4673
-5.42966
-5.46501
-5.46484
-5.39183
-5.36164
-5.34425
-5.41465
-5.50586
-5.59726
-5.52047
-5.45105
-5.44006
-5.53952
-5.38582
-5.45451
-5.45521
-5.42344
-5.48548
-5.61304
-5.62015
-5.59576
-5.6412
-5.49751
-5.44255
-5.456
-5.47788
-5.48397
-5.57084
-5.49432
-5.4587
-5.41269
-5.4346
-5.52806
-5.48733
-5.45568
-5.41183
-5.39087
-5.31255
-5.44812
-5.4119
-5.42259
-5.53686
-5.41957
-5.42546
-5.51055
-5.36232
-5.41699
-5.35823
-5.39749
-5.43447
-5.43004
-5.48918
-5.50637
-5.51483
-5.61649
-5.54452
-5.63784
-5.64015
-5.56695
-5.61677
-5.60119
-5.58515
-5.58065
-5.49531
-5.50172
-5.48774
-5.43816
-5.58548
-5.55038
-5.54931
-5.54471
-5.51472
-5.53897
-5.4999
-5.57709
-5.60563
-5.5814
-5.56617
-5.52598
-5.46588
-5.47184
-5.48958
-5.49183
-5.54762
-5.50702
-5.60424
-5.52607
-5.55954
-5.54798
-5.60007
-5.63334
-5.58558
-5.56636
-5.46766
-5.45121
-5.41741
-5.45703
-5.4134
-5.46322
-5.44312
-5.49362
-5.5045
-5.55978
-5.52419
-5.44649
-5.43396
-5.52194
-5.4252
-5.3256
-5.33626
-5.31677
-5.33783
-5.25243
-5.31995
-5.32925
-5.33558
-5.3393
-5.27076
-5.30557
-5.33763
-5.31725
-5.3546
-5.31068
-5.43166
-5.42177
-5.31892
-5.31334
-5.41558
-5.33269
-5.36607
-5.38814
-5.4751
-5.42095
-5.41009
-5.38893
-5.31285
-5.35709
-5.46027
-5.50014
-5.4548
-5.62704
-5.57648
-5.49735
-5.51561
-5.57654
-5.51807
-5.54825
-5.54558
-5.41479
-5.39192
-5.30446
-5.30209
-5.2701
-5.28587
-5.3166
-5.34073
-5.34459
-5.25125
-5.3365
-5.35176
-5.3825
-5.34259
-5.43243
-5.45707
-5.42054
-5.34915
-5.44015
-5.49721
-5.49343
-5.39071
-5.39887
-5.34931
-5.39584
-5.28064
-5.33512
-5.35027
-5.35846
-5.35644
-5.40985
-5.49252
-5.3554
-5.31434
-5.38711
-5.43943
-5.47687
-5.45517
-5.57645
-5.50754
-5.51978
-5.42211
-5.45632
-5.49169
-5.45213
-5.45088
-5.38005
-5.34023
-5.23469
-5.35448
-5.3837
-5.39867
-5.35458
-5.35612
-5.39702
-5.35313
-5.39936
-5.40651
-5.39585
-5.41191
-5.40195
-5.41199
-5.49829
-5.39648
-5.45481
-5.41855
-5.43336
-5.35966
-5.38626
-5.41889
-5.40126
-5.44866
-5.42561
-5.57042
-5.50524
-5.48138
-5.4714
-5.54075
-5.4662
-5.37604
-5.4219
-5.40574
-5.37346
-5.41334
-5.44147
-5.47431
-5.45625
-5.44384
-5.39059
-5.41833
-5.42876
-5.46912
-5.46615
-5.44332
-5.36358
-5.38209
-5.43807
-5.50539
-5.41558
-5.33771
-5.33423
-5.32437
-5.36487
-5.37399
-5.4486
-5.38718
-5.45925
-5.45106
-5.40947
-5.38059
-5.37701
-5.44772
-5.42939
-5.40545
-5.3907
-5.42298
-5.42154
-5.2721
-5.34372
-5.32777
-5.32794
-5.28897
-5.35816
-5.37013
-5.31534
-5.35049
-5.36583
-5.38753
-5.44904
-5.42969
-5.48135
-5.41464
-5.36743
-5.38151
-5.26778
-5.25728
-5.16033
-5.22765
-5.26706
-5.19168
-5.19594
-5.18732
-5.33365
-5.30787
-5.26798
-5.29137
-5.12857
-5.29107
-5.25341
-5.40146
-5.3659
-5.34203
-5.43929
-5.40823
-5.3284
-5.40904
-5.38006
-5.36615
-5.43349
-5.39644
-5.39417
-5.47363
-5.45007
-5.38447
-5.47164
-5.50477
-5.40219
-5.45369
-5.45672
-5.44903
-5.44852
-5.41364
-5.48732
-5.48694
-5.32984
-5.31165
-5.31112
-5.26351
-5.3552
-5.20472
-5.26387
-5.34706
-5.40379
-5.50159
-5.51512
-5.49602
-5.54703
-5.57841
-5.58378
-5.51642
-5.55533
-5.5981
-5.59379
-5.47566
-5.42624
-5.51349
-5.46781
-5.45039
-5.48116
-5.52967
-5.45332
-5.52653
-5.48702
-5.48688
-5.46639
-5.41552
-5.37324
-5.37125
-5.38339
-5.37957
-5.48051
-5.53909
-5.48096
-5.54297
-5.57091
-5.53184
-5.56016
-5.53633
-5.49159
-5.4815
-5.41461
-5.44412
-5.46306
-5.45288
-5.44547
-5.50541
-5.46179
-5.53756
-5.43837
-5.42673
-5.44905
-5.36376
-5.35642
-5.40371
-5.51658
-5.53252
-5.46981
-5.40808
-5.47241
-5.43183
-5.40251
-5.34611
-5.35351
-5.49403
-5.51579
-5.49221
-5.51804
-5.44511
-5.42057
-5.34138
-5.34198
-5.38794
-5.3746
-5.33502
-5.48335
-5.43142
-5.47154
-5.45024
-5.52677
-5.57013
-5.56215
-5.50079
-5.42502
-5.36705
-5.43849
-5.4801
-5.63526
-5.59088
-5.5821
-5.58095
-5.48577
-5.54903
-5.43474
-5.48559
-5.44374
-5.51139
-5.51195
-5.41871
-5.41378
-5.45724
-5.54035
-5.59688
-5.59595
-5.56425
-5.6288
-5.6329
-5.58726
-5.68099
-5.6603
-5.64673
-5.52541
-5.57596
-5.58191
-5.68074
-5.63492
-5.63678
-5.56693
-5.48522
-5.5092
-5.53803
-5.54769
-5.5158
-5.63888
-5.55726
-5.57689
-5.56661
-5.51053
-5.6251
-5.67085
-5.69982
-5.61567
-5.54243
-5.53415
-5.63782
-5.58389
-5.54209
-5.55532
-5.49503
-5.52465
-5.52267
-5.5216
-5.52842
-5.60044
-5.61558
-5.52117
-5.55056
-5.48306
-5.54769
-5.52528
-5.47775
-5.48859
-5.44214
-5.36775
-5.28601
-5.26395
-5.2368
-5.18386
-5.22742
-5.26681
-5.26127
-5.3133
-5.36819
-5.49055
-5.4979
-5.52227
-5.46108
-5.43458
-5.4057
-5.26142
-5.28419
-5.35127
-5.36663
-5.32474
-5.38691
-5.40831
-5.48542
-5.56822
-5.52001
-5.3989
-5.30775
-5.35128
-5.48884
-5.42165
-5.4071
-5.40416
-5.45593
-5.38918
-5.4282
-5.5067
-5.5248
-5.46814
-5.43762
-5.43495
-5.50195
-5.45806
-5.46083
-5.39676
-5.33364
-5.30516
-5.30292
-5.27357
-5.34876
-5.34349
-5.3321
-5.34708
-5.39339
-5.38614
-5.4602
-5.45793
-5.55055
-5.4386
-5.41741
-5.37066
-5.38513
-5.47669
-5.49371
-5.36079
-5.47213
-5.52019
-5.56866
-5.49499
-5.62519
-5.56534
-5.52406
-5.57038
-5.70129
-5.671
-5.59422
-5.65431
-5.65997
-5.68515
-5.68602
-5.56522
-5.60749
-5.61748
-5.63639
-5.626
-5.56994
-5.63335
-5.61507
-5.54701
-5.56509
-5.58932
-5.59171
-5.52615
-5.57668
-5.51038
-5.3843
-5.38358
-5.43794
-5.55886
-5.63124
-5.6141
-5.55524
-5.50243
-5.56496
-5.57036
-5.54875
-5.60016
-5.62189
-5.64759
-5.58859
-5.57309
-5.50483
-5.47819
-5.54352
-5.43521
-5.38189
-5.37821
-5.44734
-5.52152
-5.4782
-5.31415
-5.37514
-5.36273
-5.418
-5.55468
-5.60198
-5.52872
-5.41587
-5.51195
-5.49682
-5.50889
-5.51332
-5.47956
-5.47861
-5.44769
-5.43166
-5.47297
-5.48276
-5.47321
-5.44584
-5.44353
-5.48443
-5.43092
-5.53282
-5.59358
-5.54032
-5.55295
-5.56468
-5.42574
-5.49248
-5.4947
-5.41402
-5.40656
-5.55509
-5.52185
-5.47832
-5.44221
-5.43147
-5.38571
-5.47239
-5.43323
-5.40755
-5.35481
-5.34044
-5.40542
-5.41027
-5.40906
-5.43214
-5.43689
-5.4657
-5.36893
-5.40451
-5.42627
-5.49966
-5.46535
-5.4724
-5.33542
-5.31779
-5.30332
-5.5011
-5.51579
-5.38896
-5.41611
-5.52449
-5.49665
-5.43248
-5.46322
-5.40952
-5.42427
-5.41005
-5.46
-5.47148
-5.5677
-5.5882
-5.52547
-5.51704
-5.47703
-5.37544
-5.33384
-5.38667
-5.35071
-5.3382
-5.23413
-5.19135
-5.41733
-5.37484
-5.3829
-5.44227
-5.37395
-5.38256
-5.30293
-5.4252
-5.47349
-5.45922
-5.47239
-5.51263
-5.48031
-5.40297
-5.37439
-5.45368
-5.40529
-5.39849
-5.49642
-5.53987
-5.4971
-5.53454
-5.50428
-5.50571
-5.43185
-5.40295
-5.33514
-5.39785
-5.43679
-5.49567
-5.43568
-5.42592
-5.36827
-5.40626
-5.36836
-5.39726
-5.30536
-5.28998
-5.33119
-5.39719
-5.40559
-5.48642
-5.46657
-5.37848
-5.40042
-5.3167
-5.34175
-5.39544
-5.36007
-5.37721
-5.38877
-5.39248
-5.40942
-5.38099
-5.35905
-5.46522
-5.42391
-5.36402
-5.29187
-5.37593
-5.44933
-5.46067
-5.45558
-5.4231
-5.33109
-5.30441
-5.29168
-5.34326
-5.39682
-5.38083
-5.43787
-5.44881
-5.44174
-5.43545
-5.45616
-5.41429
-5.45505
-5.47252
-5.31545
-5.3591
-5.47199
-5.4453
-5.44367
-5.50917
-5.48219
-5.51338
-5.44385
-5.3724
-5.43737
-5.42858
-5.50816
-5.56295
-5.50408
-5.52162
-5.53858
-5.52388
-5.49334
-5.45866
-5.4488
-5.48646
-5.44452
-5.49129
-5.44622
-5.49466
-5.46835
-5.56987
-5.54864
-5.61432
-5.67576
-5.59891
-5.58764
-5.54475
-5.53428
-5.49528
-5.52499
-5.60862
-5.50642
-5.52993
-5.55709
-5.53815
-5.4871
-5.49791
-5.49208
-5.60419
-5.49698
-5.46401
-5.44245
-5.44285
-5.49023
-5.43429
-5.52444
-5.49169
-5.48578
-5.44877
-5.44593
-5.47351
-5.47455
-5.51757
-5.50625
-5.52986
-5.5601
-5.50146
-5.59954
-5.56647
-5.47903
-5.56789
-5.61106
-5.59461
-5.50686
-5.46911
-5.42835
-5.36086
-5.44902
-5.47309
-5.50567
-5.50218
-5.52293
-5.44407
-5.51061
-5.52248
-5.59252
-5.5391
-5.46041
-5.47
-5.44454
-5.48052
-5.46175
-5.50779
-5.53468
-5.41818
-5.49807
-5.42549
-5.61418
-5.59694
-5.54053
-5.50886
-5.53643
-5.59383
-5.63109
-5.63937
-5.67622
-5.68919
-5.66706
-5.65474
-5.63793
-5.59324
-5.53223
-5.47866
-5.6533
-5.58133
-5.53936
-5.55352
-5.64331
-5.64996
-5.66222
-5.70557
-5.6495
-5.53097
-5.46848
-5.49475
-5.58007
-5.54879
-5.57403
-5.48065
-5.43386
-5.47718
-5.55829
-5.54222
-5.54822
-5.65312
-5.63168
-5.70624
-5.65576
-5.62154
-5.62606
-5.61331
-5.54012
-5.43196
-5.54543
-5.52579
-5.52671
-5.56784
-5.54384
-5.48842
-5.56195
-5.53661
-5.51905
-5.4652
-5.42393
-5.4431
-5.44168
-5.42797
-5.40944
-5.38743
-5.37448
-5.43311
-5.48184
-5.44305
-5.5283
-5.45986
-5.40126
-5.42049
-5.48509
-5.45913
-5.48315
-5.43052
-5.46037
-5.51866
-5.55472
-5.47392
-5.45348
-5.38104
-5.52807
-5.42528
-5.42148
-5.54006
-5.46511
-5.45408
-5.50756
-5.48952
-5.33029
-5.49932
-5.44278
-5.58379
-5.6332
-5.67594
-5.65205
-5.57144
-5.61824
-5.56284
-5.54102
-5.52151
-5.56634
-5.52307
-5.50806
-5.51304
-5.56555
-5.52741
-5.51863
-5.6288
-5.4815
-5.52043
-5.41983
-5.44664
-5.45728
-5.51445
-5.54042
-5.56925
-5.64465
-5.68475
-5.62538
-5.52397
-5.50811
-5.52127
-5.58721
-5.55317
-5.5124
-5.43184
-5.39982
-5.45311
-5.44043
-5.43588
-5.41643
-5.52111
-5.50824
-5.44639
-5.30809
-5.27429
-5.28396
-5.32856
-5.38309
-5.40057
-5.2976
-5.33582
-5.28894
-5.27395
-5.30137
-5.40378
-5.44856
-5.43053
-5.32977
-5.19534
-5.40346
-5.39091
-5.41166
-5.3198
-5.41174
-5.35859
-5.38684
-5.47886
-5.49064
-5.57273
-5.59408
-5.54038
-5.49218
-5.40794
-5.40211
-5.42856
-5.40906
-5.49412
-5.42631
-5.31781
-5.32736
-5.3155
-5.26933
-5.28165
-5.33204
-5.35373
-5.42285
-5.46417
-5.49578
-5.49653
-5.5324
-5.48456
-5.46993
-5.39266
-5.43346
-5.42607
-5.43115
-5.4531
-5.50959
-5.44182
-5.46323
-5.4112
-5.39438
-5.49969
-5.58711
-5.55542
-5.52105
-5.42005
-5.42013
-5.3755
-5.35683
-5.43363
-5.32397
-5.45515
-5.41251
-5.50814
-5.51425
-5.53857
-5.5122
-5.56014
-5.5288
-5.61541
-5.61452
-5.51862
-5.46525
-5.48735
-5.56983
-5.56756
-5.48127
-5.44884
-5.43785
-5.49155
-5.51278
-5.4058
-5.35361
-5.35751
-5.31145
-5.42529
-5.36273
-5.33273
-5.37014
-5.28321
-5.28355
-5.40624
-5.43851
-5.40509
-5.41368
-5.49651
-5.52877
-5.47208
-5.5151
-5.57325
-5.46516
-5.34356
-5.29451
-5.31781
-5.29758
-5.34392
-5.39487
-5.4016
-5.48096
-5.48111
-5.42681
-5.55896
-5.55818
-5.52492
-5.52131
-5.40956
-5.36963
-5.48715
-5.52507
-5.4898
-5.42041
-5.5221
-5.52412
-5.56466
-5.55124
-5.4956
-5.44738
-5.40498
-5.43153
-5.42064
-5.46989
-5.48508
-5.53304
-5.57903
-5.60564
-5.54456
-5.59434
-5.51609
-5.45613
-5.47876
-5.43372
-5.36251
-5.34836
-5.32671
-5.30478
-5.22932
-5.35768
-5.38785
-5.42084
-5.46448
-5.44691
-5.38075
-5.40209
-5.33039
-5.27847
-5.27733
-5.22555
-5.22263
-5.30647
-5.32152
-5.31858
-5.37022
-5.41142
-5.39921
-5.39217
-5.44326
-5.44511
-5.37779
-5.31032
-5.38929
-5.29169
-5.29863
-5.33734
-5.33304
-5.41637
-5.45178
-5.36828
-5.47747
-5.53965
-5.5374
-5.50243
-5.54349
-5.46813
-5.43959
-5.49227
-5.34845
-5.4711
-5.42722
-5.42811
-5.39198
-5.39921
-5.46874
-5.40898
-5.31428
-5.20527
-5.22397
-5.26987
-5.26775
-5.39611
-5.305
-5.32715
-5.48837
-5.36167
-5.37878
-5.27218
-5.25576
-5.26462
-5.27831
-5.26877
-5.36538
-5.36918
-5.47781
-5.44678
-5.36274
-5.37901
-5.39844
-5.41511
-5.32408
-5.31833
-5.25386
-5.22652
-5.3001
-5.31651
-5.32257
-5.248
-5.30084
-5.27729
-5.25747
-5.27911
-5.42899
-5.5563
-5.48436
-5.54577
-5.43733
-5.44697
-5.38699
-5.331
-5.23412
-5.26696
-5.25633
-5.31497
-5.31918
-5.2904
-5.24806
-5.3583
-5.37004
-5.35159
-5.38146
-5.29115
-5.35276
-5.42365
-5.38905
-5.41143
-5.46997
-5.53743
-5.56625
-5.53271
-5.52155
-5.54856
-5.44834
-5.39591
-5.44898
-5.38772
-5.32064
-5.33214
-5.33531
-5.28574
-5.33501
-5.38332
-5.38462
-5.38657
-5.4576
-5.4253
-5.38284
-5.46138
-5.4355
-5.36034
-5.3288
-5.40275
-5.3993
-5.49062
-5.52734
-5.50864
-5.53548
-5.4564
-5.4588
-5.48417
-5.4823
-5.47809
-5.50957
-5.50479
-5.50812
-5.45164
-5.406
-5.4862
-5.47436
-5.54685
-5.55332
-5.52941
-5.50021
-5.54181
-5.49695
-5.46103
-5.3457
-5.4216
-5.43326
-5.48273
-5.56256
-5.57086
-5.52978
-5.54801
-5.48083
-5.52163
-5.41243
-5.46105
-5.4963
-5.47778
-5.42554
-5.44924
-5.43558
-5.43705
-5.4954
-5.5083
-5.49009
-5.52202
-5.49792
-5.37047
-5.41208
-5.40861
-5.43618
-5.49302
-5.51502
-5.48773
-5.57187
-5.52433
-5.61859
-5.64629
-5.60693
-5.57678
-5.57419
-5.52497
-5.47979
-5.57508
-5.60513
-5.62976
-5.63261
-5.56275
-5.59208
-5.54079
-5.51432
-5.55104
-5.5796
-5.61619
-5.60496
-5.50249
-5.51168
-5.4473
-5.55459
-5.65478
-5.61912
-5.61324
-5.70144
-5.59067
-5.50807
-5.44753
-5.33175
-5.30576
-5.35993
-5.43047
-5.5271
-5.43318
-5.35188
-5.39634
-5.41623
-5.41111
-5.48519
-5.53273
-5.57122
-5.5206
-5.55868
-5.50925
-5.45596
-5.46127
-5.39849
-5.44634
-5.34637
-5.39849
-5.36557
-5.44731
-5.44974
-5.28731
-5.17967
-5.43195
-5.4326
-5.52246
-5.47308
-5.43843
-5.38456
-5.44736
-5.5155
-5.49771
-5.44376
-5.51443
-5.52463
-5.48031
-5.43268
-5.46612
-5.33685
-5.41442
-5.4206
-5.40204
-5.49899
-5.50702
-5.44546
-5.51366
-5.54562
-5.48587
-5.49968
-5.4871
-5.50686
-5.56882
-5.50513
-5.44014
-5.4431
-5.48269
-5.48081
-5.42217
-5.31295
-5.37094
-5.41572
-5.39967
-5.35576
-5.42511
-5.51083
-5.53698
-5.56635
-5.57751
-5.51354
-5.52017
-5.56193
-5.54401
-5.5886
-5.50044
-5.40729
-5.38006
-5.47385
-5.52043
-5.56907
-5.50078
-5.53924
-5.51214
-5.56727
-5.6004
-5.56413
-5.5711
-5.53383
-5.52595
-5.50955
-5.50021
-5.47636
-5.48317
-5.49606
-5.57415
-5.60158
-5.61516
-5.56084
-5.43646
-5.48637
-5.53802
-5.58384
-5.59824
-5.52366
-5.45834
-5.52118
-5.44167
-5.48013
-5.49322
-5.46384
-5.39955
-5.45522
-5.43145
-5.37724
-5.42257
-5.38882
-5.44894
-5.37685
-5.39458
-5.44311
-5.48411
-5.37992
-5.42113
-5.44472
-5.42299
-5.32789
-5.29503
-5.26116
-5.22379
-5.21511
-5.35556
-5.30681
-5.33986
-5.28799
-5.37522
-5.36269
-5.39547
-5.36699
-5.43512
-5.38336
-5.38323
-5.36423
-5.43372
-5.38032
-5.44534
-5.44793
-5.31269
-5.35679
-5.4146
-5.53311
-5.51669
-5.50242
-5.54648
-5.54233
-5.53003
-5.46657
-5.48019
-5.44444
-5.49791
-5.38085
-5.40825
-5.43365
-5.40268
-5.42582
-5.52187
-5.56079
-5.5627
-5.52984
-5.58185
-5.56658
-5.55611
-5.51577
-5.571
-5.50551
-5.54924
-5.41476
-5.42237
-5.51993
-5.52485
-5.4523
-5.50166
-5.53304
-5.49977
-5.49716
-5.47478
-5.50374
-5.53304
-5.55844
-5.62513
-5.56042
-5.46815
-5.50534
-5.54479
-5.50507
-5.51114
-5.46964
-5.44176
-5.41257
-5.42587
-5.39234
-5.33982
-5.45606
-5.43228
-5.37452
-5.38869
-5.36747
-5.42696
-5.45589
-5.42613
-5.4971
-5.52689
-5.60709
-5.49591
-5.43148
-5.57949
-5.55909
-5.47904
-5.43572
-5.36274
-5.33832
-5.34776
-5.45596
-5.43182
-5.38383
-5.42922
-5.40409
-5.50702
-5.5364
-5.60896
-5.5468
-5.52318
-5.44963
-5.43801
-5.43994
-5.41698
-5.44356
-5.45093
-5.4085
-5.41549
-5.41308
-5.34738
-5.39886
-5.34758
-5.3039
-5.32889
-5.40326
-5.50739
-5.61422
-5.52047
-5.5078
-5.52362
-5.45291
-5.41193
-5.42736
-5.35607
-5.43097
-5.42607
-5.41395
-5.44542
-5.46787
-5.34043
-5.28809
-5.36207
-5.34032
-5.33065
-5.41428
-5.43789
-5.44536
-5.43947
-5.48231
-5.37999
-5.39309
-5.45069
-5.49707
-5.46717
-5.55605
-5.53596
-5.59406
-5.52994
-5.49759
-5.38442
-5.40112
-5.37412
-5.30616
-5.38112
-5.33562
-5.35271
-5.42948
-5.47557
-5.40773
-5.41723
-5.48315
-5.58619
-5.55494
-5.4776
-5.52525
-5.66498
-5.50332
-5.49189
-5.49634
-5.42217
-5.38834
-5.36725
-5.4011
-5.28594
-5.32007
-5.28839
-5.31501
-5.3474
-5.39178
-5.4004
-5.43741
-5.38958
-5.28296
-5.34441
-5.37771
-5.39757
-5.45267
-5.38293
-5.42462
-5.44075
-5.37655
-5.44483
-5.45703
-5.46613
-5.39975
-5.36736
-5.3476
-5.27926
-5.36832
-5.34259
-5.34972
-5.26624
-5.29258
-5.24774
-5.30833
-5.26672
-5.19692
-5.20389
-5.30531
-5.36088
-5.406
-5.42077
-5.44532
-5.40348
-5.33224
-5.37062
-5.27646
-5.40342
-5.36845
-5.41127
-5.35965
-5.39302
-5.36665
-5.39587
-5.36814
-5.31596
-5.19138
-5.23746
-5.17682
-5.28316
-5.29394
-5.37762
-5.33951
-5.36476
-5.45329
-5.46784
-5.38672
-5.5039
-5.39029
-5.25323
-5.30986
-5.2403
-5.30488
-5.4266
-5.41867
-5.4342
-5.40515
-5.41959
-5.38108
-5.36498
-5.37285
-5.3823
-5.32323
-5.3457
-5.44852
-5.367
-5.34761
-5.44241
-5.40282
-5.358
-5.36942
-5.33427
-5.37921
-5.36105
-5.32213
-5.3066
-5.3363
-5.42344
-5.49063
-5.49158
-5.46431
-5.49927
-5.46679
-5.49611
-5.49869
-5.48515
-5.46484
-5.39085
-5.44316
-5.42789
-5.46327
-5.48678
-5.47923
-5.38555
-5.43595
-5.55579
-5.46244
-5.3896
-5.39215
-5.51973
-5.58965
-5.6791
-5.58096
-5.56513
-5.59792
-5.5539
-5.51032
-5.46569
-5.55655
-5.5569
-5.48869
-5.41076
-5.48903
-5.54461
-5.53071
-5.52998
-5.45443
-5.4296
-5.34676
-5.3867
-5.53389
-5.51922
-5.50015
-5.54373
-5.55196
-5.52106
-5.59848
-5.63208
-5.64294
-5.56644
-5.51147
-5.51998
-5.39021
-5.44023
-5.48067
-5.4973
-5.42067
-5.40971
-5.41175
-5.50384
-5.49801
-5.44956
-5.58355
-5.56971
-5.52045
-5.43531
-5.51947
-5.53707
-5.46549
-5.52093
-5.49478
-5.52014
-5.512
-5.68236
-5.76046
-5.67567
-5.7136
-5.6332
-5.57515
-5.55602
-5.57044
-5.58581
-5.55436
-5.6142
-5.61146
-5.59002
-5.61855
-5.61682
-5.60666
-5.59811
-5.5024
-5.42986
-5.40503
-5.40809
-5.4774
-5.48523
-5.57065
-5.5509
-5.56993
-5.48257
-5.50729
-5.57085
-5.6098
-5.58865
-5.5268
-5.50051
-5.50296
-5.48307
-5.58062
-5.56464
-5.54816
-5.56311
-5.58078
-5.57171
-5.57271
-5.53269
-5.54164
-5.60701
-5.59764
-5.49615
-5.45939
-5.37597
-5.42058
-5.4457
-5.46144
-5.40867
-5.44246
-5.50979
-5.57764
-5.58368
-5.59423
-5.46773
-5.53662
-5.56807
-5.54269
-5.53441
-5.59474
-5.63129
-5.60772
-5.55249
-5.55243
-5.56857
-5.57933
-5.55914
-5.51743
-5.41141
-5.44243
-5.52087
-5.48801
-5.58409
-5.53569
-5.57753
-5.52551
-5.5897
-5.61139
-5.61185
-5.64683
-5.59455
-5.53512
-5.50157
-5.50192
-5.55031
-5.45836
-5.32989
-5.28202
-5.14625
-5.28053
-5.25308
-5.30877
-5.33254
-5.32443
-5.46162
-5.49389
-5.46981
-5.39646
-5.41345
-5.45716
-5.4176
-5.47141
-5.46781
-5.40167
-5.4339
-5.47741
-5.44485
-5.47988
-5.51043
-5.52802
-5.44217
-5.43284
-5.38927
-5.35808
-5.35748
-5.41737
-5.43631
-5.38212
-5.35383
-5.23836
-5.28344
-5.28612
-5.3307
-5.40694
-5.43058
-5.48188
-5.46952
-5.452
-5.4925
-5.47321
-5.39123
-5.5513
-5.51638
-5.37709
-5.33958
-5.37618
-5.36392
-5.46663
-5.47483
-5.53773
-5.51169
-5.63188
-5.6361
-5.57807
-5.62132
-5.57161
-5.53947
-5.52619
-5.49489
-5.44553
-5.48247
-5.47784
-5.35039
-5.36571
-5.3699
-5.31477
-5.41503
-5.46772
-5.54364
-5.48243
-5.49413
-5.50937
-5.4748
-5.39162
-5.3929
-5.33735
-5.30517
-5.37304
-5.32848
-5.36921
-5.40974
-5.38073
-5.42107
-5.44903
-5.45667
-5.48334
-5.46408
-5.494
-5.40671
-5.43736
-5.45538
-5.48847
-5.6079
-5.51579
-5.62619
-5.51973
-5.41403
-5.44465
-5.35652
-5.40408
-5.38541
-5.3074
-5.34066
-5.34514
-5.35964
-5.2665
-5.40171
-5.37668
-5.36417
-5.38376
-5.34804
-5.45965
-5.51557
-5.44746
-5.45846
-5.42951
-5.42767
-5.55744
-5.61459
-5.55412
-5.57923
-5.59073
-5.53225
-5.41084
-5.38635
-5.38731
-5.47351
-5.49554
-5.48456
-5.41561
-5.39505
-5.3651
-5.33884
-5.3696
-5.40784
-5.35833
-5.35849
-5.36865
-5.42533
-5.41015
-5.50741
-5.57452
-5.48017
-5.41054
-5.46459
-5.54264
-5.51703
-5.52741
-5.54344
-5.53036
-5.5048
-5.41966
-5.48602
-5.47516
-5.4655
-5.39188
-5.34747
-5.3728
-5.33203
-5.36833
-5.36413
-5.42992
-5.44363
-5.42976
-5.50064
-5.49996
-5.4451
-5.43789
-5.44257
-5.32042
-5.45986
-5.42618
-5.47539
-5.49425
-5.5458
-5.44918
-5.38718
-5.4823
-5.46438
-5.47325
-5.43092
-5.40562
-5.33282
-5.41749
-5.412
-5.38458
-5.40531
-5.38682
-5.4821
-5.53614
-5.44698
-5.43665
-5.40155
-5.34689
-5.36204
-5.44052
-5.4498
-5.5077
-5.40201
-5.31681
-5.33012
-5.30147
-5.38619
-5.33133
-5.37769
-5.28981
-5.39121
-5.39013
-5.43904
-5.44308
-5.48355
-5.54651
-5.56966
-5.51274
-5.60136
-5.53535
-5.55812
-5.55538
-5.54863
-5.55363
-5.52319
-5.4273
-5.33619
-5.38099
-5.39336
-5.51051
-5.54387
-5.5967
-5.54277
-5.48035
-5.40778
-5.46989
-5.43908
-5.47953
-5.28775
-5.3922
-5.4232
-5.47468
-5.46803
-5.31715
-5.35026
-5.3249
-5.35108
-5.23067
-5.20318
-5.32187
-5.32065
-5.30107
-5.32719
-5.36121
-5.4904
-5.52759
-5.45308
-5.29071
-5.39211
-5.43311
-5.47108
-5.42513
-5.37049
-5.37097
-5.40665
-5.357
-5.42868
-5.34378
-5.3866
-5.44642
-5.55328
-5.51659
-5.47897
-5.48169
-5.40649
-5.42651
-5.34707
-5.52283
-5.46556
-5.5273
-5.51658
-5.56809
-5.6123
-5.65869
-5.46924
-5.46494
-5.51668
-5.43268
-5.39509
-5.44198
-5.48762
-5.43651
-5.4501
-5.44192
-5.41485
-5.43344
-5.56138
-5.54881
-5.46241
-5.49247
-5.4833
-5.40624
-5.40497
-5.33192
-5.33359
-5.41228
-5.35318
-5.4178
-5.44919
-5.35927
-5.37419
-5.39129
-5.37529
-5.4246
-5.46618
-5.48064
-5.46034
-5.53895
-5.42924
-5.35764
-5.35516
-5.41961
-5.45746
-5.46871
-5.44361
-5.42169
-5.55021
-5.66906
-5.6021
-5.48609
-5.59126
-5.43694
-5.473
-5.50909
-5.47236
-5.51954
-5.48306
-5.51381
-5.49053
-5.51378
-5.47135
-5.4594
-5.5146
-5.47935
-5.43069
-5.37187
-5.40563
-5.37386
-5.42572
-5.46911
-5.49867
-5.47832
-5.49607
-5.43232
-5.317
-5.25934
-5.2758
-5.26788
-5.2136
-5.20776
-5.40926
-5.41454
-5.43309
-5.50903
-5.47289
-5.5272
-5.4242
-5.54394
-5.50257
-5.38207
-5.42209
-5.40058
-5.38198
-5.46454
-5.41094
-5.34211
-5.35562
-5.40575
-5.49141
-5.48321
-5.50155
-5.51483
-5.49317
-5.44144
-5.43861
-5.48949
-5.39725
-5.49693
-5.50037
-5.47795
-5.45001
-5.38111
-5.41682
-5.27104
-5.29268
-5.30555
-5.39519
-5.38994
-5.35294
-5.35318
-5.31412
-5.39286
-5.43835
-5.40994
-5.42449
-5.37638
-5.35775
-5.39842
-5.33101
-5.38523
-5.33005
-5.4003
-5.42676
-5.47149
-5.40804
-5.40646
-5.50684
-5.43305
-5.48918
-5.37398
-5.41543
-5.45566
-5.46573
-5.50362
-5.47015
-5.55976
-5.50885
-5.41742
-5.39834
-5.4352
-5.49236
-5.42954
-5.49098
-5.53699
-5.51123
-5.49201
-5.4458
-5.49738
-5.45074
-5.42655
-5.48828
-5.51214
-5.47571
-5.52937
-5.54843
-5.63995
-5.58849
-5.53253
-5.48214
-5.57141
-5.55259
-5.4597
-5.42577
-5.37901
-5.3276
-5.4222
-5.36636
-5.36331
-5.4782
-5.52137
-5.44931
-5.48525
-5.55374
-5.47165
-5.40821
-5.35313
-5.38367
-5.35825
-5.32217
-5.32465
-5.30483
-5.29709
-5.44283
-5.49093
-5.50753
-5.41559
-5.43413
-5.38107
-5.37951
-5.36056
-5.42457
-5.38404
-5.35253
-5.36261
-5.42228
-5.4223
-5.37535
-5.3942
-5.39483
-5.51406
-5.40329
-5.24918
-5.36314
-5.40697
-5.48074
-5.40502
-5.38861
-5.38575
-5.31309
-5.2396
-5.2627
-5.33263
-5.42052
-5.45402
-5.51396
-5.56059
-5.49281
-5.48639
-5.52389
-5.42501
-5.45793
-5.36302
-5.34665
-5.47039
-5.37388
-5.34529
-5.27512
-5.31156
-5.42403
-5.30337
-5.32503
-5.34742
-5.35243
-5.32992
-5.28808
-5.45639
-5.39935
-5.40584
-5.49375
-5.48463
-5.43686
-5.48677
-5.39195
-5.4257
-5.44246
-5.37137
-5.36771
-5.40685
-5.39058
-5.53116
-5.47516
-5.47561
-5.53952
-5.50545
-5.51423
-5.38282
-5.45867
-5.31532
-5.42224
-5.34538
-5.35227
-5.48519
-5.51652
-5.54639
-5.53879
-5.49816
-5.45591
-5.57585
-5.51665
-5.57829
-5.50808
-5.45099
-5.48117
-5.47501
-5.44462
-5.36763
-5.28693
-5.23569
-5.32554
-5.35489
-5.32785
-5.37493
-5.37635
-5.36686
-5.34654
-5.38616
-5.46691
-5.47843
-5.5546
-5.48969
-5.59676
-5.56945
-5.51247
-5.50394
-5.58489
-5.55824
-5.47809
-5.57727
-5.57122
-5.58759
-5.63968
-5.62956
-5.58077
-5.54657
-5.51649
-5.52153
-5.48978
-5.54784
-5.47128
-5.54008
-5.58568
-5.55083
-5.5849
-5.60332
-5.64985
-5.66523
-5.65924
-5.55385
-5.47414
-5.41345
-5.44431
-5.45384
-5.43899
-5.52891
-5.53733
-5.54576
-5.47336
-5.39084
-5.37283
-5.35506
-5.41867
-5.41531
-5.46569
-5.54309
-5.59876
-5.55288
-5.57952
-5.61772
-5.53163
-5.43853
-5.5115
-5.53691
-5.54241
-5.43125
-5.43873
-5.4819
-5.48603
-5.52185
-5.4593
-5.41378
-5.44475
-5.38305
-5.41544
-5.5793
-5.58992
-5.55301
-5.60231
-5.53631
-5.44484
-5.46237
-5.48954
-5.37903
-5.39477
-5.40326
-5.36911
-5.38373
-5.39783
-5.55949
-5.6361
-5.59139
-5.56986
-5.61312
-5.54278
-5.55895
-5.64213
-5.58988
-5.47059
-5.38118
-5.5283
-5.49614
-5.4812
-5.46712
-5.49181
-5.52203
-5.42927
-5.46701
-5.44555
-5.39178
-5.35495
-5.38457
-5.41239
-5.46647
-5.47928
-5.55627
-5.60809
-5.56776
-5.49937
-5.37657
-5.42246
-5.38891
-5.42466
-5.54055
-5.54043
-5.53989
-5.59135
-5.52681
-5.61431
-5.56913
-5.52359
-5.5196
-5.43657
-5.39012
-5.3318
-5.43003
-5.44382
-5.33332
-5.31473
-5.41325
-5.42702
-5.35646
-5.336
-5.4394
-5.37285
-5.43487
-5.4216
-5.45533
-5.43725
-5.31295
-5.40438
-5.43189
-5.36839
-5.2611
-5.28675
-5.31615
-5.34255
-5.42942
-5.40703
-5.46822
-5.38219
-5.35912
-5.40917
-5.37058
-5.37314
-5.33789
-5.34038
-5.3708
-5.40509
-5.44985
-5.51443
-5.43625
-5.47634
-5.48441
-5.45109
-5.50238
-5.36441
-5.32865
-5.4218
-5.39681
-5.42881
-5.48424
-5.40816
-5.40311
-5.43866
-5.38512
-5.44869
-5.42401
-5.35409
-5.32126
-5.38347
-5.47423
-5.43205
-5.36368
-5.37662
-5.2651
-5.16728
-5.26633
-5.27774
-5.38925
-5.424
-5.35632
-5.34311
-5.35895
-5.3558
-5.31533
-5.38216
-5.35948
-5.32662
-5.33137
-5.37338
-5.46069
-5.49874
-5.49102
-5.46117
-5.40445
-5.38721
-5.46854
-5.51716
-5.35603
-5.46479
-5.50633
-5.50955
-5.44416
-5.37919
-5.39637
-5.41225
-5.4028
-5.29853
-5.37964
-5.38272
-5.42588
-5.34482
-5.34567
-5.31965
-5.30573
-5.25842
-5.40454
-5.36287
-5.47133
-5.35537
-5.42738
-5.44974
-5.48516
-5.51225
-5.45453
-5.4098
-5.4148
-5.43184
-5.36477
-5.32961
-5.32311
-5.32164
-5.2671
-5.22471
-5.23897
-5.2545
-5.31481
-5.40247
-5.43544
-5.32794
-5.39795
-5.45041
-5.44869
-5.42432
-5.46036
-5.4379
-5.40348
-5.41624
-5.51577
-5.46627
-5.43402
-5.4622
-5.49273
-5.55726
-5.47686
-5.39013
-5.46315
-5.48529
-5.57093
-5.39519
-5.40248
-5.37214
-5.38769
-5.32754
-5.404
-5.4299
-5.43457
-5.37901
-5.3595
-5.38492
-5.3927
-5.3895
-5.38769
-5.34559
-5.34407
-5.3789
-5.43056
-5.51756
-5.45166
-5.3869
-5.41487
-5.40787
-5.38998
-5.45627
-5.51529
-5.45953
-5.40813
-5.45893
-5.38971
-5.37979
-5.39409
-5.42153
-5.4568
-5.46636
-5.40317
-5.44853
-5.41136
-5.40722
-5.47386
-5.42406
-5.46177
-5.54463
-5.43872
-5.36842
-5.35943
-5.33198
-5.3706
-5.30545
-5.31702
-5.30789
-5.31138
-5.37116
-5.37619
-5.346
-5.32592
-5.42916
-5.42353
-5.44666
-5.46802
-5.49051
-5.52228
-5.49639
-5.50971
-5.47484
-5.35546
-5.35344
-5.45891
-5.41751
-5.45347
-5.36454
-5.31021
-5.32707
-5.30295
-5.4002
-5.34031
-5.32619
-5.29112
-5.29075
-5.29409
-5.20989
-5.27785
-5.34
-5.38882
-5.37454
-5.32992
-5.39866
-5.27836
-5.40421
-5.41567
-5.32611
-5.38592
-5.38257
-5.42657
-5.52123
-5.48283
-5.34807
-5.36053
-5.489
-5.50435
-5.36304
-5.42841
-5.47324
-5.48722
-5.52406
-5.49231
-5.49976
-5.52084
-5.55879
-5.46325
-5.51847
-5.51829
-5.46384
-5.42232
-5.43649
-5.48116
-5.47534
-5.33515
-5.43365
-5.45047
-5.43787
-5.47929
-5.52382
-5.50087
-5.50631
-5.50087
-5.51783
-5.37061
-5.35429
-5.4648
-5.44507
-5.43678
-5.35846
-5.41363
-5.40267
-5.46928
-5.51826
-5.56004
-5.56954
-5.67614
-5.63278
-5.69187
-5.66538
-5.65392
-5.59733
-5.48937
-5.54493
-5.6035
-5.61968
-5.63934
-5.55692
-5.54122
-5.55694
-5.5869
-5.64541
-5.66013
-5.59435
-5.49839
-5.51043
-5.53552
-5.58544
-5.64962
-5.62966
-5.63032
-5.60009
-5.53529
-5.43936
-5.45392
-5.4119
-5.34548
-5.30828
-5.43554
-5.49165
-5.51475
-5.59278
-5.58552
-5.61546
-5.55549
-5.51602
-5.52916
-5.44327
-5.44871
-5.50355
-5.38715
-5.45969
-5.46579
-5.43554
-5.43054
-5.44879
-5.5239
-5.45151
-5.54646
-5.50124
-5.40133
-5.4472
-5.43589
-5.41226
-5.41799
-5.48854
-5.59069
-5.5232
-5.48723
-5.48757
-5.50174
-5.61764
-5.60067
-5.49475
-5.53434
-5.41142
-5.50294
-5.52259
-5.47986
-5.55032
-5.54137
-5.60221
-5.48575
-5.40998
-5.47247
-5.5099
-5.49553
-5.43189
-5.4945
-5.51046
-5.44631
-5.51198
-5.52414
-5.53554
-5.53337
-5.45287
-5.48669
-5.5555
-5.43168
-5.49096
-5.49228
-5.36616
-5.27967
-5.17047
-5.27507
-5.35556
-5.20268
-5.24544
-5.28175
-5.29829
-5.48441
-5.46817
-5.46057
-5.46016
-5.51927
-5.46352
-5.6176
-5.60066
-5.49301
-5.6299
-5.6395
-5.55362
-5.52102
-5.4203
-5.55656
-5.52415
-5.55124
-5.52161
-5.53079
-5.46247
-5.49689
-5.45155
-5.47409
-5.49765
-5.48605
-5.52925
-5.51553
-5.57896
-5.49209
-5.48172
-5.42044
-5.3874
-5.40058
-5.39684
-5.47999
-5.41561
-5.36301
-5.3788
-5.39324
-5.37979
-5.36565
-5.40348
-5.41792
-5.48048
-5.60543
-5.58289
-5.49681
-5.48274
-5.45803
-5.43065
-5.40864
-5.42081
-5.31664
-5.36217
-5.4348
-5.38406
-5.3414
-5.39855
-5.40712
-5.47163
-5.43235
-5.44409
-5.41173
-5.40432
-5.35797
-5.40577
-5.40909
-5.4074
-5.27978
-5.37664
-5.37774
-5.38073
-5.34347
-5.42458
-5.44486
-5.50623
-5.44777
-5.47508
-5.43736
-5.38567
-5.41392
-5.44878
-5.31338
-5.41496
-5.55792
-5.58341
-5.52148
-5.46845
-5.42391
-5.45855
-5.42737
-5.32836
-5.34929
-5.29603
-5.33553
-5.22514
-5.19671
-5.29503
-5.24306
-5.31154
-5.31866
-5.31186
-5.39186
-5.38541
-5.42063
-5.44413
-5.42147
-5.27469
-5.21239
-5.30103
-5.29385
-5.35653
-5.4631
-5.46232
-5.40833
-5.51501
-5.49819
-5.54096
-5.4805
-5.49965
-5.54226
-5.49955
-5.52531
-5.4641
-5.45189
-5.42696
-5.47624
-5.4686
-5.48063
-5.44099
-5.51354
-5.58836
-5.61001
-5.56493
-5.47383
-5.40765
-5.46997
-5.42486
-5.36029
-5.35245
-5.34943
-5.37182
-5.4211
-5.45725
-5.46711
-5.53769
-5.53993
-5.56137
-5.57011
-5.47442
-5.45559
-5.45879
-5.45147
-5.45228
-5.38682
-5.25482
-5.25221
-5.29264
-5.45609
-5.44043
-5.46555
-5.5061
-5.54174
-5.523
-5.49987
-5.48114
-5.49683
-5.57653
-5.55365
-5.60516
-5.53951
-5.47757
-5.40062
-5.37713
-5.40815
-5.44258
-5.28535
-5.42918
-5.38553
-5.3904
-5.43741
-5.53434
-5.5375
-5.55879
-5.50657
-5.55221
-5.50019
-5.57714
-5.53356
-5.54307
-5.48311
-5.56683
-5.50766
-5.42252
-5.4197
-5.49313
-5.40469
-5.35887
-5.35866
-5.42378
-5.36554
-5.33368
-5.47662
-5.52923
-5.5131
-5.52686
-5.49972
-5.40343
-5.40362
-5.60899
-5.61086
-5.5778
-5.51869
-5.50081
-5.49557
-5.49203
-5.459
-5.43567
-5.47502
-5.52287
-5.52994
-5.50929
-5.50128
-5.4944
-5.51943
-5.47258
-5.42999
-5.38954
-5.44595
-5.36755
-5.38579
-5.42267
-5.42928
-5.38761
-5.34801
-5.36336
-5.42205
-5.3576
-5.31849
-5.29983
-5.36516
-5.38463
-5.2895
-5.26753
-5.24449
-5.17599
-5.26135
-5.29841
-5.42611
-5.47217
-5.52326
-5.35671
-5.41988
-5.36714
-5.27362
-5.32507
-5.33791
-5.44103
-5.3154
-5.32651
-5.32529
-5.31832
-5.29487
-5.37706
-5.27933
-5.38025
-5.39391
-5.33011
-5.27439
-5.2089
-5.23176
-5.11676
-5.33853
-5.38175
-5.39304
-5.30295
-5.32489
-5.3647
-5.39424
-5.43354
-5.39045
-5.55561
-5.50939
-5.54525
-5.44084
-5.37831
-5.26802
-5.25063
-5.34125
-5.37586
-5.37392
-5.36913
-5.36744
-5.46744
-5.46696
-5.47459
-5.46899
-5.43355
-5.51711
-5.49825
-5.45929
-5.56087
-5.52762
-5.4905
-5.42611
-5.4254
-5.3381
-5.2781
-5.31053
-5.27062
-5.2611
-5.24681
-5.33726
-5.37127
-5.28464
-5.27742
-5.32403
-5.27877
-5.39398
-5.38631
-5.37635
-5.36558
-5.43453
-5.45994
-5.42032
-5.34196
-5.33306
-5.23888
-5.16308
-5.17084
-5.23348
-5.24428
-5.31599
-5.24278
-5.25267
-5.35843
-5.40069
-5.36156
-5.38292
-5.38168
-5.34552
-5.3694
-5.35877
-5.30861
-5.44532
-5.50693
-5.45461
-5.39246
-5.4325
-5.42871
-5.49546
-5.41809
-5.42104
-5.43811
-5.41763
-5.27735
-5.27704
-5.38971
-5.42759
-5.28747
-5.30615
-5.4671
-5.43527
-5.2587
-5.40156
-5.395
-5.4105
-5.37793
-5.35963
-5.28663
-5.32797
-5.348
-5.30264
-5.36693
-5.34077
-5.54548
-5.47775
-5.56278
-5.60257
-5.57031
-5.53547
-5.53979
-5.48882
-5.51207
-5.53816
-5.50033
-5.53829
-5.48529
-5.46611
-5.42332
-5.40036
-5.37754
-5.43039
-5.49615
-5.48924
-5.50669
-5.48318
-5.54175
-5.55088
-5.5083
-5.46998
-5.34579
-5.33484
-5.19165
-5.23786
-5.40393
-5.42496
-5.56327
-5.59795
-5.59192
-5.5721
-5.51051
-5.4722
-5.59818
-5.60009
-5.55303
-5.54926
-5.58818
-5.52905
-5.67491
-5.69075
-5.5756
-5.55332
-5.60009
-5.50335
-5.52844
-5.51934
-5.45136
-5.5375
-5.60668
-5.64651
-5.60293
-5.48454
-5.51322
-5.51915
-5.49917
-5.41628
-5.38077
-5.45462
-5.55861
-5.57283
-5.56464
-5.57928
-5.53614
-5.58421
-5.50642
-5.53928
-5.49949
-5.5231
-5.55131
-5.59408
-5.60745
-5.54878
-5.45833
-5.52912
-5.58573
-5.63823
-5.7072
-5.65399
-5.63242
-5.6068
-5.62681
-5.71292
-5.64074
-5.6655
-5.66029
-5.66487
-5.5747
-5.51502
-5.55613
-5.53205
-5.52557
-5.39054
-5.41368
-5.38416
-5.44604
-5.47721
-5.48235
-5.49208
-5.47353
-5.40957
-5.44134
-5.40496
-5.43785
-5.38257
-5.38237
-5.42146
-5.47964
-5.542
-5.47234
-5.4036
-5.45251
-5.34117
-5.38758
-5.40265
-5.41978
-5.4755
-5.42538
-5.56643
-5.55524
-5.61444
-5.57832
-5.65432
-5.6102
-5.60023
-5.48849
-5.48517
-5.52739
-5.60303
-5.62694
-5.64245
-5.67925
-5.74402
-5.71986
-5.76595
-5.79731
-5.76904
-5.59394
-5.57949
-5.66741
-5.58623
-5.53297
-5.44857
-5.51257
-5.45399
-5.47668
-5.4593
-5.4892
-5.51529
-5.54449
-5.50554
-5.53796
-5.41007
-5.45693
-5.40522
-5.42019
-5.45526
-5.49476
-5.6005
-5.54503
-5.58025
-5.494
-5.50069
-5.53502
-5.58464
-5.59311
-5.53926
-5.54219
-5.50309
-5.56256
-5.53803
-5.57893
-5.61761
-5.66705
-5.60555
-5.5863
-5.51873
-5.47584
-5.47546
-5.46189
-5.38608
-5.45073
-5.48775
-5.56867
-5.56895
-5.57513
-5.52681
-5.55243
-5.57027
-5.59598
-5.60895
-5.59085
-5.59647
-5.51649
-5.4357
-5.38
-5.36374
-5.39265
-5.4283
-5.53991
-5.48625
-5.46018
-5.49503
-5.53653
-5.56463
-5.56598
-5.55549
-5.53183
-5.45216
-5.46195
-5.51141
-5.47935
-5.46608
-5.48062
-5.48856
-5.57205
-5.47112
-5.4585
-5.43932
-5.33802
-5.41794
-5.47881
-5.39016
-5.35736
-5.35499
-5.43817
-5.32239
-5.35505
-5.33219
-5.3401
-5.45301
-5.48144
-5.57919
-5.50607
-5.51334
-5.52241
-5.5113
-5.54695
-5.53203
-5.6116
-5.62056
-5.59285
-5.61996
-5.63862
-5.54588
-5.50436
-5.65048
-5.50219
-5.54355
-5.57551
-5.59379
-5.58689
-5.62536
-5.61005
-5.51711
-5.48194
-5.40227
-5.47342
-5.54704
-5.43461
-5.57734
-5.59582
-5.64563
-5.57702
-5.62679
-5.56026
-5.51014
-5.53074
-5.57854
-5.51022
-5.55915
-5.41047
-5.47535
-5.43568
-5.44144
-5.33565
-5.37893
-5.33384
-5.35004
-5.37188
-5.36157
-5.4255
-5.49161
-5.41909
-5.4542
-5.45823
-5.45506
-5.38291
-5.34671
-5.37107
-5.43534
-5.4855
-5.48666
-5.50535
-5.49753
-5.4159
-5.37546
-5.33432
-5.33038
-5.44804
-5.43063
-5.43874
-5.42209
-5.39639
-5.39231
-5.43759
-5.47266
-5.4265
-5.41682
-5.46213
-5.4392
-5.3802
-5.43167
-5.47298
-5.52761
-5.50683
-5.44394
-5.52521
-5.58009
-5.52279
-5.53189
-5.53341
-5.58487
-5.57035
-5.64236
-5.49527
-5.5663
-5.48812
-5.40982
-5.4449
-5.43201
-5.48972
-5.57317
-5.53583
-5.51954
-5.57458
-5.61436
-5.49693
-5.42257
-5.40351
-5.34744
-5.45616
-5.41312
-5.3974
-5.38805
-5.40859
-5.34979
-5.23122
-5.18951
-5.27182
-5.25692
-5.285
-5.31061
-5.34225
-5.26911
-5.33762
-5.32374
-5.4005
-5.5057
-5.49534
-5.50061
-5.38875
-5.34191
-5.29487
-5.27885
-5.32753
-5.36923
-5.33909
-5.32949
-5.37718
-5.36628
-5.33414
-5.31625
-5.3656
-5.40597
-5.3723
-5.34062
-5.33041
-5.32531
-5.39439
-5.44409
-5.49162
-5.49163
-5.58499
-5.57582
-5.58975
-5.53635
-5.60054
-5.6132
-5.57803
-5.5744
-5.46893
-5.46537
-5.43072
-5.35761
-5.20601
-5.3525
-5.40807
-5.43852
-5.43743
-5.44089
-5.40399
-5.48331
-5.41653
-5.47992
-5.46053
-5.49831
-5.38229
-5.42086
-5.40057
-5.47979
-5.45932
-5.29501
-5.35682
-5.55815
-5.5298
-5.51455
-5.43822
-5.40919
-5.3355
-5.41713
-5.42586
-5.47068
-5.40318
-5.46888
-5.3042
-5.26324
-5.26344
-5.23734
-5.22532
-5.30853
-5.3716
-5.28369
-5.34273
-5.39512
-5.35871
-5.41404
-5.40193
-5.43856
-5.50439
-5.39808
-5.39214
-5.27848
-5.31758
-5.23463
-5.33843
-5.37882
-5.35097
-5.43662
-5.49745
-5.38684
-5.42294
-5.43573
-5.39354
-5.23419
-5.22815
-5.24402
-5.31706
-5.35783
-5.36692
-5.27713
-5.21828
-5.22908
-5.30756
-5.29898
-5.30213
-5.30713
-5.20166
-5.21877
-5.28599
-5.2405
-5.15869
-5.14398
-5.14669
-5.2999
-5.4029
-5.33841
-5.3615
-5.2924
-5.32108
-5.27598
-5.35389
-5.32144
-5.30302
-5.28981
-5.36797
-5.3908
-5.39858
-5.36798
-5.35583
-5.3336
-5.33251
-5.18182
-5.14721
-5.34772
-5.31649
-5.1997
-5.36124
-5.3912
-5.44684
-5.43264
-5.44368
-5.35839
-5.32229
-5.36374
-5.3829
-5.41885
-5.3421
-5.35194
-5.37731
-5.40341
-5.36831
-5.45187
-5.41222
-5.40615
-5.38758
-5.43203
-5.45488
-5.4353
-5.38402
-5.39959
-5.36262
-5.32311
-5.36622
-5.44922
-5.55778
-5.49426
-5.53374
-5.56788
-5.47995
-5.26648
-5.20481
-5.21318
-5.19377
-5.17392
-5.28649
-5.36195
-5.43264
-5.42491
-5.51691
-5.46601
-5.33942
-5.32576
-5.39061
-5.31182
-5.32756
-5.35248
-5.40529
-5.33705
-5.40289
-5.42006
-5.47312
-5.4926
-5.43437
-5.48318
-5.48448
-5.45675
-5.42496
-5.36146
-5.33838
-5.41748
-5.45323
-5.55427
-5.56812
-5.48349
-5.4981
-5.53672
-5.46641
-5.45921
-5.32544
-5.33845
-5.4068
-5.48157
-5.41385
-5.39326
-5.37392
-5.49006
-5.48413
-5.57832
-5.52778
-5.54626
-5.49152
-5.46844
-5.5518
-5.52389
-5.60828
-5.50506
-5.45996
-5.38592
-5.46801
-5.60535
-5.53704
-5.5697
-5.53554
-5.47341
-5.51188
-5.48906
-5.45561
-5.42916
-5.51212
-5.55875
-5.61328
-5.52504
-5.55672
-5.50661
-5.51148
-5.51766
-5.41323
-5.5231
-5.43462
-5.37969
-5.3886
-5.47772
-5.37149
-5.38383
-5.41318
-5.41285
-5.45926
-5.47929
-5.50517
-5.43477
-5.50609
-5.4794
-5.49406
-5.40735
-5.49548
-5.40782
-5.47233
-5.53878
-5.55775
-5.52423
-5.4681
-5.51403
-5.44598
-5.48128
-5.55986
-5.48104
-5.48731
-5.51951
-5.55528
-5.56229
-5.4674
-5.50108
-5.58797
-5.57119
-5.4283
-5.52733
-5.52223
-5.50299
-5.42431
-5.33135
-5.47831
-5.53691
-5.48833
-5.44471
-5.45972
-5.34689
-5.36755
-5.50608
-5.46943
-5.50479
-5.58568
-5.4799
-5.42855
-5.41968
-5.34927
-5.54822
-5.52995
-5.48539
-5.50785
-5.50906
-5.45609
-5.45104
-5.5158
-5.52259
-5.51003
-5.57816
-5.56841
-5.49813
-5.5202
-5.50635
-5.37895
-5.36625
-5.38395
-5.43022
-5.4166
-5.35561
-5.46072
-5.49359
-5.47426
-5.48389
-5.55511
-5.56403
-5.55376
-5.58383
-5.51432
-5.55894
-5.57017
-5.46474
-5.45771
-5.48233
-5.48511
-5.35488
-5.21366
-5.34983
-5.37445
-5.44042
-5.51045
-5.63186
-5.69037
-5.65375
-5.71871
-5.70045
-5.6882
-5.71855
-5.69853
-5.65635
-5.70425
-5.6486
-5.66005
-5.71288
-5.52056
-5.53669
-5.52774
-5.59885
-5.56516
-5.62643
-5.68005
-5.74689
-5.71666
-5.78876
-5.67549
-5.7155
-5.71355
-5.6715
-5.69475
-5.65283
-5.69628
-5.74578
-5.71325
-5.71324
-5.65315
-5.70976
-5.71665
-5.71289
-5.71939
-5.65647
-5.68187
-5.62318
-5.61473
-5.62281
-5.57259
-5.611
-5.56734
-5.46178
-5.42889
-5.43809
-5.35125
-5.45638
-5.39568
-5.44015
-5.47344
-5.43689
-5.37606
-5.43331
-5.40904
-5.42924
-5.43866
-5.44023
-5.42262
-5.50234
-5.51613
-5.50099
-5.57015
-5.53941
-5.66142
-5.70848
-5.62705
-5.69413
-5.76273
-5.67073
-5.5767
-5.58407
-5.65041
-5.64213
-5.59872
-5.58441
-5.54613
-5.54059
-5.57115
-5.61551
-5.58552
-5.60066
-5.64131
-5.60143
-5.58891
-5.5192
-5.54422
-5.55029
-5.49077
-5.43494
-5.53179
-5.38165
-5.42955
-5.46569
-5.41566
-5.42341
-5.4662
-5.48523
-5.54368
-5.48153
-5.39117
-5.37231
-5.44123
-5.49289
-5.53432
-5.47895
-5.38744
-5.3963
-5.47742
-5.33157
-5.35112
-5.34242
-5.24166
-5.23494
-5.35019
-5.33213
-5.47669
-5.51137
-5.55927
-5.50218
-5.55798
-5.57842
-5.51778
-5.48395
-5.4939
-5.53397
-5.62941
-5.67427
-5.59009
-5.53934
-5.53712
-5.52538
-5.41174
-5.36138
-5.31425
-5.41189
-5.41855
-5.33893
-5.36221
-5.38432
-5.33843
-5.2912
-5.26634
-5.25452
-5.2606
-5.38504
-5.52079
-5.3085
-5.30792
-5.19269
-5.24712
-5.31092
-5.34801
-5.26269
-5.34146
-5.51072
-5.42323
-5.4789
-5.42387
-5.44094
-5.40884
-5.50606
-5.57473
-5.60285
-5.6379
-5.51072
-5.56539
-5.58498
-5.57132
-5.63173
-5.61017
-5.55067
-5.49758
-5.39789
-5.44559
-5.44744
-5.50763
-5.50882
-5.50401
-5.48056
-5.59268
-5.53408
-5.47173
-5.41611
-5.58116
-5.5717
-5.46897
-5.43021
-5.4772
-5.38344
-5.46714
-5.47984
-5.43679
-5.39537
-5.48737
-5.39467
-5.51074
-5.54997
-5.57904
-5.60397
-5.62087
-5.65919
-5.58586
-5.50144
-5.41215
-5.53653
-5.61926
-5.66612
-5.62876
-5.62491
-5.60084
-5.52766
-5.54378
-5.59612
-5.59828
-5.55095
-5.52145
-5.53164
-5.56727
-5.43777
-5.47931
-5.52379
-5.49053
-5.47135
-5.44183
-5.44933
-5.45518
-5.47429
-5.4251
-5.37676
-5.46958
-5.39079
-5.53446
-5.48763
-5.48899
-5.50161
-5.46931
-5.40612
-5.40888
-5.40469
-5.51004
-5.39365
-5.39025
-5.4358
-5.41529
-5.33306
-5.48412
-5.4028
-5.46937
-5.50048
-5.49707
-5.42867
-5.46414
-5.332
-5.42642
-5.47282
-5.43075
-5.46561
-5.503
-5.45555
-5.61883
-5.6024
-5.56579
-5.51303
-5.47849
-5.5517
-5.57509
-5.59878
-5.56436
-5.54511
-5.68059
-5.67573
-5.67806
-5.63818
-5.65208
-5.6421
-5.57809
-5.6284
-5.62089
-5.59142
-5.57325
-5.48719
-5.50151
-5.54288
-5.45366
-5.48821
-5.48356
-5.52549
-5.53528
-5.49451
-5.53813
-5.5424
-5.42572
-5.48812
-5.44192
-5.53205
-5.4315
-5.53171
-5.47521
-5.51744
-5.52962
-5.52062
-5.58073
-5.54696
-5.48432
-5.50927
-5.56907
-5.38416
-5.40095
-5.37174
-5.37978
-5.41204
-5.40384
-5.41916
-5.53171
-5.40459
-5.42618
-5.46793
-5.43471
-5.41459
-5.43321
-5.47368
-5.372
-5.37441
-5.30931
-5.32685
-5.36698
-5.40908
-5.39241
-5.35708
-5.37839
-5.41352
-5.39944
-5.42687
-5.45186
-5.39515
-5.3378
-5.33438
-5.30124
-5.34486
-5.35582
-5.40757
-5.3486
-5.31078
-5.33269
-5.31881
-5.31082
-5.31867
-5.28375
-5.38296
-5.38188
-5.45051
-5.37744
-5.42508
-5.33687
-5.26045
-5.22719
-5.08994
-5.06285
-5.2872
-5.32311
-5.23856
-5.3123
-5.36666
-5.37247
-5.31025
-5.3701
-5.37843
-5.46774
-5.49566
-5.47429
-5.46367
-5.43807
-5.39675
-5.47552
-5.35197
-5.45439
-5.40346
-5.38699
-5.45861
-5.51354
-5.48012
-5.49784
-5.55818
-5.54456
-5.52995
-5.52686
-5.51562
-5.42051
-5.3507
-5.42802
-5.41946
-5.35573
-5.38822
-5.25592
-5.32914
-5.38008
-5.36623
-5.32506
-5.32601
-5.28221
-5.29965
-5.312
-5.38981
-5.32091
-5.36504
-5.36566
-5.36071
-5.42453
-5.47851
-5.36662
-5.46615
-5.49926
-5.40469
-5.31233
-5.28864
-5.38926
-5.42402
-5.31553
-5.28471
-5.20848
-5.17428
-5.30044
-5.34685
-5.3564
-5.33898
-5.30744
-5.32726
-5.31729
-5.41444
-5.40088
-5.42764
-5.43105
-5.47503
-5.49893
-5.47765
-5.45091
-5.42783
-5.4537
-5.45886
-5.46651
-5.44732
-5.48867
-5.49296
-5.39919
-5.34416
-5.47987
-5.45387
-5.54932
-5.51302
-5.40427
-5.43941
-5.46674
-5.47686
-5.588
-5.58468
-5.47901
-5.44351
-5.40325
-5.4242
-5.47046
-5.4826
-5.47942
-5.42811
-5.40222
-5.453
-5.4371
-5.48426
-5.47676
-5.42109
-5.51241
-5.55559
-5.57364
-5.55379
-5.59077
-5.60483
-5.56815
-5.59683
-5.43832
-5.41875
-5.44879
-5.48876
-5.49487
-5.45521
-5.53999
-5.47456
-5.47063
-5.4891
-5.49482
-5.44274
-5.52007
-5.40033
-5.41325
-5.3579
-5.44611
-5.50571
-5.58051
-5.60842
-5.57037
-5.49915
-5.42946
-5.46719
-5.44041
-5.41168
-5.49321
-5.53551
-5.44548
-5.43743
-5.33567
-5.37717
-5.41656
-5.42641
-5.42849
-5.515
-5.49124
-5.45123
-5.39666
-5.40238
-5.53759
-5.50081
-5.48747
-5.50899
-5.53948
-5.54836
-5.55043
-5.51733
-5.47861
-5.43929
-5.56699
-5.54155
-5.59435
-5.5334
-5.49548
-5.46516
-5.45
-5.56374
-5.52857
-5.46384
-5.55572
-5.53149
-5.55079
-5.58148
-5.6461
-5.68295
-5.6725
-5.61712
-5.62744
-5.65541
-5.75538
-5.74548
-5.60747
-5.51767
-5.4811
-5.49765
-5.55024
-5.57886
-5.61685
-5.58831
-5.54098
-5.57636
-5.53688
-5.62097
-5.57781
-5.63445
-5.51108
-5.51376
-5.43737
-5.43494
-5.4488
-5.43526
-5.45998
-5.54659
-5.62926
-5.60502
-5.59468
-5.53855
-5.55108
-5.59336
-5.57642
-5.60179
-5.44483
-5.44755
-5.47487
-5.45459
-5.39858
-5.41171
-5.40071
-5.38791
-5.43135
-5.52067
-5.51639
-5.49253
-5.50366
-5.59425
-5.55448
-5.64393
-5.57535
-5.53796
-5.60323
-5.60785
-5.47262
-5.57446
-5.61856
-5.64971
-5.60323
-5.62131
-5.48744
-5.44271
-5.50933
-5.48019
-5.50475
-5.43533
-5.43433
-5.44494
-5.5368
-5.54131
-5.54488
-5.47291
-5.49777
-5.45608
-5.57676
-5.53475
-5.5957
-5.62565
-5.60256
-5.64618
-5.45442
-5.53665
-5.45318
-5.47922
-5.52977
-5.63197
-5.57728
-5.55889
-5.62262
-5.60651
-5.61531
-5.69977
-5.72819
-5.66109
-5.54362
-5.55809
-5.51288
-5.46221
-5.49978
-5.57182
-5.51651
-5.61957
-5.69639
-5.693
-5.59033
-5.56494
-5.51877
-5.61495
-5.56437
-5.53192
-5.57419
-5.5706
-5.52965
-5.49801
-5.47732
-5.46936
-5.50076
-5.47761
-5.51569
-5.44299
-5.37155
-5.42935
-5.38405
-5.28307
-5.3246
-5.3271
-5.37009
-5.4043
-5.43345
-5.37957
-5.40886
-5.42328
-5.4841
-5.48759
-5.41011
-5.41704
-5.46422
-5.4931
-5.48892
-5.4659
-5.54148
-5.58363
-5.58021
-5.66845
-5.49762
-5.4543
-5.50395
-5.58797
-5.4866
-5.52209
-5.51144
-5.55557
-5.54153
-5.45083
-5.48213
-5.50023
-5.42732
-5.43523
-5.50437
-5.50737
-5.50184
-5.47807
-5.46908
-5.43653
-5.47802
-5.51709
-5.44189
-5.40795
-5.52515
-5.51991
-5.55745
-5.52639
-5.53933
-5.50611
-5.51845
-5.51138
-5.40807
-5.37603
-5.39469
-5.43587
-5.37133
-5.3451
-5.349
-5.38654
-5.37365
-5.39488
-5.38569
-5.34504
-5.40098
-5.48615
-5.46137
-5.48907
-5.51742
-5.54739
-5.46267
-5.35099
-5.40639
-5.43508
-5.37602
-5.33888
-5.35158
-5.33777
-5.31777
-5.35546
-5.39169
-5.49007
-5.54831
-5.49576
-5.50986
-5.46248
-5.49551
-5.42769
-5.46299
-5.45142
-5.40651
-5.36019
-5.41079
-5.43727
-5.35645
-5.45812
-5.37072
-5.34027
-5.44323
-5.50186
-5.50463
-5.52035
-5.53251
-5.5325
-5.52598
-5.54716
-5.55987
-5.39274
-5.42235
-5.50081
-5.54083
-5.5556
-5.59562
-5.6624
-5.72042
-5.65215
-5.57317
-5.46072
-5.52277
-5.44234
-5.43754
-5.4359
-5.38868
-5.46147
-5.39487
-5.41173
-5.37193
-5.34309
-5.41772
-5.33488
-5.36317
-5.33336
-5.45117
-5.41194
-5.4526
-5.44006
-5.47868
-5.44672
-5.47772
-5.46923
-5.58655
-5.62232
-5.53479
-5.47955
-5.50644
-5.47862
-5.29015
-5.21497
-5.30286
-5.3483
-5.32528
-5.29332
-5.29978
-5.32775
-5.33535
-5.34116
-5.47391
-5.46486
-5.51879
-5.47505
-5.49
-5.5381
-5.56488
-5.54644
-5.55136
-5.59469
-5.48475
-5.50973
-5.50841
-5.50231
-5.50351
-5.49338
-5.44274
-5.5748
-5.49261
-5.50071
-5.48876
-5.46114
-5.43737
-5.42312
-5.31237
-5.31722
-5.29712
-5.32864
-5.26559
-5.46045
-5.45907
-5.46379
-5.42477
-5.47937
-5.37992
-5.37786
-5.48274
-5.52163
-5.42717
-5.42934
-5.4405
-5.42362
-5.43135
-5.47152
-5.4309
-5.44968
-5.42844
-5.50541
-5.57666
-5.58598
-5.36727
-5.42695
-5.43824
-5.49616
-5.45072
-5.4692
-5.46091
-5.46595
-5.47485
-5.52705
-5.41243
-5.52695
-5.49801
-5.47154
-5.44314
-5.40974
-5.48391
-5.49028
-5.47121
-5.4706
-5.45096
-5.45924
-5.4298
-5.40621
-5.43112
-5.39622
-5.4453
-5.45413
-5.40488
-5.30576
-5.38912
-5.36527
-5.42072
-5.39276
-5.40575
-5.40787
-5.46195
-5.42766
-5.40552
-5.3036
-5.43322
-5.4242
-5.40509
-5.36554
-5.3229
-5.32604
-5.36663
-5.39838
-5.40602
-5.40855
-5.3523
-5.30566
-5.39373
-5.43566
-5.39522
-5.47588
-5.4722
-5.53167
-5.39329
-5.34806
-5.35935
-5.37755
-5.42714
-5.40586
-5.46075
-5.49944
-5.42088
-5.42415
-5.44964
-5.46189
-5.46901
-5.52484
-5.49498
-5.46362
-5.50763
-5.6244
-5.52523
-5.56672
-5.54084
-5.54315
-5.55428
-5.54007
-5.57584
-5.53734
-5.56796
-5.54744
-5.48757
-5.47513
-5.55185
-5.56932
-5.62214
-5.51518
-5.48868
-5.53412
-5.48894
-5.44378
-5.49778
-5.53985
-5.53155
-5.52811
-5.47761
-5.55056
-5.45694
-5.47757
-5.48161
-5.53147
-5.43966
-5.45481
-5.38998
-5.43248
-5.41732
-5.52191
-5.4188
-5.52722
-5.36624
-5.49397
-5.39781
-5.32403
-5.25901
-5.40211
-5.49928
-5.42268
-5.43487
-5.56652
-5.56358
-5.57245
-5.54845
-5.63404
-5.51832
-5.47828
-5.56613
-5.56695
-5.63785
-5.63811
-5.58993
-5.51385
-5.54257
-5.63946
-5.61738
-5.60073
-5.57059
-5.547
-5.45959
-5.47363
-5.56919
-5.53165
-5.50628
-5.44374
-5.47086
-5.48016
-5.5063
-5.49919
-5.45545
-5.47341
-5.64245
-5.6186
-5.64503
-5.67927
-5.67381
-5.63095
-5.6244
-5.63522
-5.52527
-5.57155
-5.50124
-5.46577
-5.5354
-5.51829
-5.4045
-5.43958
-5.45709
-5.45653
-5.42767
-5.50343
-5.55433
-5.5733
-5.56636
-5.48915
-5.50158
-5.53705
-5.51787
-5.68127
-5.61462
-5.56434
-5.56545
-5.54258
-5.57487
-5.48758
-5.49352
-5.57194
-5.6172
-5.61348
-5.52512
-5.46477
-5.4015
-5.41072
-5.49796
-5.51426
-5.49272
-5.41318
-5.55026
-5.54427
-5.49297
-5.57337
-5.56811
-5.59767
-5.55442
-5.51773
-5.44565
-5.48302
-5.5177
-5.54019
-5.58354
-5.56319
-5.51489
-5.58074
-5.60465
-5.50993
-5.55602
-5.55884
-5.57249
-5.59411
-5.51994
-5.50802
-5.60418
-5.5064
-5.5397
-5.55383
-5.60448
-5.54606
-5.46464
-5.41749
-5.41263
-5.40902
-5.38964
-5.31417
-5.35467
-5.46643
-5.39584
-5.46777
-5.48439
-5.49024
-5.50501
-5.36844
-5.41229
-5.51476
-5.56114
-5.56125
-5.54399
-5.54964
-5.56487
-5.49719
-5.5406
-5.56221
-5.57312
-5.56546
-5.64181
-5.56762
-5.49353
-5.45151
-5.49457
-5.52028
-5.49622
-5.38634
-5.342
-5.30661
-5.30322
-5.26965
-5.17739
-5.30607
-5.2613
-5.28286
-5.4164
-5.48325
-5.43771
-5.48267
-5.47392
-5.39778
-5.49286
-5.4451
-5.4883
-5.43238
-5.44007
-5.47731
-5.49403
-5.49126
-5.42544
-5.55759
-5.49406
-5.44955
-5.51973
-5.54326
-5.49186
-5.45642
-5.50129
-5.52883
-5.58915
-5.41296
-5.4341
-5.40111
-5.4358
-5.40804
-5.38788
-5.31313
-5.37058
-5.28269
-5.28875
-5.25104
-5.28137
-5.27944
-5.38474
-5.52009
-5.47688
-5.43528
-5.46804
-5.47346
-5.43548
-5.41821
-5.43932
-5.31769
-5.33837
-5.45627
-5.38712
-5.37413
-5.43119
-5.4506
-5.46337
-5.51993
-5.51088
-5.47272
-5.39721
-5.35892
-5.39776
-5.3944
-5.37569
-5.38651
-5.46771
-5.45788
-5.4538
-5.36676
-5.36518
-5.26802
-5.32293
-5.26546
-5.27067
-5.28421
-5.3498
-5.34355
-5.34372
-5.36442
-5.52259
-5.53789
-5.51403
-5.52263
-5.4556
-5.44748
-5.3677
-5.45659
-5.42801
-5.54801
-5.50487
-5.5094
-5.42655
-5.44608
-5.45468
-5.49508
-5.4415
-5.43772
-5.46177
-5.46042
-5.53757
-5.43993
-5.47961
-5.55201
-5.56757
-5.4996
-5.51251
-5.54452
-5.51029
-5.38756
-5.41756
-5.39311
-5.4261
-5.44989
-5.43398
-5.44069
-5.56892
-5.60274
-5.66747
-5.6665
-5.62899
-5.61336
-5.50839
-5.5243
-5.57606
-5.58532
-5.59839
-5.63945
-5.61869
-5.58215
-5.53437
-5.59786
-5.57233
-5.52382
-5.47937
-5.4637
-5.38263
-5.40139
-5.46512
-5.49501
-5.53341
-5.58086
-5.65882
-5.54208
-5.55334
-5.5533
-5.5738
-5.64349
-5.51039
-5.51358
-5.55712
-5.58875
-5.59913
-5.59817
-5.4513
-5.47992
-5.39913
-5.46532
-5.31954
-5.26591
-5.18521
-5.35411
-5.32901
-5.43465
-5.47196
-5.514
-5.46839
-5.4157
-5.40804
-5.37212
-5.4373
-5.50334
-5.46846
-5.45018
-5.52284
-5.51714
-5.48297
-5.45614
-5.40521
-5.42832
-5.46237
-5.39901
-5.4801
-5.49045
-5.51216
-5.54235
-5.56189
-5.53756
-5.45679
-5.46053
-5.39569
-5.40485
-5.50036
-5.48625
-5.50182
-5.49386
-5.43527
-5.36123
-5.35386
-5.43455
-5.46593
-5.46249
-5.44933
-5.36059
-5.38702
-5.28463
-5.31973
-5.33999
-5.42073
-5.4084
-5.34581
-5.42895
-5.43453
-5.42245
-5.43158
-5.34198
-5.35387
-5.36603
-5.41258
-5.38239
-5.37283
-5.35536
-5.33643
-5.48129
-5.51698
-5.54387
-5.60727
-5.60763
-5.57314
-5.55945
-5.57853
-5.67993
-5.68492
-5.67684
-5.64948
-5.60299
-5.49755
-5.41674
-5.47642
-5.46325
-5.38237
-5.39045
-5.34831
-5.38695
-5.33011
-5.23603
-5.22469
-5.34443
-5.34622
-5.32927
-5.41227
-5.45947
-5.49866
-5.55263
-5.60829
-5.50638
-5.44634
-5.43022
-5.46825
-5.39625
-5.48702
-5.4313
-5.38842
-5.40408
-5.40199
-5.42099
-5.50201
-5.42041
-5.47446
-5.35545
-5.33406
-5.37875
-5.33541
-5.32552
-5.35855
-5.36958
-5.38162
-5.48047
-5.44212
-5.48565
-5.40103
-5.41348
-5.41458
-5.35748
-5.40279
-5.42171
-5.46617
-5.39625
-5.44203
-5.39447
-5.4772
-5.45146
-5.55511
-5.52549
-5.51042
-5.49175
-5.48882
-5.39644
-5.47222
-5.375
-5.5012
-5.41613
-5.47256
-5.42602
-5.3892
-5.38693
-5.44116
-5.36046
-5.34573
-5.36708
-5.38446
-5.50286
-5.45685
-5.47514
-5.41132
-5.35595
-5.46938
-5.53399
-5.41648
-5.39684
-5.39178
-5.5197
-5.49135
-5.52903
-5.52374
-5.54622
-5.51171
-5.43551
-5.41504
-5.55198
-5.51404
-5.47709
-5.46231
-5.50527
-5.46952
-5.38403
-5.34979
-5.39419
-5.43602
-5.47531
-5.33063
-5.5101
-5.44848
-5.53776
-5.34128
-5.46902
-5.5562
-5.53098
-5.47072
-5.5784
-5.57988
-5.60368
-5.49595
-5.4609
-5.48947
-5.43537
-5.39686
-5.45002
-5.4295
-5.49633
-5.53917
-5.53076
-5.39684
-5.42479
-5.51751
-5.51254
-5.4841
-5.50406
-5.51083
-5.57398
-5.5919
-5.55939
-5.55409
-5.56283
-5.51055
-5.44146
-5.45898
-5.48483
-5.52074
-5.39323
-5.38043
-5.42497
-5.3547
-5.43878
-5.39548
-5.49269
-5.45571
-5.47983
-5.48978
-5.41836
-5.39128
-5.44854
-5.40172
-5.41503
-5.41534
-5.38473
-5.37782
-5.43771
-5.36249
-5.3903
-5.30877
-5.38365
-5.38715
-5.39253
-5.36348
-5.43851
-5.39897
-5.49172
-5.27957
-5.4075
-5.4871
-5.47176
-5.41637
-5.50171
-5.37826
-5.40209
-5.32948
-5.3583
-5.40198
-5.3859
-5.46654
-5.38806
-5.41333
-5.33853
-5.34916
-5.3565
-5.36254
-5.41888
-5.42779
-5.41134
-5.44458
-5.41831
-5.37041
-5.3799
-5.34599
-5.4033
-5.33406
-5.3553
-5.34673
-5.39288
-5.37881
-5.43165
-5.52103
-5.38387
-5.42176
-5.3524
-5.4413
-5.46843
-5.50606
-5.45791
-5.43375
-5.40663
-5.4359
-5.38977
-5.38518
-5.36702
-5.37291
-5.41973
-5.30886
-5.36414
-5.41229
-5.36011
-5.24787
-5.29561
-5.39086
-5.35981
-5.49377
-5.42724
-5.51692
-5.47055
-5.40777
-5.43583
-5.42091
-5.44871
-5.40263
-5.51878
-5.39757
-5.40785
-5.38436
-5.36562
-5.30033
-5.20409
-5.14177
-5.20559
-5.31429
-5.36596
-5.31815
-5.34944
-5.35389
-5.32679
-5.34057
-5.40319
-5.50485
-5.38829
-5.45906
-5.46253
-5.43653
-5.53766
-5.46602
-5.46244
-5.45538
-5.42318
-5.44553
-5.45358
-5.47276
-5.56152
-5.59005
-5.55372
-5.47404
-5.47185
-5.49475
-5.50822
-5.53207
-5.48987
-5.55309
-5.4904
-5.40731
-5.50359
-5.48302
-5.4226
-5.36219
-5.36925
-5.34075
-5.42199
-5.39362
-5.40361
-5.37702
-5.41883
-5.46553
-5.47032
-5.49442
-5.52523
-5.5248
-5.61046
-5.57206
-5.67585
-5.6442
-5.63686
-5.66002
-5.56513
-5.55526
-5.60187
-5.51682
-5.42766
-5.40372
-5.33976
-5.40216
-5.52158
-5.45546
-5.38215
-5.42568
-5.46212
-5.51905
-5.43547
-5.37427
-5.4433
-5.47222
-5.53827
-5.43287
-5.44598
-5.45286
-5.49392
-5.51419
-5.43701
-5.49392
-5.46059
-5.42938
-5.49009
-5.47263
-5.39772
-5.3703
-5.35726
-5.36013
-5.3991
-5.41784
-5.2321
-5.15606
-5.24766
-5.30611
-5.36193
-5.36764
-5.43111
-5.43429
-5.41773
-5.33442
-5.23409
-5.31743
-5.33007
-5.29835
-5.39427
-5.43736
-5.36694
-5.40901
-5.41127
-5.35768
-5.29984
-5.39639
-5.43644
-5.36809
-5.34672
-5.45332
-5.38982
-5.37603
-5.43765
-5.44547
-5.36748
-5.34326
-5.39269
-5.49523
-5.38275
-5.32619
-5.50145
-5.48147
-5.47647
-5.37871
-5.27784
-5.26655
-5.27513
-5.22573
-5.30341
-5.36234
-5.31209
-5.406
-5.37803
-5.43966
-5.52294
-5.54943
-5.60867
-5.65222
-5.61425
-5.7061
-5.64105
-5.61758
-5.56472
-5.5458
-5.53156
-5.5782
-5.58319
-5.63844
-5.69901
-5.65319
-5.60942
-5.51692
-5.54111
-5.50918
-5.61212
-5.66984
-5.62259
-5.52359
-5.60642
-5.63067
-5.54805
-5.47454
-5.44022
-5.58482
-5.51838
-5.41571
-5.36412
-5.42986
-5.45092
-5.45205
-5.48264
-5.50768
-5.55418
-5.55852
-5.58577
-5.45485
-5.42316
-5.54532
-5.47393
-5.43737
-5.38072
-5.26818
-5.32004
-5.38824
-5.59635
-5.5982
-5.4923
-5.51247
-5.5662
-5.55856
-5.57456
-5.58101
-5.55898
-5.54338
-5.50314
-5.48062
-5.38315
-5.42714
-5.51916
-5.50177
-5.43256
-5.34052
-5.34897
-5.30714
-5.35911
-5.33534
-5.37419
-5.36683
-5.44972
-5.52541
-5.53207
-5.54077
-5.39642
-5.27471
-5.25171
-5.14581
-5.16751
-5.325
-5.29876
-5.30013
-5.33363
-5.3189
-5.2806
-5.23148
-5.24874
-5.25173
-5.28557
-5.30339
-5.4023
-5.44512
-5.42103
-5.4592
-5.41966
-5.42082
-5.49871
-5.50747
-5.46234
-5.38162
-5.38831
-5.33706
-5.48019
-5.44421
-5.44798
-5.46537
-5.6299
-5.62658
-5.47794
-5.54372
-5.60573
-5.5197
-5.45807
-5.47487
-5.45825
-5.46374
-5.49769
-5.56418
-5.49389
-5.53644
-5.58573
-5.42008
-5.27759
-5.25658
-5.32131
-5.28672
-5.28504
-5.36162
-5.34795
-5.46147
-5.3749
-5.27853
-5.389
-5.44058
-5.43924
-5.38704
-5.476
-5.50836
-5.51614
-5.4961
-5.47777
-5.50636
-5.40127
-5.4872
-5.4323
-5.48712
-5.34964
-5.45322
-5.42991
-5.34236
-5.40159
-5.3973
-5.33794
-5.27209
-5.21808
-5.38756
-5.38954
-5.44218
-5.4569
-5.36023
-5.45511
-5.55062
-5.53661
-5.53524
-5.50841
-5.46761
-5.50473
-5.42931
-5.41911
-5.40998
-5.39322
-5.55091
-5.55214
-5.50415
-5.53588
-5.56
-5.37819
-5.4581
-5.61098
-5.56519
-5.56742
-5.59192
-5.6653
-5.72737
-5.65247
-5.64459
-5.69076
-5.65573
-5.63083
-5.68508
-5.59427
-5.576
-5.46592
-5.52075
-5.46337
-5.40157
-5.40251
-5.51549
-5.49498
-5.48971
-5.50969
-5.45022
-5.43641
-5.44019
-5.5483
-5.55897
-5.45406
-5.44989
-5.5086
-5.46133
-5.39258
-5.31501
-5.35355
-5.35241
-5.31323
-5.36399
-5.49897
-5.47408
-5.46985
-5.42886
-5.4815
-5.42015
-5.32109
-5.35149
-5.3661
-5.3756
-5.4574
-5.37915
-5.45668
-5.50373
-5.42289
-5.53151
-5.59025
-5.55641
-5.57123
-5.52284
-5.46648
-5.4367
-5.41344
-5.56492
-5.46219
-5.43546
-5.3754
-5.39961
-5.53296
-5.48011
-5.49004
-5.50081
-5.53166
-5.54916
-5.58663
-5.58552
-5.50825
-5.38561
-5.37124
-5.38665
-5.40223
-5.2879
-5.34474
-5.38375
-5.38266
-5.44118
-5.32226
-5.33654
-5.3542
-5.33831
-5.30009
-5.33256
-5.34527
-5.48095
-5.57043
-5.48098
-5.55818
-5.45356
-5.40923
-5.46174
-5.45367
-5.51152
-5.52299
-5.40682
-5.40615
-5.45044
-5.4294
-5.45891
-5.4127
-5.40879
-5.38446
-5.43544
-5.35389
-5.44416
-5.4559
-5.44875
-5.48175
-5.50732
-5.57438
-5.5049
-5.47131
-5.47451
-5.42296
-5.38577
-5.39985
-5.42755
-5.38998
-5.38622
-5.38412
-5.42838
-5.32399
-5.33799
-5.34135
-5.38605
-5.43944
-5.45407
-5.40709
-5.4566
-5.45763
-5.50003
-5.54338
-5.37872
-5.44628
-5.43206
-5.50587
-5.45952
-5.43254
-5.3473
-5.35319
-5.41005
-5.45663
-5.41962
-5.43633
-5.37133
-5.35256
-5.44249
-5.38238
-5.48855
-5.34809
-5.39241
-5.34604
-5.31659
-5.32791
-5.34825
-5.40814
-5.42543
-5.33538
-5.41081
-5.3481
-5.35277
-5.28256
-5.35033
-5.41036
-5.43981
-5.37808
-5.35208
-5.26822
-5.33131
-5.31949
-5.30958
-5.33504
-5.43342
-5.45093
-5.49671
-5.4767
-5.48292
-5.49443
-5.47857
-5.46471
-5.42783
-5.36276
-5.38059
-5.48059
-5.51105
-5.44811
-5.32665
-5.425
-5.46685
-5.55216
-5.46782
-5.42164
-5.46049
-5.53447
-5.41936
-5.35351
-5.30637
-5.32192
-5.22721
-5.14853
-5.21671
-5.19649
-5.22412
-5.3103
-5.31839
-5.38071
-5.47095
-5.47242
-5.46571
-5.52723
-5.57767
-5.49095
-5.55753
-5.60693
-5.56991
-5.49693
-5.46304
-5.43128
-5.421
-5.394
-5.4001
-5.39865
-5.36672
-5.42028
-5.40668
-5.50741
-5.38908
-5.56441
-5.55065
-5.49354
-5.48381
-5.47584
-5.51628
-5.52416
-5.49671
-5.44743
-5.48615
-5.48169
-5.38394
-5.41438
-5.45985
-5.43019
-5.48543
-5.49545
-5.49673
-5.54614
-5.53942
-5.60483
-5.56781
-5.54489
-5.55927
-5.57464
-5.48267
-5.48108
-5.57461
-5.61742
-5.58289
-5.5663
-5.52389
-5.5154
-5.54233
-5.57916
-5.58219
-5.47734
-5.44746
-5.53793
-5.56632
-5.54628
-5.59079
-5.5489
-5.62111
-5.51967
-5.59044
-5.48428
-5.45141
-5.53341
-5.5289
-5.50107
-5.54792
-5.5537
-5.48268
-5.46729
-5.46726
-5.50007
-5.41624
-5.45036
-5.51707
-5.55311
-5.45896
-5.3696
-5.36795
-5.41742
-5.48218
-5.46295
-5.53888
-5.49151
-5.50799
-5.55314
-5.55471
-5.51919
-5.4812
-5.50714
-5.53358
-5.49528
-5.46226
-5.46948
-5.45624
-5.43795
-5.49334
-5.55235
-5.49556
-5.50159
-5.48421
-5.40851
-5.47684
-5.42602
-5.46781
-5.40702
-5.44765
-5.42339
-5.44981
-5.48586
-5.42981
-5.55768
-5.58459
-5.51629
-5.55218
-5.53742
-5.58509
-5.61074
-5.60595
-5.61612
-5.58036
-5.64962
-5.59572
-5.6641
-5.54081
-5.556
-5.48057
-5.5327
-5.45816
-5.50718
-5.42143
-5.4312
-5.41775
-5.41291
-5.5337
-5.42184
-5.43548
-5.3985
-5.4611
-5.36244
-5.34269
-5.36795
-5.42711
-5.4735
-5.35487
-5.44284
-5.38727
-5.49649
-5.49199
-5.43758
-5.47212
-5.53152
-5.49976
-5.50483
-5.35255
-5.26574
-5.29206
-5.34966
-5.37186
-5.34443
-5.42068
-5.3817
-5.35164
-5.34708
-5.31268
-5.47031
-5.38878
-5.46852
-5.33974
-5.46609
-5.31896
-5.33369
-5.38342
-5.38181
-5.36295
-5.43435
-5.43685
-5.47615
-5.4936
-5.41692
-5.38024
-5.43703
-5.55706
-5.5074
-5.56579
-5.53214
-5.54809
-5.54392
-5.61161
-5.56701
-5.59448
-5.53947
-5.5108
-5.48159
-5.48631
-5.45912
-5.39046
-5.35455
-5.39896
-5.36351
-5.40784
-5.46807
-5.49657
-5.54194
-5.52077
-5.51271
-5.46369
-5.41603
-5.3961
-5.3002
-5.31547
-5.44335
-5.47191
-5.42523
-5.36431
-5.41003
-5.38775
-5.33716
-5.26891
-5.33686
-5.26635
-5.25153
-5.32588
-5.32668
-5.30502
-5.37941
-5.40195
-5.37553
-5.33805
-5.37928
-5.30883
-5.46779
-5.43508
-5.39582
-5.426
-5.3793
-5.41061
-5.4167
-5.47222
-5.42757
-5.37103
-5.38677
-5.37192
-5.32826
-5.34478
-5.31645
-5.35808
-5.41766
-5.36176
-5.35858
-5.33527
-5.30883
-5.33404
-5.26581
-5.21037
-5.18178
-5.30032
-5.33186
-5.35238
-5.3854
-5.40126
-5.32577
-5.36846
-5.38623
-5.42204
-5.40126
-5.32716
-5.35215
-5.44535
-5.51896
-5.45048
-5.48646
-5.59233
-5.62581
-5.50215
-5.44756
-5.42185
-5.37666
-5.43923
-5.49749
-5.56366
-5.53507
-5.44832
-5.54637
-5.49428
-5.59907
-5.52562
-5.42076
-5.48173
-5.43454
-5.46377
-5.49259
-5.49922
-5.47151
-5.48201
-5.48766
-5.51943
-5.42911
-5.37552
-5.35693
-5.2999
-5.31052
-5.42908
-5.49153
-5.49479
-5.48005
-5.5266
-5.55808
-5.54515
-5.58048
-5.54994
-5.49009
-5.54829
-5.54254
-5.52821
-5.51119
-5.4884
-5.47281
-5.45988
-5.47392
-5.50173
-5.40241
-5.44121
-5.48668
-5.39627
-5.38935
-5.31165
-5.34512
-5.43876
-5.46347
-5.54122
-5.50536
-5.58129
-5.56147
-5.51986
-5.35121
-5.40744
-5.44546
-5.4468
-5.36544
-5.44747
-5.51471
-5.53398
-5.44347
-5.28323
-5.36571
-5.3283
-5.38044
-5.29409
-5.34642
-5.41087
-5.37354
-5.44684
-5.5441
-5.42455
-5.45054
-5.40336
-5.4531
-5.40333
-5.45385
-5.48859
-5.53012
-5.57097
-5.54734
-5.49008
-5.37416
-5.40485
-5.31092
-5.3377
-5.41489
-5.5319
-5.42651
-5.51227
-5.48845
-5.42234
-5.48393
-5.48083
-5.58845
-5.5386
-5.63814
-5.60215
-5.63371
-5.52383
-5.53227
-5.50959
-5.62238
-5.55674
-5.59733
-5.57665
-5.50313
-5.56917
-5.37953
-5.48021
-5.51244
-5.46135
-5.4562
-5.53918
-5.45038
-5.47337
-5.4731
-5.4129
-5.5375
-5.50167
-5.47457
-5.47716
-5.48292
-5.38337
-5.33143
-5.33815
-5.38791
-5.31938
-5.3113
-5.30941
-5.25395
-5.38834
-5.42472
-5.38074
-5.50806
-5.46942
-5.41234
-5.37044
-5.37744
-5.37611
-5.31757
-5.45451
-5.50415
-5.54092
-5.53987
-5.49346
-5.4574
-5.37295
-5.40376
-5.44757
-5.537
-5.5378
-5.55142
-5.48501
-5.55163
-5.47371
-5.5244
-5.62675
-5.5441
-5.59678
-5.48284
-5.45158
-5.38498
-5.464
-5.35754
-5.30537
-5.41269
-5.39042
-5.31378
-5.41062
-5.43591
-5.41963
-5.41677
-5.47664
-5.57825
-5.5026
-5.44533
-5.40958
-5.47335
-5.45845
-5.44685
-5.33554
-5.34759
-5.3643
-5.49531
-5.58502
-5.58806
-5.55188
-5.58106
-5.55166
-5.45362
-5.45951
-5.51836
-5.53218
-5.55156
-5.54068
-5.57984
-5.52817
-5.50851
-5.54632
-5.54473
-5.56574
-5.46094
-5.42419
-5.40096
-5.37275
-5.41897
-5.41714
-5.44474
-5.54369
-5.56206
-5.52278
-5.55089
-5.57
-5.50802
-5.52587
-5.44189
-5.36804
-5.41062
-5.35576
-5.3069
-5.31469
-5.2995
-5.37549
-5.44256
-5.46205
-5.44596
-5.44162
-5.43446
-5.44918
-5.45602
-5.51555
-5.48951
-5.40328
-5.51583
-5.47639
-5.41539
-5.46324
-5.45959
-5.44705
-5.4658
-5.51029
-5.57143
-5.62834
-5.67424
-5.59829
-5.55665
-5.6229
-5.51875
-5.55151
-5.44285
-5.52267
-5.44697
-5.40408
-5.42503
-5.39841
-5.42643
-5.51875
-5.57382
-5.56291
-5.61681
-5.59796
-5.65248
-5.70121
-5.68289
-5.61155
-5.60634
-5.59906
-5.51565
-5.49456
-5.38896
-5.39063
-5.43875
-5.45184
-5.42743
-5.42577
-5.40926
-5.4881
-5.44713
-5.528
-5.57422
-5.51492
-5.62791
-5.60505
-5.54562
-5.48821
-5.52547
-5.58168
-5.56827
-5.51837
-5.45865
-5.50999
-5.6504
-5.65094
-5.54902
-5.60274
-5.61909
-5.54974
-5.60189
-5.53397
-5.5463
-5.50313
-5.46963
-5.35734
-5.31944
-5.35192
-5.44079
-5.41849
-5.43293
-5.37428
-5.4213
-5.40101
-5.38161
-5.29124
-5.3116
-5.19197
-5.18312
-5.16727
-5.17965
-5.17437
-5.2922
-5.2545
-5.18483
-5.13684
-5.15493
-5.21014
-5.32217
-5.29587
-5.32596
-5.3623
-5.37339
-5.42486
-5.43025
-5.46344
-5.39402
-5.37637
-5.25402
-5.42528
-5.40078
-5.45193
-5.39885
-5.50104
-5.53202
-5.43949
-5.47586
-5.3897
-5.41118
-5.34241
-5.33279
-5.31917
-5.26464
-5.26599
-5.39846
-5.3693
-5.36667
-5.37836
-5.39987
-5.47662
-5.43638
-5.38586
-5.40494
-5.46715
-5.42743
-5.48977
-5.58328
-5.51303
-5.50532
-5.50998
-5.53791
-5.50009
-5.50219
-5.53498
-5.54811
-5.56606
-5.41842
-5.48376
-5.49621
-5.39877
-5.35607
-5.40841
-5.39369
-5.49029
-5.42366
-5.40483
-5.38363
-5.38754
-5.34293
-5.46228
-5.52021
-5.49133
-5.51821
-5.38809
-5.35341
-5.27954
-5.33704
-5.43021
-5.42304
-5.4105
-5.40506
-5.45965
-5.52288
-5.52717
-5.45145
-5.48049
-5.43395
-5.44752
-5.37614
-5.4328
-5.53348
-5.42428
-5.42405
-5.43467
-5.38272
-5.38679
-5.40037
-5.40882
-5.41652
-5.34444
-5.42866
-5.4043
-5.41916
-5.47397
-5.38351
-5.45018
-5.46528
-5.50902
-5.4852
-5.47363
-5.47791
-5.39347
-5.3505
-5.28975
-5.32393
-5.2517
-5.24133
-5.25377
-5.36132
-5.33437
-5.32699
-5.22532
-5.2974
-5.37167
-5.38556
-5.40806
-5.38539
-5.48451
-5.47958
-5.46502
-5.4551
-5.35691
-5.33682
-5.42206
-5.44249
-5.50147
-5.36376
-5.43824
-5.419
-5.43882
-5.55231
-5.43043
-5.45729
-5.41425
-5.46527
-5.43786
-5.4503
-5.37007
-5.40376
-5.36257
-5.36225
-5.45473
-5.48486
-5.52282
-5.43875
-5.31638
-5.23171
-5.31905
-5.35944
-5.35794
-5.24132
-5.27215
-5.26528
-5.38639
-5.51129
-5.43404
-5.37689
-5.4085
-5.39608
-5.42296
-5.37215
-5.40564
-5.4144
-5.39975
-5.5417
-5.55637
-5.52875
-5.53426
-5.54798
-5.5381
-5.43497
-5.42683
-5.36722
-5.334
-5.42603
-5.33627
-5.35049
-5.33585
-5.31103
-5.36099
-5.38251
-5.35562
-5.25888
-5.34165
-5.29576
-5.37548
-5.4286
-5.41223
-5.473
-5.41064
-5.47293
-5.39054
-5.42335
-5.41458
-5.45825
-5.41252
-5.40702
-5.47553
-5.49301
-5.49406
-5.40993
-5.41148
-5.44313
-5.47481
-5.45931
-5.4732
-5.50953
-5.47258
-5.39204
-5.43767
-5.42455
-5.47243
-5.49422
-5.48502
-5.52414
-5.5486
-5.48049
-5.40921
-5.38087
-5.48801
-5.54806
-5.49612
-5.45948
-5.51549
-5.41891
-5.33875
-5.36389
-5.42211
-5.46523
-5.39066
-5.33435
-5.35223
-5.38124
-5.42644
-5.49273
-5.52747
-5.51718
-5.49661
-5.46291
-5.3397
-5.2909
-5.38487
-5.38528
-5.29442
-5.26139
-5.30562
-5.34024
-5.38204
-5.46537
-5.42897
-5.44519
-5.45306
-5.58017
-5.60396
-5.58051
-5.60653
-5.56426
-5.51224
-5.43211
-5.41638
-5.42614
-5.43233
-5.42169
-5.43826
-5.42189
-5.53541
-5.44562
-5.45476
-5.48582
-5.43366
-5.32196
-5.24353
-5.25546
-5.28901
-5.41799
-5.47267
-5.57274
-5.50941
-5.53993
-5.44048
-5.4728
-5.41275
-5.47228
-5.46596
-5.42507
-5.50588
-5.45172
-5.61188
-5.56377
-5.53257
-5.57346
-5.5098
-5.49297
-5.43344
-5.47007
-5.40897
-5.42061
-5.34665
-5.26355
-5.29128
-5.24957
-5.29666
-5.3691
-5.4108
-5.50576
-5.38922
-5.32915
-5.33575
-5.46277
-5.49734
-5.44906
-5.43761
-5.47648
-5.51119
-5.57411
-5.53061
-5.50401
-5.48264
-5.40974
-5.47885
-5.50526
-5.48851
-5.59277
-5.57224
-5.62603
-5.64322
-5.58584
-5.53109
-5.54166
-5.5828
-5.54039
-5.49149
-5.62683
-5.59337
-5.53232
-5.5998
-5.6107
-5.75223
-5.70961
-5.62939
-5.64893
-5.63331
-5.56357
-5.50061
-5.57191
-5.48668
-5.42571
-5.33591
-5.31757
-5.41307
-5.46829
-5.37126
-5.4658
-5.51819
-5.5128
-5.65681
-5.55883
-5.53685
-5.49809
-5.45756
-5.48221
-5.5409
-5.51554
-5.48955
-5.63269
-5.66787
-5.67789
-5.66046
-5.6587
-5.64423
-5.62604
-5.6112
-5.55876
-5.57032
-5.61918
-5.53708
-5.52876
-5.58629
-5.55093
-5.57743
-5.51347
-5.53333
-5.50551
-5.5738
-5.5408
-5.60125
-5.57945
-5.57067
-5.53134
-5.50018
-5.5051
-5.41842
-5.37904
-5.33064
-5.34854
-5.37852
-5.49175
-5.54708
-5.51254
-5.4028
-5.36973
-5.46107
-5.454
-5.43883
-5.42926
-5.45242
-5.46765
-5.43067
-5.3785
-5.39381
-5.40588
-5.4027
-5.37635
-5.37166
-5.25238
-5.3021
-5.46329
-5.43572
-5.52534
-5.55691
-5.55263
-5.61614
-5.60893
-5.55931
-5.63255
-5.58952
-5.62118
-5.61711
-5.62407
-5.59638
-5.66695
-5.5464
-5.51539
-5.5756
-5.52469
-5.589
-5.55494
-5.49781
-5.4988
-5.45198
-5.52394
-5.65003
-5.64103
-5.65329
-5.65213
-5.6605
-5.71614
-5.66506
-5.58649
-5.53206
-5.55351
-5.57212
-5.6509
-5.59751
-5.60949
-5.55663
-5.61544
-5.7149
-5.65453
-5.62798
-5.55111
-5.59538
-5.62391
-5.49251
-5.38278
-5.56037
-5.61049
-5.60292
-5.60391
-5.58711
-5.4319
-5.42773
-5.55106
-5.55154
-5.5126
-5.5224
-5.52777
-5.50829
-5.47101
-5.45058
-5.49958
-5.52449
-5.56602
-5.62941
-5.61035
-5.65546
-5.50746
-5.59289
-5.5111
-5.56515
-5.52514
-5.62626
-5.60338
-5.59877
-5.6169
-5.59683
-5.62066
-5.65804
-5.70944
-5.64459
-5.69987
-5.62408
-5.6572
-5.58215
-5.58628
-5.55303
-5.55632
-5.56488
-5.55544
-5.5433
-5.53287
-5.48825
-5.58483
-5.59763
-5.55942
-5.6529
-5.62462
-5.57356
-5.5897
-5.63693
-5.58397
-5.56932
-5.58081
-5.50583
-5.47418
-5.47979
-5.49123
-5.40287
-5.516
-5.57216
-5.60518
-5.51433
-5.60733
-5.55485
-5.50629
-5.59661
-5.58096
-5.53432
-5.49193
-5.45886
-5.51758
-5.49722
-5.46932
-5.46723
-5.50515
-5.54289
-5.48149
-5.56909
-5.51361
-5.53591
-5.50947
-5.55674
-5.52133
-5.44471
-5.45027
-5.43268
-5.40551
-5.59255
-5.51186
-5.46497
-5.44268
-5.46623
-5.37837
-5.46
-5.38153
-5.41058
-5.31755
-5.40629
-5.40956
-5.52652
