-0.459968	0
-0.460324	0
-0.461115	0.230531
-0.460608	0.108565
-0.461514	0.0666108
-0.461971	0.0461959
-0.461551	0.0344014
-0.461333	0.0269041
-0.461332	0.0217957
-0.46135	0.0181233
-0.461313	0.0153767
-0.461355	0.0132612
-0.461452	0.0115942
-0.461358	0.0102447
-0.461334	0.00913818
-0.461333	0.00821807
-0.461427	0.00744605
-0.461617	0.00678829
-0.461492	0.00621823
-0.46151	0.0057252
-0.461547	0.0052943
-0.461547	0.0049143
-0.461614	0.00457874
-0.461565	0.0042785
-0.461661	0.00401088
-0.461731	0.00377002
-0.461789	0.00355221
-0.461771	0.00335321
-0.461746	0.00317361
-0.461728	0.00300864
-0.461689	0.0028573
-0.461694	0.00271913
-0.461761	0.00259171
-0.461794	0.00247355
-0.461744	0.00236391
-0.461754	0.00226255
-0.461797	0.00216827
-0.461822	0.00208022
-0.461861	0.00199814
-0.461839	0.00192093
-0.4619	0.00184905
-0.461917	0.00178128
-0.461894	0.00171752
-0.461903	0.0016575
-0.461888	0.00160077
-0.461909	0.00154691
-0.461916	0.00149685
-0.461925	0.00144908
-0.461889	0.00140347
-0.461894	0.00136057
-0.461871	0.00131957
-0.461898	0.00128082
-0.461892	0.00124377
-0.461938	0.00120865
-0.46193	0.001175
-0.46188	0.00114275
-0.461875	0.00111213
-0.461883	0.00108271
-0.461866	0.00105472
-0.461835	0.00102781
-0.461855	0.00100211
-0.461844	0.000977398
-0.461819	0.000953666
-0.461833	0.000930995
-0.461841	0.000909102
-0.461847	0.000888011
-0.461857	0.000867966
-0.461844	0.000848474
-0.461868	0.000829692
-0.461901	0.000811661
-0.461898	0.000794371
-0.461859	0.000777469
-0.461858	0.000761271
-0.461869	0.000745642
-0.461831	0.000730446
-0.461817	0.00071569
-0.461841	0.000701657
-0.461812	0.000687967
-0.46182	0.000674732
-0.461818	0.000661901
-0.461812	0.000649466
-0.461808	0.000637428
-0.461824	0.000625765
-0.461852	0.00061443
-0.461842	0.000603483
-0.461827	0.000592817
-0.461813	0.00058243
-0.461796	0.00057234
-0.461786	0.000562594
-0.461788	0.000553095
-0.461797	0.000543891
-0.461776	0.000534891
-0.461764	0.00052613
-0.461735	0.000517625
-0.46173	0.000509291
-0.461742	0.000501316
-0.461725	0.000493389
-0.461733	0.000485824
-0.461732	0.000478382
-0.461745	0.000471144
-0.460056	0
-0.4606	0
-0.461157	0.230562
-0.460718	0.108592
-0.461653	0.0666337
-0.461848	0.0461834
-0.461361	0.0343852
-0.46142	0.0269094
-0.461375	0.0217975
-0.461409	0.0181258
-0.461367	0.0153784
-0.46136	0.0132624
-0.46141	0.0115922
-0.461277	0.0102423
-0.461313	0.0091385
-0.461341	0.00821925
-0.461414	0.00744565
-0.461598	0.00678758
-0.461465	0.00621765
-0.461462	0.00572419
-0.461613	0.005295
-0.461566	0.00491433
-0.461601	0.0045786
-0.461629	0.00427901
-0.461635	0.0040106
-0.461727	0.00376994
-0.46179	0.00355223
-0.461755	0.00335347
-0.461769	0.00317364
-0.461718	0.00300859
-0.461709	0.00285736
-0.461708	0.00271922
-0.461725	0.00259145
-0.461777	0.00247346
-0.461751	0.00236413
-0.461776	0.00226231
-0.461821	0.00216836
-0.461811	0.00208023
-0.461835	0.00199798
-0.461814	0.0019209
-0.461906	0.0018491
-0.461907	0.0017812
-0.461889	0.00171749
-0.461884	0.00165744
-0.461894	0.00160086
-0.461898	0.00154704
-0.461903	0.00149674
-0.461905	0.001449
-0.461888	0.00140357
-0.461899	0.00136058
-0.461875	0.00131962
-0.461872	0.00128072
-0.461863	0.00124372
-0.461945	0.00120868
-0.461899	0.0011747
-0.461884	0.0011428
-0.461885	0.00111215
-0.461863	0.00108272
-0.461878	0.00105478
-0.461836	0.0010278
-0.46184	0.0010021
-0.461834	0.000977416
-0.461813	0.000953694
-0.461835	0.000931002
-0.461849	0.000908956
-0.461836	0.000888111
-0.461855	0.000867967
-0.461848	0.000848443
-0.461851	0.000829699
-0.461907	0.000811774
-0.461888	0.000794331
-0.461863	0.000777478
-0.461871	0.000761281
-0.461858	0.000745615
-0.461846	0.00073047
-0.461816	0.000715737
-0.461848	0.000701685
-0.461825	0.000687971
-0.461813	0.000674724
-0.461803	0.000661883
-0.461806	0.000649463
-0.461805	0.000637402
-0.461813	0.000625763
-0.461847	0.000614379
-0.461855	0.000603514
-0.461828	0.000592813
-0.461805	0.000582437
-0.461793	0.000572212
-0.461785	0.000562596
-0.461784	0.000553058
-0.461788	0.000543874
-0.461786	0.000534904
-0.461767	0.000526131
-0.461749	0.000517642
-0.461731	0.000509298
-0.461736	0.000501304
-0.461734	0.000493443
-0.461724	0.000485815
-0.461729	0.00047834
-0.461732	0.000471129
-0.479912	0
-0.480904	0
-0.481656	0.240803
-0.48134	0.113453
-0.482234	0.0696044
-0.482455	0.0482451
-0.482089	0.0359321
-0.482028	0.0281102
-0.482016	0.0227725
-0.482042	0.0189362
-0.482016	0.0160669
-0.482037	0.0138573
-0.482106	0.0121124
-0.482029	0.0107033
-0.481977	0.00954747
-0.482054	0.00858747
-0.482083	0.00777943
-0.482242	0.00709159
-0.482113	0.00649558
-0.482102	0.00598042
-0.482214	0.00553136
-0.4822	0.00513434
-0.482264	0.00478357
-0.482258	0.00447021
-0.482253	0.00418981
-0.482365	0.00393849
-0.482416	0.00371089
-0.482359	0.00350309
-0.482394	0.00331549
-0.482306	0.00314287
-0.482292	0.00298473
-0.482264	0.00284027
-0.482265	0.00270678
-0.482311	0.0025833
-0.482308	0.00246938
-0.482327	0.00236289
-0.482381	0.00226487
-0.482387	0.00217288
-0.482413	0.00208704
-0.482397	0.00200654
-0.482512	0.00193156
-0.482511	0.00186061
-0.482491	0.00179409
-0.482485	0.00173136
-0.482492	0.00167225
-0.482496	0.00161597
-0.482509	0.0015635
-0.482496	0.00151351
-0.482496	0.00146611
-0.482497	0.00142125
-0.48248	0.00137849
-0.482466	0.00133781
-0.482452	0.00129917
-0.482518	0.0012625
-0.482454	0.00122691
-0.482439	0.00119365
-0.48243	0.0011616
-0.482396	0.00113086
-0.482401	0.00110165
-0.482371	0.00107351
-0.482385	0.00104665
-0.482389	0.00102092
-0.482369	0.00099613
-0.482383	0.000972423
-0.482404	0.000949498
-0.482388	0.000927668
-0.482405	0.000906584
-0.482412	0.000886218
-0.482422	0.000866669
-0.482463	0.000847901
-0.482449	0.00082967
-0.482435	0.000812053
-0.482451	0.000795205
-0.482438	0.000778845
-0.482429	0.000763017
-0.482398	0.000747623
-0.482416	0.000732936
-0.482404	0.00071863
-0.482386	0.000704779
-0.482375	0.000691364
-0.482375	0.000678385
-0.482372	0.000665806
-0.482372	0.00065362
-0.482418	0.000641803
-0.482431	0.000630388
-0.482415	0.000619234
-0.482386	0.000608395
-0.482366	0.000597727
-0.482367	0.00058766
-0.482363	0.000577718
-0.482364	0.000568115
-0.482351	0.000558716
-0.482342	0.000549577
-0.482333	0.000540717
-0.482321	0.000531996
-0.482324	0.000523659
-0.482323	0.000515439
-0.482304	0.000507456
-0.482306	0.000499641
-0.482311	0.000492114
-0.502504	0
-0.503124	0
-0.503723	0.251824
-0.503444	0.118662
-0.504149	0.0727676
-0.504268	0.0504262
-0.50407	0.0375669
-0.503923	0.0293865
-0.503876	0.0238057
-0.504074	0.0198017
-0.504114	0.0168038
-0.504104	0.014492
-0.504166	0.0126663
-0.504031	0.011192
-0.50399	0.00998396
-0.504071	0.00897934
-0.504178	0.00813561
-0.504296	0.00741597
-0.504166	0.00679275
-0.504168	0.00625436
-0.504254	0.00578418
-0.50425	0.00536922
-0.504336	0.0050025
-0.504322	0.00467484
-0.504284	0.00438104
-0.504383	0.00411826
-0.504401	0.00387985
-0.504411	0.00366338
-0.504438	0.00346699
-0.50434	0.0032862
-0.50433	0.00312129
-0.504304	0.00297009
-0.50431	0.00283046
-0.504349	0.0027012
-0.504316	0.00258206
-0.504365	0.00247076
-0.504419	0.0023683
-0.504417	0.00227214
-0.504463	0.00218241
-0.504458	0.00209828
-0.504582	0.00201984
-0.504584	0.00194576
-0.504585	0.00187612
-0.504581	0.00181066
-0.504568	0.00174877
-0.504592	0.00168993
-0.50461	0.00163498
-0.504601	0.00158293
-0.504612	0.00153337
-0.504612	0.00148642
-0.504594	0.0014417
-0.504602	0.00139922
-0.504588	0.00135878
-0.50464	0.00132037
-0.504598	0.00128329
-0.504574	0.00124842
-0.504574	0.00121492
-0.504533	0.00118273
-0.504557	0.00115224
-0.504552	0.00112289
-0.504553	0.00109477
-0.50456	0.00106783
-0.50454	0.00104193
-0.504564	0.00101714
-0.504596	0.000993151
-0.504589	0.000970337
-0.504603	0.000948234
-0.504615	0.000927058
-0.504618	0.000906588
-0.504655	0.000886816
-0.504635	0.000867859
-0.50463	0.000849413
-0.50464	0.000831762
-0.504619	0.000814612
-0.504607	0.000798099
-0.50458	0.000781999
-0.504605	0.000766657
-0.504581	0.000751675
-0.504554	0.000737167
-0.504529	0.000723116
-0.504535	0.00070955
-0.504523	0.000696307
-0.504526	0.000683636
-0.504574	0.000671287
-0.504595	0.000659321
-0.50458	0.000647679
-0.50456	0.000636361
-0.504554	0.000625191
-0.504555	0.000614686
-0.504555	0.0006043
-0.504544	0.000594239
-0.504514	0.00058438
-0.504513	0.000574781
-0.504504	0.000565571
-0.5045	0.000556416
-0.504505	0.000547744
-0.504509	0.000539154
-0.504495	0.000530815
-0.504507	0.000522644
-0.504523	0.000514789
-0.525951	0
-0.526483	0
-0.526786	0.263366
-0.526992	0.124213
-0.52784	0.0761863
-0.528	0.0527987
-0.527873	0.0393401
-0.527808	0.0307805
-0.527617	0.0249275
-0.527921	0.0207387
-0.527972	0.017599
-0.528013	0.0151793
-0.528099	0.0132673
-0.528091	0.0117259
-0.52821	0.0104637
-0.528309	0.00941149
-0.5284	0.00852685
-0.52849	0.00777152
-0.52843	0.00712005
-0.528411	0.00655513
-0.528493	0.00606215
-0.528477	0.00562717
-0.528549	0.0052426
-0.528559	0.00489952
-0.528531	0.0045913
-0.528633	0.00431617
-0.528602	0.00406604
-0.528642	0.00383968
-0.528622	0.00363326
-0.528514	0.00344366
-0.528508	0.00327077
-0.528499	0.00311259
-0.528499	0.00296614
-0.528535	0.00283067
-0.528492	0.00270584
-0.528569	0.00258972
-0.528605	0.0024819
-0.528576	0.00238097
-0.528626	0.00228693
-0.528622	0.00219878
-0.528701	0.00211624
-0.528698	0.00203876
-0.528728	0.00196588
-0.528718	0.0018971
-0.528716	0.00183244
-0.528719	0.00177077
-0.528726	0.00171316
-0.528699	0.00165855
-0.528705	0.00160648
-0.528715	0.00155742
-0.528695	0.00151055
-0.5287	0.001466
-0.528678	0.00142365
-0.528728	0.00138341
-0.528674	0.00134454
-0.528654	0.00130801
-0.528638	0.00127283
-0.52859	0.00123906
-0.528624	0.00120718
-0.528621	0.00117646
-0.528623	0.00114701
-0.528633	0.00111874
-0.528582	0.00109157
-0.528592	0.00106556
-0.528618	0.00104039
-0.528617	0.00101657
-0.528638	0.000993334
-0.528642	0.000971174
-0.52863	0.00094973
-0.528659	0.000929006
-0.528662	0.000909191
-0.528652	0.000889836
-0.528655	0.000871326
-0.528641	0.000853388
-0.528627	0.000836081
-0.528607	0.00081925
-0.528613	0.000803144
-0.528604	0.000787467
-0.528592	0.000772289
-0.528579	0.00075759
-0.528584	0.000743335
-0.52858	0.000729539
-0.528574	0.000716225
-0.528612	0.000703285
-0.52864	0.000690774
-0.528624	0.000678533
-0.52861	0.000666688
-0.528587	0.000655001
-0.528602	0.000643967
-0.528608	0.000633102
-0.528595	0.000622561
-0.52856	0.000612249
-0.528551	0.000602183
-0.528534	0.000592509
-0.528524	0.000582896
-0.528524	0.000573821
-0.528534	0.000564821
-0.528523	0.000556082
-0.528536	0.000547559
-0.528557	0.000539315
-0.552648	0
-0.552772	0
-0.553048	0.276479
-0.553336	0.130422
-0.553994	0.079962
-0.554147	0.055411
-0.553992	0.0412869
-0.553897	0.0322965
-0.55368	0.0261585
-0.554024	0.0217638
-0.554075	0.0184692
-0.554205	0.0159315
-0.554278	0.0139244
-0.554272	0.0123078
-0.55431	0.0109811
-0.554447	0.00987641
-0.554447	0.00894721
-0.554504	0.0081534
-0.554539	0.00747193
-0.554492	0.00687839
-0.554547	0.00636084
-0.554529	0.00590456
-0.554627	0.00550124
-0.55469	0.00514145
-0.554649	0.00481791
-0.554746	0.00452935
-0.554758	0.00426735
-0.554822	0.0040299
-0.554774	0.00381307
-0.554647	0.00361421
-0.554664	0.00343211
-0.554635	0.00326652
-0.554621	0.00311265
-0.554599	0.00297053
-0.554518	0.00283906
-0.554565	0.00271694
-0.554592	0.00260386
-0.554576	0.002498
-0.55461	0.00239923
-0.554603	0.00230687
-0.554675	0.00222028
-0.554681	0.00213901
-0.554725	0.00206249
-0.554714	0.00198997
-0.554705	0.00192253
-0.554708	0.0018577
-0.554704	0.00179721
-0.554666	0.00174002
-0.554661	0.00168526
-0.554649	0.00163381
-0.554655	0.00158468
-0.554689	0.00153799
-0.554688	0.00149365
-0.55474	0.00145139
-0.554696	0.00141067
-0.554669	0.00137237
-0.554637	0.00133546
-0.55457	0.0012997
-0.554599	0.00126651
-0.554574	0.00123418
-0.554582	0.00120333
-0.554612	0.00117373
-0.554554	0.00114521
-0.554561	0.00111792
-0.554578	0.00109164
-0.554596	0.00106653
-0.554595	0.00104204
-0.554593	0.00101884
-0.554576	0.000996355
-0.554618	0.000974717
-0.554605	0.000953796
-0.554582	0.000933491
-0.554587	0.000914083
-0.554578	0.000895232
-0.554559	0.000877071
-0.554565	0.00085949
-0.554554	0.000842544
-0.554542	0.000826108
-0.554533	0.00081019
-0.554548	0.000794813
-0.554554	0.000779808
-0.554556	0.000765368
-0.554554	0.000751425
-0.554586	0.000737863
-0.5546	0.000724674
-0.5546	0.000711896
-0.554589	0.000699447
-0.554568	0.000687162
-0.554578	0.000675571
-0.5546	0.000664196
-0.554593	0.000653174
-0.554565	0.000642377
-0.554568	0.00063183
-0.554557	0.000621669
-0.554551	0.000611645
-0.554542	0.000602054
-0.554543	0.000592621
-0.554521	0.000583395
-0.554527	0.000574492
-0.554555	0.000565843
-0.580988	0
-0.581394	0
-0.581436	0.290679
-0.581655	0.137097
-0.582366	0.084054
-0.582398	0.0582289
-0.582222	0.043391
-0.582082	0.0339413
-0.581923	0.0274918
-0.58241	0.0228787
-0.582414	0.0194138
-0.582525	0.0167462
-0.582676	0.0146382
-0.582749	0.01294
-0.582705	0.0115438
-0.582876	0.0103814
-0.582866	0.00940593
-0.582909	0.00857191
-0.582925	0.00785422
-0.582847	0.00722942
-0.582816	0.00668514
-0.582789	0.0062055
-0.582925	0.005782
-0.583	0.00540414
-0.582977	0.00506371
-0.583091	0.00476091
-0.583074	0.00448517
-0.583127	0.00423537
-0.583125	0.00400789
-0.583052	0.00379823
-0.583104	0.00360841
-0.583044	0.00343373
-0.583033	0.00327213
-0.582975	0.00312242
-0.582898	0.0029844
-0.582895	0.00285575
-0.582923	0.0027368
-0.582902	0.00262548
-0.582917	0.00252178
-0.582922	0.0024244
-0.582977	0.00233343
-0.582976	0.0022482
-0.582992	0.0021675
-0.583008	0.00209144
-0.583008	0.0020206
-0.582981	0.00195244
-0.583004	0.00188885
-0.582959	0.00182877
-0.582929	0.00177107
-0.582942	0.00171709
-0.582934	0.00166549
-0.582925	0.00161567
-0.582881	0.00156959
-0.582925	0.00152519
-0.582895	0.00148231
-0.582879	0.00144218
-0.582859	0.00140344
-0.582787	0.00136578
-0.582794	0.0013309
-0.582759	0.00129695
-0.582776	0.00126446
-0.582795	0.0012334
-0.582734	0.00120339
-0.58273	0.00117467
-0.582758	0.00114711
-0.582782	0.00112072
-0.582787	0.00109492
-0.582776	0.00107067
-0.58277	0.00104701
-0.582801	0.00102428
-0.582784	0.00100227
-0.582778	0.000980981
-0.582776	0.000960428
-0.582762	0.000940769
-0.582721	0.00092161
-0.582706	0.000903135
-0.5827	0.000885286
-0.582679	0.00086802
-0.582665	0.00085129
-0.582702	0.000835164
-0.582705	0.000819301
-0.582713	0.000804196
-0.58272	0.000789589
-0.582725	0.000775213
-0.582761	0.000761504
-0.582748	0.000748
-0.582747	0.000734943
-0.582736	0.000722152
-0.582757	0.000709882
-0.582781	0.000697958
-0.582767	0.000686306
-0.58274	0.000675012
-0.582727	0.000663843
-0.582732	0.000653265
-0.582732	0.000642758
-0.582719	0.00063261
-0.582731	0.00062278
-0.58271	0.000612932
-0.582716	0.000603621
-0.582726	0.000594586
-0.610334	0
-0.611483	0
-0.611959	0.305924
-0.612431	0.144351
-0.613134	0.0884935
-0.613084	0.0613009
-0.613089	0.0456968
-0.612762	0.0357295
-0.612643	0.0289433
-0.613165	0.0240874
-0.613149	0.020438
-0.613196	0.0176278
-0.613363	0.0154089
-0.613598	0.013624
-0.61343	0.0121524
-0.613552	0.0109294
-0.613563	0.00990113
-0.613554	0.00902156
-0.613633	0.00826773
-0.613672	0.00761214
-0.613585	0.00703812
-0.613525	0.00653278
-0.613598	0.00608624
-0.613632	0.0056879
-0.613628	0.0053295
-0.613727	0.00501105
-0.613767	0.00472122
-0.61381	0.00445788
-0.613818	0.00421882
-0.613748	0.00399838
-0.613798	0.00379813
-0.61378	0.00361484
-0.613748	0.00344398
-0.613703	0.00328653
-0.61363	0.00314171
-0.613619	0.00300614
-0.613658	0.00288117
-0.613659	0.00276386
-0.613713	0.00265489
-0.613723	0.00255268
-0.613748	0.00245632
-0.613767	0.00236688
-0.613742	0.0022808
-0.613765	0.0022014
-0.613751	0.00212711
-0.613738	0.00205517
-0.613717	0.00198827
-0.613722	0.00192528
-0.613702	0.0018644
-0.613697	0.00180752
-0.613681	0.0017532
-0.613641	0.00170089
-0.613599	0.00165231
-0.613635	0.00160556
-0.613604	0.00156031
-0.613592	0.00151816
-0.61356	0.00147734
-0.613501	0.00143792
-0.613503	0.00140104
-0.613484	0.00136532
-0.613495	0.00133111
-0.613477	0.00129835
-0.6134	0.00126674
-0.613381	0.00123648
-0.613404	0.00120752
-0.613434	0.00117968
-0.613443	0.00115254
-0.613427	0.00112693
-0.613411	0.00110206
-0.613451	0.00107814
-0.613432	0.00105494
-0.613429	0.00103244
-0.613415	0.00101105
-0.613395	0.000989942
-0.613345	0.000969953
-0.613354	0.000950634
-0.613347	0.000931847
-0.613309	0.000913618
-0.61329	0.000896034
-0.613307	0.000879015
-0.613291	0.00086222
-0.613298	0.000846378
-0.613316	0.000831036
-0.613324	0.000815832
-0.613362	0.000801424
-0.613365	0.000787327
-0.613368	0.000773582
-0.613338	0.000760072
-0.613346	0.000747125
-0.613361	0.00073457
-0.613346	0.000722334
-0.613313	0.000710423
-0.613315	0.000698701
-0.613309	0.000687539
-0.613318	0.000676575
-0.613304	0.000665848
-0.613325	0.000655477
-0.613321	0.000645181
-0.613328	0.000635241
-0.613324	0.000625803
-0.644207	0
-0.644352	0
-0.644957	0.322475
-0.645062	0.152042
-0.645813	0.0932147
-0.645703	0.0645593
-0.64578	0.0481329
-0.645706	0.0376432
-0.645495	0.0304955
-0.645874	0.0253719
-0.645794	0.021526
-0.645965	0.0185702
-0.64615	0.0162333
-0.646338	0.0143509
-0.646296	0.0128032
-0.646375	0.0115139
-0.646367	0.0104304
-0.646389	0.00950469
-0.646553	0.00871142
-0.646553	0.0080196
-0.646528	0.00741601
-0.646533	0.00688422
-0.64673	0.00641486
-0.646728	0.00599484
-0.646759	0.0056182
-0.646818	0.00528115
-0.646905	0.00497619
-0.646925	0.00469714
-0.646978	0.00444675
-0.646878	0.00421355
-0.646924	0.0040025
-0.646854	0.00380958
-0.646831	0.00362872
-0.646791	0.00346134
-0.646694	0.00331102
-0.646667	0.00316834
-0.646749	0.00303666
-0.646737	0.00291284
-0.646796	0.00279817
-0.646794	0.00268984
-0.646828	0.00258812
-0.646822	0.0024944
-0.64677	0.00240323
-0.646795	0.00232065
-0.646762	0.00224153
-0.646746	0.00216571
-0.646706	0.00209534
-0.646719	0.00202879
-0.64671	0.00196469
-0.646697	0.00190456
-0.646693	0.00184731
-0.646632	0.00179281
-0.646613	0.00174123
-0.646632	0.00169191
-0.646599	0.00164432
-0.646587	0.00159967
-0.646549	0.00155642
-0.646528	0.00151553
-0.646502	0.0014764
-0.646458	0.00143866
-0.646461	0.00140268
-0.646457	0.00136814
-0.646392	0.00133483
-0.646396	0.00130303
-0.646418	0.00127251
-0.646433	0.00124309
-0.646449	0.00121487
-0.646434	0.00118745
-0.646405	0.00116129
-0.646429	0.00113607
-0.646426	0.00111169
-0.646428	0.00108789
-0.646424	0.00106547
-0.646388	0.00104341
-0.646353	0.00102215
-0.646372	0.00100185
-0.646383	0.000982065
-0.646335	0.00096285
-0.646323	0.00094425
-0.646359	0.000926361
-0.646361	0.000908465
-0.64637	0.000892018
-0.646364	0.000875582
-0.646346	0.000859771
-0.64638	0.000844636
-0.646364	0.000829656
-0.646354	0.000815195
-0.646337	0.000801032
-0.646354	0.000787336
-0.646353	0.000774172
-0.646348	0.00076105
-0.646328	0.000748608
-0.646313	0.000736328
-0.64629	0.00072452
-0.646302	0.000712961
-0.646304	0.00070168
-0.646311	0.000690711
-0.646305	0.000679945
-0.646295	0.00066919
-0.6463	0.000659429
-0.683456	0
-0.682356	0
-0.683304	0.341639
-0.683294	0.161048
-0.68313	0.0986012
-0.682764	0.0682389
-0.682456	0.050861
-0.682162	0.0397756
-0.681937	0.0322173
-0.682131	0.0267947
-0.681824	0.022726
-0.681872	0.0196023
-0.682111	0.0171376
-0.682442	0.0151525
-0.682452	0.0135199
-0.682442	0.0121539
-0.682322	0.0110107
-0.682336	0.0100342
-0.682479	0.00919584
-0.682547	0.00846236
-0.682396	0.00782742
-0.682355	0.00726554
-0.682606	0.00677007
-0.682526	0.00632622
-0.682525	0.00592871
-0.682632	0.00557336
-0.68266	0.00525094
-0.682778	0.00495756
-0.682839	0.00469328
-0.682785	0.00444854
-0.682861	0.00422492
-0.6828	0.00402117
-0.682776	0.00382903
-0.682711	0.0036533
-0.682675	0.00349524
-0.682643	0.00334415
-0.682643	0.00320518
-0.682653	0.00307464
-0.682649	0.00295324
-0.682595	0.00283856
-0.682629	0.00273051
-0.682633	0.00263253
-0.682589	0.0025356
-0.682637	0.00244819
-0.682594	0.00236579
-0.682618	0.0022866
-0.682635	0.00221152
-0.682655	0.0021415
-0.682619	0.00207424
-0.682604	0.00201053
-0.682593	0.00194994
-0.682498	0.00189204
-0.682502	0.00183787
-0.682524	0.00178581
-0.682497	0.00173517
-0.682467	0.00168855
-0.682422	0.00164272
-0.682379	0.00159957
-0.682388	0.00155833
-0.682359	0.00151808
-0.682349	0.00148038
-0.682336	0.00144391
-0.682303	0.00140903
-0.682324	0.00137548
-0.682306	0.00134307
-0.682293	0.00131209
-0.682287	0.00128216
-0.682253	0.00125313
-0.682225	0.0012253
-0.682243	0.00119859
-0.682245	0.00117319
-0.682235	0.00114801
-0.682228	0.00112414
-0.682214	0.00110124
-0.682174	0.00107895
-0.682189	0.00105737
-0.682209	0.00103648
-0.682173	0.00101614
-0.682173	0.000996574
-0.682203	0.000977652
-0.682208	0.000958854
-0.682196	0.000941534
-0.682187	0.000924033
-0.682172	0.000907496
-0.68219	0.000891402
-0.682192	0.000875666
-0.682166	0.000860262
-0.682152	0.000845392
-0.682158	0.000830851
-0.682162	0.000816996
-0.682169	0.00080342
-0.682143	0.000790089
-0.68212	0.000776732
-0.682103	0.000764653
-0.682091	0.000752418
-0.682097	0.000740495
-0.682122	0.000728963
-0.6821	0.000717416
-0.682078	0.000706252
-0.68209	0.000695727
-0.72136	0
-0.71992	0
-0.7204	0.360171
-0.720146	0.169693
-0.720533	0.103999
-0.720348	0.0720011
-0.720015	0.0536367
-0.720123	0.0419869
-0.720062	0.0340196
-0.72022	0.0282912
-0.720039	0.0240004
-0.720064	0.0206988
-0.720087	0.0180921
-0.720383	0.0159942
-0.720336	0.014269
-0.720473	0.0128289
-0.720458	0.011626
-0.720461	0.010595
-0.720651	0.0097101
-0.720754	0.00893404
-0.720673	0.00826523
-0.720645	0.00767291
-0.72083	0.00714606
-0.720834	0.00667995
-0.720801	0.00626097
-0.72093	0.00588632
-0.720968	0.00554477
-0.721079	0.00523712
-0.721165	0.00495622
-0.721061	0.00469843
-0.721082	0.00446106
-0.720977	0.00424606
-0.720882	0.004041
-0.720788	0.00385875
-0.720777	0.0036896
-0.720789	0.00353181
-0.720785	0.00338269
-0.720811	0.00324591
-0.720806	0.00311832
-0.720822	0.00299799
-0.720831	0.00288158
-0.72086	0.00277974
-0.72078	0.00267901
-0.720843	0.00258662
-0.720788	0.00249816
-0.720791	0.00241416
-0.720817	0.00233547
-0.720828	0.00226117
-0.720791	0.00218988
-0.720828	0.00212332
-0.720816	0.00205922
-0.720775	0.00199745
-0.720747	0.00193913
-0.720753	0.00188573
-0.720761	0.00183091
-0.720728	0.00178324
-0.720728	0.00173539
-0.720712	0.00168924
-0.720711	0.00164587
-0.720684	0.00160198
-0.72065	0.0015633
-0.720661	0.0015252
-0.720645	0.00148818
-0.720674	0.00145267
-0.720647	0.0014183
-0.720632	0.00138514
-0.720609	0.00135408
-0.720585	0.00132298
-0.720565	0.00129441
-0.720575	0.00126609
-0.720542	0.00123873
-0.720519	0.00121124
-0.720504	0.0011874
-0.720502	0.00116302
-0.720473	0.00113952
-0.720508	0.00111673
-0.720502	0.00109469
-0.720472	0.00107329
-0.720439	0.00105256
-0.720462	0.00103236
-0.720458	0.00101224
-0.720453	0.000994373
-0.720463	0.00097606
-0.720432	0.000958468
-0.720462	0.000941287
-0.720471	0.000924697
-0.720434	0.000908476
-0.720427	0.000892779
-0.720435	0.000877655
-0.720468	0.00086248
-0.720485	0.000848522
-0.720449	0.000834527
-0.72042	0.000820233
-0.720408	0.000807354
-0.720417	0.000794693
-0.720426	0.000782165
-0.720443	0.000769914
-0.720431	0.00075779
-0.720411	0.000745975
-0.720404	0.000734838
-0.76156	0
-0.760396	0
-0.760856	0.380144
-0.760652	0.179221
-0.760845	0.109814
-0.76066	0.0760606
-0.760443	0.056642
-0.760683	0.0443556
-0.760938	0.0359497
-0.761132	0.0298998
-0.761342	0.0253743
-0.761299	0.0218549
-0.761156	0.0191208
-0.761348	0.016906
-0.761146	0.015078
-0.761371	0.0135478
-0.761448	0.0122878
-0.761483	0.0111976
-0.761699	0.0102631
-0.761811	0.00944202
-0.761671	0.00873487
-0.761707	0.00811055
-0.761908	0.00755697
-0.762013	0.00705973
-0.761975	0.00661879
-0.762092	0.00622184
-0.762077	0.00586211
-0.762067	0.00553395
-0.762035	0.00523648
-0.761957	0.00496504
-0.761908	0.00471452
-0.761825	0.00448593
-0.761751	0.00427038
-0.761684	0.00406841
-0.761652	0.0038991
-0.761702	0.00373202
-0.761696	0.00357434
-0.761702	0.0034296
-0.761747	0.00329488
-0.761708	0.00316608
-0.761713	0.00304544
-0.761755	0.00293755
-0.761764	0.00283025
-0.761815	0.00273349
-0.761739	0.00263978
-0.761778	0.00255176
-0.761772	0.00246832
-0.761741	0.00238899
-0.761672	0.00231415
-0.761676	0.00224359
-0.761645	0.00217588
-0.761635	0.00211075
-0.761608	0.00204863
-0.761606	0.00199258
-0.761641	0.00193634
-0.761605	0.00188425
-0.761599	0.00183377
-0.761577	0.00178516
-0.761546	0.00173899
-0.761495	0.00169382
-0.761451	0.00165199
-0.761474	0.00161126
-0.761483	0.00157255
-0.761495	0.00153501
-0.761486	0.00149902
-0.761494	0.0014638
-0.761536	0.00143064
-0.761539	0.00139813
-0.76153	0.00136807
-0.761541	0.00133833
-0.761519	0.0013089
-0.761497	0.00128036
-0.761495	0.0012548
-0.761446	0.00122898
-0.761434	0.00120424
-0.761468	0.00118022
-0.76147	0.00115663
-0.761419	0.00113429
-0.761393	0.0011115
-0.761402	0.00109115
-0.761389	0.0010706
-0.761375	0.00105072
-0.761351	0.0010316
-0.761351	0.00101295
-0.761392	0.000994474
-0.761405	0.000977284
-0.761378	0.000959661
-0.761384	0.000943309
-0.761407	0.000927513
-0.761432	0.000910998
-0.761447	0.000896799
-0.761418	0.000881788
-0.761406	0.000866145
-0.761419	0.000851825
-0.761409	0.000839845
-0.761413	0.000826645
-0.76144	0.000813732
-0.761439	0.000800845
-0.761418	0.000787913
-0.761425	0.00077655
-0.80148	0
-0.8004	0
-0.802307	0.400789
-0.801652	0.188476
-0.80232	0.115804
-0.802583	0.0802349
-0.802779	0.0598284
-0.80319	0.0466145
-0.803223	0.0379447
-0.803379	0.0315597
-0.803404	0.0267417
-0.803341	0.0230596
-0.803584	0.0201838
-0.803657	0.0178458
-0.803642	0.0159199
-0.803895	0.0143094
-0.804049	0.0129704
-0.804048	0.0118202
-0.80425	0.0108261
-0.80431	0.00996615
-0.804162	0.00922228
-0.804298	0.00856073
-0.804539	0.0079801
-0.804688	0.00745336
-0.804584	0.00698769
-0.80479	0.0065622
-0.804655	0.00618965
-0.804625	0.00583979
-0.804545	0.00552902
-0.804523	0.00524047
-0.804423	0.00497479
-0.804422	0.00473762
-0.804383	0.00451442
-0.804368	0.00430338
-0.804292	0.00411425
-0.804275	0.00394056
-0.804286	0.00377121
-0.804361	0.00362252
-0.804386	0.00347921
-0.804335	0.0033379
-0.804326	0.00321197
-0.804459	0.00309838
-0.804429	0.00298751
-0.804443	0.00288357
-0.804425	0.00278762
-0.804494	0.00269463
-0.804435	0.00260639
-0.804417	0.00252078
-0.804321	0.00244374
-0.804312	0.00236917
-0.804261	0.00229788
-0.804314	0.00222812
-0.804356	0.00215909
-0.804377	0.00210463
-0.8044	0.00204597
-0.80439	0.00199019
-0.804372	0.00193681
-0.804297	0.00188559
-0.804309	0.00183678
-0.804233	0.0017895
-0.804201	0.00174456
-0.804224	0.00170146
-0.804227	0.00166025
-0.804259	0.00161949
-0.804259	0.0015832
-0.804297	0.00154646
-0.804309	0.00151154
-0.804299	0.00147681
-0.804292	0.00144481
-0.804311	0.00141352
-0.804239	0.00138247
-0.804219	0.00135175
-0.804207	0.00132463
-0.804176	0.00129825
-0.804157	0.00127085
-0.804195	0.00124644
-0.804191	0.00122102
-0.804171	0.00119798
-0.804163	0.00117464
-0.804202	0.00115208
-0.804211	0.00113011
-0.804235	0.00110997
-0.80425	0.00108961
-0.804213	0.00106998
-0.804252	0.00105083
-0.804253	0.00103231
-0.804229	0.00101427
-0.804218	0.000996792
-0.804252	0.000977598
-0.804277	0.000962757
-0.804288	0.000947131
-0.804271	0.000931085
-0.80427	0.000913884
-0.804268	0.000897702
-0.804292	0.00088433
-0.804314	0.000872872
-0.804325	0.000859535
-0.804334	0.000846188
-0.804342	0.00083206
-0.804366	0.000819667
-0.846375	0
-0.847067	0
-0.848941	0.424421
-0.848674	0.199194
-0.848419	0.122327
-0.847828	0.0847691
-0.847815	0.0630837
-0.84788	0.049191
-0.847624	0.0399877
-0.847351	0.033216
-0.847394	0.0282462
-0.847687	0.0242601
-0.847909	0.0212965
-0.847841	0.0188163
-0.8477	0.0167918
-0.848036	0.0150624
-0.847999	0.0136825
-0.847762	0.0123797
-0.847861	0.0114238
-0.847821	0.0104921
-0.847633	0.00972138
-0.84776	0.00902261
-0.847928	0.00840706
-0.847984	0.00784147
-0.847967	0.00736193
-0.848193	0.00692522
-0.848102	0.00652363
-0.848093	0.00615161
-0.847957	0.00582251
-0.848017	0.00552603
-0.84807	0.00523568
-0.848112	0.00499486
-0.848032	0.00475701
-0.847936	0.0045251
-0.847797	0.00434043
-0.847746	0.00415313
-0.847712	0.00398001
-0.847875	0.00381914
-0.84785	0.00366302
-0.847987	0.00349771
-0.847886	0.00338738
-0.848048	0.00326853
-0.848074	0.00315125
-0.848088	0.00304324
-0.848197	0.00293918
-0.848212	0.00284002
-0.848241	0.00274873
-0.848315	0.00265973
-0.848244	0.00257596
-0.848284	0.00249635
-0.848227	0.00242318
-0.848311	0.00235195
-0.848342	0.00228092
-0.848384	0.00221973
-0.848463	0.00215778
-0.848405	0.00209736
-0.848358	0.00204269
-0.848312	0.00198805
-0.848358	0.001937
-0.848278	0.00188786
-0.848284	0.00183968
-0.84831	0.0017926
-0.848322	0.00175138
-0.848278	0.00170641
-0.848209	0.00166969
-0.84822	0.00162776
-0.848243	0.00159409
-0.848252	0.00155703
-0.848238	0.0015217
-0.848232	0.0014906
-0.848262	0.0014578
-0.848239	0.00142651
-0.84823	0.00139755
-0.848171	0.00136929
-0.848158	0.00134046
-0.848187	0.00131433
-0.848155	0.00128856
-0.848197	0.00126349
-0.84824	0.0012393
-0.848285	0.00121518
-0.848322	0.00119262
-0.848315	0.00117089
-0.848342	0.0011477
-0.848289	0.00112865
-0.848305	0.00110821
-0.848288	0.00108829
-0.848275	0.00106663
-0.848359	0.00105051
-0.848385	0.00103296
-0.848391	0.00101602
-0.848419	0.000999219
-0.848393	0.000982528
-0.848383	0.000966311
-0.848358	0.000937456
-0.848381	0.000930158
-0.848365	0.000920118
-0.84838	0.000906297
-0.848397	0.000889322
-0.848406	0.000876807
-0.8484	0.000864912
-0.893568	0
-0.891996	0
-0.89368	0.442265
-0.893196	0.209704
-0.893307	0.128914
-0.89304	0.0892503
-0.892999	0.0664148
-0.892781	0.0517634
-0.892679	0.0421734
-0.892221	0.0348592
-0.892068	0.0297341
-0.892139	0.0255603
-0.89205	0.0223738
-0.89229	0.0197637
-0.892259	0.0176686
-0.892474	0.0158328
-0.892313	0.0143921
-0.892176	0.0130514
-0.892148	0.0120122
-0.892137	0.0109994
-0.891907	0.0102295
-0.892157	0.00941486
-0.892322	0.00883776
-0.892042	0.00823146
-0.892021	0.0077487
-0.892108	0.00727536
-0.891911	0.00679833
-0.892009	0.00644359
-0.892023	0.00612206
-0.892263	0.00581054
-0.89217	0.00552238
-0.892291	0.00525499
-0.892271	0.00500439
-0.892213	0.00475919
-0.892155	0.00453001
-0.89211	0.0043713
-0.892075	0.00417921
-0.892046	0.00401784
-0.89209	0.00385847
-0.892079	0.00369877
-0.892043	0.00352778
-0.892052	0.00342478
-0.892082	0.00331706
-0.892026	0.00320096
-0.892113	0.00308857
-0.892106	0.00297964
-0.892205	0.00288694
-0.892313	0.00279555
-0.892292	0.00269513
-0.892314	0.00262832
-0.892288	0.00254181
-0.892287	0.00247232
-0.892291	0.00240233
-0.892295	0.00233409
-0.892345	0.00226833
-0.892288	0.0022074
-0.892211	0.002148
-0.892086	0.00209095
-0.892025	0.002037
-0.891997	0.00198329
-0.892011	0.00193548
-0.892082	0.00188789
-0.892042	0.00184164
-0.892062	0.00179383
-0.892085	0.0017519
-0.892109	0.0017136
-0.892083	0.00166768
-0.892063	0.00163886
-0.892073	0.00160265
-0.892087	0.00156094
-0.892102	0.00153254
-0.892101	0.0014999
-0.892126	0.00146773
-0.89213	0.00143912
-0.892183	0.00141109
-0.892237	0.00137983
-0.89222	0.00135559
-0.892227	0.00132843
-0.892305	0.00130368
-0.892327	0.00127344
-0.892397	0.00124392
-0.89238	0.00123171
-0.892426	0.0012077
-0.892401	0.00118454
-0.892437	0.00116469
-0.892454	0.00114287
-0.892409	0.00112411
-0.892465	0.00110581
-0.892447	0.00108545
-0.892421	0.00106429
-0.892413	0.00104739
-0.892375	0.00103209
-0.892318	0.00101058
-0.892322	0.00097672
-0.892254	0.000984168
-0.892233	0.000967929
-0.89224	0.000953383
-0.892252	0.000938636
-0.89218	0.000921234
-0.892209	0.000906967
-0.934304	0
-0.933268	0
-0.935536	0.452798
-0.93627	0.220676
-0.937162	0.135243
-0.937651	0.0870294
-0.936959	0.0695686
-0.936701	0.0527376
-0.937051	0.0430051
-0.936335	0.0367062
-0.936686	0.030461
-0.936821	0.0265429
-0.936005	0.023518
-0.936138	0.0206856
-0.93588	0.0185037
-0.935699	0.0166452
-0.935384	0.0150938
-0.935328	0.0132923
-0.93523	0.0125312
-0.934916	0.0115956
-0.934909	0.0106414
-0.934955	0.00962059
-0.935272	0.00922524
-0.93512	0.00860131
-0.935185	0.00809899
-0.935132	0.0076353
-0.934893	0.00716267
-0.934731	0.00678895
-0.934612	0.00640748
-0.934953	0.00608123
-0.9348	0.005666
-0.934935	0.00548257
-0.934989	0.00518399
-0.934981	0.00464845
-0.934791	0.0047768
-0.934797	0.00444343
-0.934728	0.00435897
-0.934638	0.00417852
-0.934619	0.00402702
-0.934675	0.00363241
-0.934825	0.00358963
-0.934945	0.00356124
-0.93503	0.0034761
-0.934998	0.00335501
-0.934957	0.00321896
-0.934931	0.00308543
-0.934989	0.00300244
-0.934975	0.00283929
-0.934995	0.00273416
-0.935063	0.00272076
-0.935026	0.00266573
-0.935057	0.00259252
-0.934995	0.00250651
-0.934886	0.00242574
-0.934834	0.00234707
-0.934833	0.00229229
-0.934806	0.00219373
-0.934748	0.00219141
-0.934749	0.0021327
-0.934711	0.00207787
-0.934736	0.00202671
-0.934862	0.00194651
-0.934868	0.00190919
-0.934835	0.00188159
-0.934871	0.00174338
-0.934857	0.00178394
-0.934899	0.00175663
-0.934863	0.0017079
-0.93498	0.00167796
-0.935023	0.00163586
-0.934994	0.001608
-0.934994	0.00155867
-0.935033	0.00152638
-0.935086	0.00150896
-0.935033	0.00145629
-0.935029	0.00144204
-0.935059	0.00140777
-0.93501	0.00136755
-0.935071	0.00131439
-0.934996	0.00133969
-0.935044	0.00127881
-0.935007	0.00128936
-0.935007	0.00125882
-0.935051	0.0012079
-0.935061	0.00121706
-0.935111	0.00117963
-0.935112	0.00117632
-0.935013	0.00115696
-0.934963	0.00113091
-0.934981	0.00111985
-0.935032	0.00110107
-0.934937	0.00108295
-0.934899	0.00106363
-0.934914	0.00101157
-0.934834	0.00103093
-0.934791	0.00101434
-0.934829	0.000997838
-0.934872	0.000979786
-0.934869	0.000968544
-0.934826	0.000953291
-0.979256	0
-0.972112	0
-0.975808	0.487524
-0.975888	0.226591
-0.976152	0.13157
-0.976807	0.0905521
-0.975961	0.0552637
-0.976416	0.0477068
-0.976331	0.0438669
-0.976507	0.0383604
-0.975563	0.0284346
-0.975194	0.0275851
-0.974628	0.0239979
-0.974578	0.0202793
-0.97446	0.0193008
-0.974652	0.0173473
-0.974735	0.0153826
-0.97414	0.013608
-0.974282	0.0131071
-0.974082	0.0120538
-0.973683	0.0111523
-0.974132	0.0100893
-0.974427	0.00954329
-0.974285	0.00866184
-0.97408	0.00816887
-0.974152	0.0079535
-0.974141	0.00735579
-0.973951	0.00687381
-0.973892	0.00662406
-0.974011	0.00602667
-0.973678	0.00600176
-0.973823	0.00551995
-0.97381	0.00542568
-0.973885	0.00512703
-0.973272	0.0049318
-0.973274	0.00470003
-0.973409	0.00386156
-0.973469	0.00384472
-0.973319	0.00420839
-0.973461	0.00382391
-0.973669	0.0033987
-0.973531	0.00371641
-0.973468	0.00347675
-0.973592	0.00243601
-0.973559	0.00337085
-0.973541	0.00310678
-0.973663	0.00314615
-0.973814	0.00289668
-0.973814	0.00255597
-0.973774	0.00281079
-0.973742	0.00272164
-0.973647	0.00268264
-0.973572	0.00220657
-0.973512	0.00250897
-0.973563	0.002096
-0.973614	0.00232352
-0.973604	0.00207397
-0.973513	0.00227371
-0.973615	0.00185087
-0.973605	0.00214127
-0.973487	0.00206287
-0.973537	0.0018257
-0.973619	0.00164563
-0.973504	0.00189514
-0.9735	0.00172948
-0.973495	0.0017957
-0.973489	0.00182692
-0.973588	0.00178734
-0.973607	0.00153324
-0.973602	0.00142184
-0.973642	0.00166971
-0.973614	0.0014949
-0.973535	0.00157413
-0.973632	0.00142811
-0.973625	0.00150282
-0.973671	0.00147428
-0.973742	0.000997636
-0.973624	0.00143788
-0.973706	0.00135276
-0.973756	0.00137858
-0.973694	0.00132481
-0.973723	0.00130144
-0.973639	0.00117861
-0.973662	0.001269
-0.973651	0.00118626
-0.973583	0.00124964
-0.973599	0.00122258
-0.973544	0.00119052
-0.973507	0.001181
-0.973408	0.00114873
-0.973396	0.00106984
-0.973372	0.00112436
-0.973397	0.00109826
-0.973425	0.000901622
-0.973492	0.000915112
-0.973512	0.00100511
-0.973523	0.00103994
-0.973574	0.000948504
-0.973591	0.00100244
-0.973627	0.00093838
