-0.000492	0
0.002094	0
0.00426533	0.00213267
0.002563	0.000604105
0.0030176	0.000435553
0.003116	0.0003116
0.00308457	0.00022991
0.003333	0.000194385
0.00277511	0.000131112
0.00228	8.95669e-05
0.00238436	7.94788e-05
0.00152667	4.38886e-05
0.00120123	3.01821e-05
0.00126343	2.80554e-05
0.001692	3.35197e-05
0.00097975	1.74566e-05
0.000720235	1.16227e-05
0.000483333	7.10784e-06
0.000481263	6.48464e-06
0.0004432	5.49807e-06
0.000467238	5.35959e-06
0.000650545	6.92697e-06
0.000658435	6.53101e-06
0.000692833	6.42229e-06
0.0007784	6.76282e-06
0.000747538	6.10363e-06
0.000770519	5.92707e-06
0.00112929	8.20264e-06
0.00119448	8.20994e-06
0.000944667	6.15604e-06
0.00119381	7.38948e-06
0.00120787	7.11377e-06
0.00118291	6.63927e-06
0.000963412	5.16087e-06
0.00110629	5.66411e-06
0.00113767	5.57452e-06
0.00107935	5.06788e-06
0.00114347	5.15078e-06
0.00113026	4.88982e-06
0.0009834	4.09048e-06
0.00102478	4.10241e-06
0.001104	4.25751e-06
0.00106633	3.96505e-06
0.00109591	3.93261e-06
0.000970044	3.36205e-06
0.000680435	2.27954e-06
0.000570213	1.84788e-06
0.000584667	1.83414e-06
0.00043649	1.32643e-06
0.00037816	1.11393e-06
0.000281569	8.04482e-07
0.000313154	8.68366e-07
0.000240604	6.47909e-07
0.000190222	4.97718e-07
0.000140873	3.5834e-07
6.21429e-05	1.53756e-07
5.58596e-05	1.34502e-07
0.000177379	4.15847e-07
0.000114576	2.61655e-07
7.12667e-05	1.58606e-07
8.85246e-06	1.92082e-08
7.78065e-05	1.64668e-07
8.69841e-06	1.79632e-08
2.60625e-05	5.25387e-08
-5.78462e-05	1.13874e-07
-0.000189636	3.64685e-07
-0.000214985	4.04024e-07
-0.000259471	4.76696e-07
-0.000362319	6.50945e-07
-0.000237143	4.1678e-07
-0.000237915	4.09167e-07
-0.000295444	4.97357e-07
-0.000329041	5.42361e-07
-0.000325351	5.25247e-07
-0.0003368	5.32695e-07
-0.000440421	6.82639e-07
-0.000498078	7.56751e-07
-0.000487026	7.25528e-07
-0.000496861	7.2593e-07
-0.0005132	7.3555e-07
-0.000479259	6.74011e-07
-0.000475463	6.56277e-07
-0.000506217	6.85931e-07
-0.000580143	7.7188e-07
-0.000609882	7.96944e-07
-0.00059414	7.62658e-07
-0.00063131	7.96224e-07
-0.000683	8.46549e-07
-0.000655596	7.98718e-07
-0.000610578	7.31324e-07
-0.000587604	6.92066e-07
-0.000560913	6.4973e-07
-0.00050886	5.79816e-07
-0.000490298	5.49646e-07
-0.000408505	4.50639e-07
-0.000405375	4.40118e-07
-0.000321155	3.43227e-07
-0.000295633	3.11061e-07
-0.000276768	2.8675e-07
-0.00026824	2.737e-07
-0.002692	0
0.001544	0
0.00328133	0.00164067
0.002385	0.00056215
0.0021016	0.00030334
0.00241333	0.000241333
0.00294857	0.000219774
0.003144	0.000183362
0.00246489	0.000116455
0.0020804	8.17258e-05
0.00223709	7.45697e-05
0.00163133	4.68975e-05
0.000976923	2.45461e-05
0.00131	2.90896e-05
0.00153147	3.03395e-05
0.0010585	1.88597e-05
0.000714824	1.15354e-05
0.000316	4.64706e-06
0.000509053	6.85908e-06
0.000196	2.43145e-06
0.000294286	3.37569e-06
0.000554727	5.9067e-06
0.00058887	5.84099e-06
0.0007005	6.49335e-06
0.00082032	7.12702e-06
0.000702308	5.73432e-06
0.000689481	5.3037e-06
0.000959429	6.96887e-06
0.00110648	7.6051e-06
0.000868133	5.6573e-06
0.00113716	7.03885e-06
0.001127	6.63746e-06
0.00118339	6.64199e-06
0.000964471	5.16654e-06
0.0009544	4.88646e-06
0.00116311	5.6992e-06
0.00106432	4.99732e-06
0.00102021	4.59554e-06
0.00107723	4.66041e-06
0.0009925	4.12833e-06
0.000933366	3.73645e-06
0.0010361	3.99564e-06
0.00102912	3.82669e-06
0.00104091	3.73525e-06
0.000984356	3.41165e-06
0.000740435	2.48055e-06
0.000590298	1.91297e-06
0.000515667	1.61768e-06
0.000436082	1.32519e-06
0.00037784	1.11299e-06
0.000316078	9.03081e-07
0.000239692	6.64659e-07
0.000272302	7.33267e-07
0.000260667	6.82037e-07
8.61091e-05	2.19037e-07
5.28571e-05	1.30781e-07
3.42456e-05	8.24585e-08
0.000124897	2.92807e-07
0.000138169	3.15534e-07
7.09333e-05	1.57864e-07
4.78033e-05	1.03724e-07
2.90323e-05	6.14434e-08
4.48889e-05	9.27005e-08
4.5375e-05	9.14703e-08
-0.000114215	2.2484e-07
-0.000174	3.34615e-07
-0.000192955	3.62623e-07
-0.000270235	4.96473e-07
-0.000352058	6.32511e-07
-0.0002908	5.11082e-07
-0.000236507	4.06744e-07
-0.000291056	4.89969e-07
-0.000338959	5.58709e-07
-0.000361459	5.8354e-07
-0.000371093	5.86935e-07
-0.000447895	6.94223e-07
-0.000488104	7.41597e-07
-0.000521385	7.76713e-07
-0.000505519	7.3858e-07
-0.00051145	7.33042e-07
-0.000486272	6.83873e-07
-0.000528098	7.28927e-07
-0.000525108	7.11529e-07
-0.000622952	8.28838e-07
-0.000618259	8.0789e-07
-0.000633767	8.13526e-07
-0.000614713	7.7529e-07
-0.000732727	9.08184e-07
-0.000712045	8.67491e-07
-0.000636844	7.62785e-07
-0.000601231	7.08115e-07
-0.000579478	6.71235e-07
-0.00052486	5.98047e-07
-0.000515234	5.77601e-07
-0.000437221	4.82316e-07
-0.000409833	4.44959e-07
-0.00035699	3.81525e-07
-0.000334082	3.51516e-07
-0.000268202	2.77875e-07
-0.00027816	2.83822e-07
-0.002428	0
0.002238	0
0.00432	0.00216
0.003079	0.000725727
0.0024072	0.000347449
0.00232733	0.000232733
0.00247257	0.000184295
0.002983	0.000173972
0.00223511	0.000105599
0.0017552	6.89508e-05
0.00188727	6.29091e-05
0.00145667	4.18762e-05
0.000854769	2.14769e-05
0.001136	2.52258e-05
0.0014984	2.96844e-05
0.00082625	1.47216e-05
0.000590588	9.53058e-06
0.000348222	5.12092e-06
0.000655579	8.8334e-06
0.0004004	4.96712e-06
0.000429714	4.92916e-06
0.000554545	5.90477e-06
0.000568696	5.64089e-06
0.0007	6.48872e-06
0.00077344	6.71972e-06
0.000754	6.15638e-06
0.000726667	5.58974e-06
0.00101329	7.36006e-06
0.00111807	7.68473e-06
0.000929333	6.05612e-06
0.00121226	7.50369e-06
0.00123188	7.25512e-06
0.00124667	6.99712e-06
0.000964	5.16402e-06
0.000959771	4.91396e-06
0.00121	5.92895e-06
0.00108151	5.07803e-06
0.000985263	4.43812e-06
0.00100821	4.36179e-06
0.0009676	4.02476e-06
0.000875707	3.50563e-06
0.00100867	3.88986e-06
0.00103293	3.84087e-06
0.00105709	3.79332e-06
0.00105449	3.65473e-06
0.000780957	2.6163e-06
0.000619404	2.00729e-06
0.000483667	1.51729e-06
0.000346776	1.0538e-06
0.00028544	8.40811e-07
0.000224863	6.42465e-07
0.000140538	3.89709e-07
0.000146566	3.9468e-07
0.000106	2.7735e-07
-9.67273e-05	2.46047e-07
-0.000141	3.48867e-07
-0.000192211	4.62815e-07
-9.53793e-05	2.23607e-07
-8.32542e-05	1.90126e-07
-0.0001294	2.87984e-07
-0.000191803	4.16178e-07
-0.000189032	4.00065e-07
-0.000227683	4.7019e-07
-0.000229	4.61635e-07
-0.000356615	7.02021e-07
-0.000366667	7.05128e-07
-0.000388358	7.29847e-07
-0.000467824	8.59479e-07
-0.000540638	9.71315e-07
-0.000474457	8.33861e-07
-0.000396789	6.82396e-07
-0.000491	8.2656e-07
-0.000534575	8.81145e-07
-0.000542054	8.75092e-07
-0.000570507	9.02335e-07
-0.000655158	1.01547e-06
-0.000692571	1.05225e-06
-0.000721744	1.07519e-06
-0.000696253	1.01725e-06
-0.0007131	1.02206e-06
-0.000674568	9.48685e-07
-0.000693122	9.56709e-07
-0.000690361	9.35449e-07
-0.000757238	1.00751e-06
-0.000784847	1.02557e-06
-0.000807628	1.0367e-06
-0.000789333	9.95526e-07
-0.000901455	1.11731e-06
-0.000857213	1.04435e-06
-0.000787289	9.42981e-07
-0.000765407	9.01477e-07
-0.000723217	8.37734e-07
-0.000668129	7.61293e-07
-0.000660894	7.40892e-07
-0.000570274	6.29092e-07
-0.000546417	5.93248e-07
-0.000484619	5.17925e-07
-0.000438776	4.61674e-07
-0.000357818	3.70724e-07
-0.00031636	3.228e-07
-0.003956	0
0.002182	0
0.00500667	0.00250333
0.003349	0.000789367
0.0026376	0.000380705
0.00262933	0.000262933
0.00341543	0.000254571
0.003927	0.000229027
0.00325689	0.000153874
0.0027144	0.000106632
0.00249891	8.3297e-05
0.00228167	6.55933e-05
0.00150862	3.79054e-05
0.00172571	3.83208e-05
0.00194213	3.84751e-05
0.00114975	2.04856e-05
0.000732706	1.1824e-05
0.000515778	7.58497e-06
0.000814947	1.09808e-05
0.0006756	8.38108e-06
0.000690286	7.91812e-06
0.000630364	6.71208e-06
0.00062313	6.18083e-06
0.0006605	6.12257e-06
0.00084272	7.32164e-06
0.000834769	6.81586e-06
0.000635111	4.88547e-06
0.000897429	6.51853e-06
0.00101448	6.97276e-06
0.000716933	4.67199e-06
0.000968645	5.99576e-06
0.00097875	5.76434e-06
0.00084703	4.7541e-06
0.000522118	2.79692e-06
0.0005336	2.732e-06
0.000834444	4.08874e-06
0.000681514	3.19991e-06
0.000627789	2.82788e-06
0.000692923	2.99779e-06
0.0006197	2.57766e-06
0.000480488	1.92349e-06
0.000610571	2.35463e-06
0.000739721	2.7506e-06
0.000761364	2.73212e-06
0.000768	2.66179e-06
0.000477391	1.59932e-06
0.000261787	8.48368e-07
0.000180917	5.67547e-07
7.73061e-05	2.34922e-07
8.152e-05	2.40131e-07
8.73725e-05	2.49636e-07
3.1e-05	8.5962e-08
2.36226e-05	6.36121e-08
-3.74074e-05	9.78769e-08
-0.000225382	5.73307e-07
-0.000268786	6.65038e-07
-0.000318596	7.67135e-07
-0.000201724	4.72921e-07
-0.000164136	3.74833e-07
-0.000145867	3.24631e-07
-0.000190623	4.13617e-07
-0.000234645	4.96599e-07
-0.000253905	5.24342e-07
-0.000245437	4.94771e-07
-0.000390154	7.68043e-07
-0.00044097	8.48019e-07
-0.000528299	9.92839e-07
-0.000560882	1.03045e-06
-0.000593507	1.0663e-06
-0.000467029	8.20805e-07
-0.000425577	7.31907e-07
-0.000523	8.80429e-07
-0.000584274	9.63063e-07
-0.00064827	1.04657e-06
-0.00066592	1.05324e-06
-0.000754632	1.16966e-06
-0.000780935	1.18651e-06
-0.000796821	1.18703e-06
-0.000769519	1.12429e-06
-0.0007857	1.12611e-06
-0.000747753	1.05161e-06
-0.000833024	1.14981e-06
-0.000842169	1.14115e-06
-0.000904905	1.20398e-06
-0.000961647	1.2566e-06
-0.000993349	1.2751e-06
-0.000998023	1.25873e-06
-0.00112595	1.39557e-06
-0.0010689	1.30225e-06
-0.000997333	1.19456e-06
-0.000984835	1.15991e-06
-0.000927783	1.07469e-06
-0.000826366	9.41594e-07
-0.000828043	9.28273e-07
-0.000709179	7.82324e-07
-0.000695875	7.55516e-07
-0.000634598	6.78212e-07
-0.000599918	6.31226e-07
-0.00051697	5.35616e-07
-0.0004924	5.02423e-07
-0.00394721	0
0.00236239	0
0.00466826	0.00233413
0.0036642	0.00086366
0.00237696	0.000343084
0.0026568	0.00026568
0.0036064	0.000268805
0.0039386	0.000229704
0.00342587	0.000161857
0.00304328	0.000119551
0.00293353	9.77842e-05
0.0027404	7.87809e-05
0.0018576	4.66739e-05
0.00217291	4.82512e-05
0.00238379	4.72245e-05
0.00160255	2.85533e-05
0.00130546	2.10667e-05
0.000930933	1.36902e-05
0.00105036	1.41527e-05
0.000950239	1.17881e-05
0.00104404	1.19759e-05
0.00106022	1.12891e-05
0.00113777	1.12856e-05
0.00112253	1.04054e-05
0.00143571	1.24736e-05
0.00152203	1.24273e-05
0.00130329	1.00253e-05
0.00142089	1.03207e-05
0.0014952	1.02768e-05
0.00114923	7.48908e-06
0.00144544	8.94708e-06
0.00140465	8.27267e-06
0.00119869	6.72785e-06
0.000830494	4.44885e-06
0.000814765	4.17154e-06
0.000996911	4.88482e-06
0.00087094	4.08933e-06
0.000828337	3.73125e-06
0.00090361	3.90928e-06
0.00080392	3.34392e-06
0.000579531	2.31998e-06
0.000710685	2.74071e-06
0.00085239	3.16955e-06
0.000999563	3.58688e-06
0.00103833	3.59872e-06
0.000738626	2.47449e-06
0.000520698	1.68741e-06
0.000460683	1.44519e-06
0.000287445	8.73502e-07
0.000266736	7.85714e-07
0.000230604	6.58868e-07
0.000130707	3.62448e-07
0.000107336	2.89038e-07
5.95702e-05	1.55866e-07
-0.000129877	3.30369e-07
-0.000151557	3.74988e-07
-0.000236688	5.69911e-07
-8.15036e-05	1.91077e-07
-2.64273e-05	6.03514e-08
-1.32018e-06	2.93809e-09
-1.19871e-05	2.60097e-08
-9.50195e-05	2.01098e-07
-0.000133321	2.75322e-07
-8.70502e-05	1.75482e-07
-0.000259003	5.09865e-07
-0.000272594	5.24219e-07
-0.00040357	7.58435e-07
-0.000467812	8.59458e-07
-0.00049796	8.94639e-07
-0.000371189	6.52366e-07
-0.000363933	6.2589e-07
-0.000474045	7.98016e-07
-0.000553249	9.11925e-07
-0.00062253	1.00501e-06
-0.000572896	9.06114e-07
-0.000659358	1.02198e-06
-0.000646327	9.81993e-07
-0.000631169	9.40261e-07
-0.000633408	9.2543e-07
-0.00063999	9.17274e-07
-0.000560682	7.8852e-07
-0.000633112	8.73878e-07
-0.000630737	8.54658e-07
-0.000685514	9.12077e-07
-0.000709355	9.26927e-07
-0.000756782	9.71431e-07
-0.000776864	9.798e-07
-0.000901264	1.11708e-06
-0.000829564	1.01067e-06
-0.00075248	9.01288e-07
-0.000719772	8.47729e-07
-0.000690731	8.00103e-07
-0.000596164	6.79293e-07
-0.000603311	6.76339e-07
-0.000474013	5.22902e-07
-0.000478908	5.19954e-07
-0.00041092	4.39161e-07
-0.000357665	3.76331e-07
-0.000289002	2.99426e-07
-0.000298072	3.0414e-07
-0.001396	0
0.00451	0
0.00710133	0.00355067
0.005902	0.00139111
0.004492	0.000648364
0.00490533	0.000490533
0.00556914	0.000415099
0.00646	0.000376755
0.00535289	0.0002529
0.0044856	0.000176211
0.00412618	0.000137539
0.00424167	0.000121939
0.00309754	7.78286e-05
0.003144	6.9815e-05
0.00314507	6.2306e-05
0.0021595	3.84767e-05
0.00184212	2.9727e-05
0.00122733	1.8049e-05
0.00125747	1.69435e-05
0.0009348	1.15966e-05
0.00113143	1.29784e-05
0.00117273	1.24871e-05
0.00127687	1.26653e-05
0.000966667	8.96061e-06
0.00137328	1.19312e-05
0.00148692	1.21407e-05
0.00136652	1.05117e-05
0.00144929	1.0527e-05
0.00145172	9.97802e-06
0.00119333	7.77651e-06
0.00163019	1.00906e-05
0.00160925	9.47766e-06
0.00134618	7.55567e-06
0.00103894	5.56547e-06
0.00108629	5.56171e-06
0.00132522	6.49354e-06
0.00114897	5.39477e-06
0.00099	4.45946e-06
0.00113959	4.93019e-06
0.0011507	4.78636e-06
0.000942927	3.77473e-06
0.00103724	4.00004e-06
0.00119953	4.46038e-06
0.00148364	5.32395e-06
0.00149724	5.18926e-06
0.0011453	3.83691e-06
0.000866809	2.80905e-06
0.000819333	2.5703e-06
0.000598122	1.81761e-06
0.00058488	1.72286e-06
0.000485725	1.38779e-06
0.000326077	9.04201e-07
0.000244604	6.5868e-07
0.000123037	3.21928e-07
-9.59273e-05	2.44012e-07
-0.000132143	3.26952e-07
-0.000192982	4.64674e-07
5.83448e-05	1.36783e-07
0.000107458	2.45398e-07
2.60667e-05	5.80122e-08
-1.84918e-05	4.01238e-08
-9.59355e-05	2.03036e-07
-0.000126286	2.60794e-07
-9.78125e-05	1.97178e-07
-0.000201723	3.97105e-07
-0.000211818	4.07343e-07
-0.000379701	7.13578e-07
-0.000458412	8.42188e-07
-0.000435652	7.82697e-07
-0.000371314	6.52587e-07
-0.00032631	5.61187e-07
-0.000436778	7.35281e-07
-0.000508438	8.38063e-07
-0.000601027	9.70297e-07
-0.00052224	8.25994e-07
-0.000607368	9.41402e-07
-0.00055974	8.50437e-07
-0.000548154	8.16592e-07
-0.000552759	8.076e-07
-0.00055035	7.88796e-07
-0.000436049	6.13242e-07
-0.000528585	7.296e-07
-0.000540482	7.3236e-07
-0.000575952	7.66305e-07
-0.000630447	8.23816e-07
-0.00059214	7.60091e-07
-0.000625563	7.88975e-07
-0.000771773	9.56579e-07
-0.000668539	8.14488e-07
-0.000564933	6.76653e-07
-0.000520352	6.12857e-07
-0.000509435	5.901e-07
-0.000416602	4.74693e-07
-0.000370638	4.15502e-07
-0.000259789	2.86584e-07
-0.000215583	2.3406e-07
-0.000150887	1.61257e-07
-6.52245e-05	6.86283e-08
-2.50505e-06	2.5954e-09
5.12e-06	5.22422e-09
-0.00291942	0
0.00399229	0
0.00652686	0.00326343
0.00494515	0.00116558
0.00509692	0.000735677
0.0063021	0.00063021
0.00679723	0.000506635
0.00746557	0.000435401
0.00591873	0.000279634
0.00489286	0.00019221
0.00432442	0.000144147
0.00422505	0.000121462
0.00310435	7.79998e-05
0.00320404	7.11482e-05
0.00309844	6.13823e-05
0.00186954	3.33103e-05
0.00167886	2.70925e-05
0.00131692	1.93665e-05
0.00148993	2.00756e-05
0.000913229	1.1329e-05
0.0010985	1.26007e-05
0.00104112	1.10858e-05
0.00107933	1.07059e-05
0.000944691	8.7569e-06
0.00143618	1.24777e-05
0.00137448	1.12226e-05
0.00137884	1.06064e-05
0.00154131	1.11954e-05
0.00158885	1.09205e-05
0.00101802	6.63405e-06
0.00141628	8.76653e-06
0.00122764	7.23019e-06
0.000973593	5.46445e-06
0.000632017	3.38563e-06
0.000596017	3.05156e-06
0.000857461	4.20152e-06
0.000639691	3.00354e-06
0.000429173	1.93321e-06
0.00054381	2.35268e-06
0.000753815	3.13551e-06
0.00048899	1.95753e-06
0.000527633	2.03478e-06
0.000746339	2.7752e-06
0.00106492	3.82142e-06
0.00111708	3.87166e-06
0.000770187	2.58022e-06
0.00046997	1.52302e-06
0.000422679	1.32597e-06
0.000168665	5.12548e-07
7.00917e-05	2.06467e-07
-2.34149e-06	6.68998e-09
-0.000350143	9.70934e-07
-0.000398329	1.07264e-06
-0.000466878	1.22159e-06
-0.000709008	1.80351e-06
-0.000710775	1.75862e-06
-0.000673463	1.6216e-06
-0.000387369	9.08147e-07
-0.0003446	7.86956e-07
-0.000359057	7.99093e-07
-0.000444253	9.63946e-07
-0.000492055	1.04138e-06
-0.000530975	1.09652e-06
-0.000599303	1.20812e-06
-0.000699314	1.37665e-06
-0.000650173	1.25033e-06
-0.000851633	1.60049e-06
-0.000829933	1.52474e-06
-0.000844803	1.51778e-06
-0.000837877	1.47257e-06
-0.000829344	1.4263e-06
-0.000921825	1.55182e-06
-0.00105868	1.74503e-06
-0.00111805	1.80497e-06
-0.0010265	1.62355e-06
-0.00108573	1.68285e-06
-0.00100342	1.52454e-06
-0.000969428	1.44417e-06
-0.000976398	1.42655e-06
-0.000962143	1.379e-06
-0.000793425	1.11584e-06
-0.000905017	1.24919e-06
-0.000870933	1.18013e-06
-0.00097385	1.29571e-06
-0.000964746	1.26065e-06
-0.000886877	1.13843e-06
-0.000938568	1.18374e-06
-0.00105122	1.30294e-06
-0.000930825	1.13403e-06
-0.000826927	9.90457e-07
-0.000731071	8.61037e-07
-0.000737733	8.54548e-07
-0.00060051	6.84245e-07
-0.00057259	6.41899e-07
-0.00047111	5.197e-07
-0.000388327	4.21609e-07
-0.000379582	4.05669e-07
-0.000228035	2.39935e-07
-0.000112075	1.16117e-07
-0.000125994	1.28559e-07
-0.0124455	0
0.00298324	0
0.00673816	0.00336908
0.00488662	0.00115179
0.0053301	0.000769333
0.00618375	0.000618375
0.0050815	0.000378753
0.00612081	0.000356973
0.00474694	0.000224272
0.00441105	0.000173282
0.00430277	0.000143426
0.00427421	0.000122875
0.00306696	7.70603e-05
0.00351532	7.80604e-05
0.00316043	6.26104e-05
0.00211266	3.76421e-05
0.00222768	3.5949e-05
0.0015108	2.22177e-05
0.0017875	2.40851e-05
0.00127412	1.5806e-05
0.00143231	1.64297e-05
0.00137029	1.45908e-05
0.00140463	1.39325e-05
0.00111444	1.03304e-05
0.00171418	1.4893e-05
0.00170656	1.3934e-05
0.00176231	1.35563e-05
0.00205609	1.49345e-05
0.00212312	1.45927e-05
0.00154395	1.00613e-05
0.00199698	1.2361e-05
0.00188958	1.11286e-05
0.00142868	8.01871e-06
0.000936897	5.01883e-06
0.000829328	4.2461e-06
0.00114285	5.5999e-06
0.000946121	4.44232e-06
0.000652381	2.93865e-06
0.000835961	3.61661e-06
0.000960962	3.99715e-06
0.000593329	2.37522e-06
0.000464155	1.78998e-06
0.000951221	3.53704e-06
0.00136924	4.91344e-06
0.00145508	5.04312e-06
0.00101727	3.40799e-06
0.000675202	2.18811e-06
0.000622469	1.95272e-06
0.000301928	9.17516e-07
9.94098e-05	2.92828e-07
-7.32061e-05	2.0916e-07
-0.000418491	1.16046e-06
-0.000464104	1.24976e-06
-0.000520472	1.36182e-06
-0.000803737	2.04448e-06
-0.000761313	1.88366e-06
-0.000681851	1.6418e-06
-0.000429474	1.00686e-06
-0.000445992	1.0185e-06
-0.000413159	9.19498e-07
-0.000503435	1.09236e-06
-0.000463508	9.80962e-07
-0.000447453	9.24039e-07
-0.000488711	9.85181e-07
-0.000520762	1.02515e-06
-0.000505114	9.71373e-07
-0.000712202	1.33845e-06
-0.000619728	1.13856e-06
-0.000594225	1.06759e-06
-0.000584936	1.02803e-06
-0.000497824	8.56157e-07
-0.000665688	1.12063e-06
-0.000741555	1.22231e-06
-0.000944291	1.52446e-06
-0.00079362	1.25522e-06
-0.000862809	1.33733e-06
-0.000779292	1.18401e-06
-0.000700019	1.04283e-06
-0.000709082	1.03599e-06
-0.000744769	1.06745e-06
-0.000538587	7.57447e-07
-0.000673872	9.30138e-07
-0.000621223	8.41766e-07
-0.000774875	1.03097e-06
-0.000859924	1.12368e-06
-0.000814064	1.04496e-06
-0.000845167	1.06594e-06
-0.000967154	1.19875e-06
-0.000831792	1.01338e-06
-0.000716461	8.58146e-07
-0.000628764	7.40543e-07
-0.000601538	6.96788e-07
-0.000464962	5.29797e-07
-0.000491931	5.51477e-07
-0.000497363	5.48661e-07
-0.000441349	4.79176e-07
-0.00042983	4.59371e-07
-0.00029124	3.06439e-07
-0.000128985	1.33637e-07
-0.000155255	1.58415e-07
0.00135973	0
0.00666986	0
0.00560258	0.00280129
0.00485493	0.00114432
0.00426075	0.000614986
0.00571995	0.000571995
0.00545253	0.000406408
0.00721547	0.000420815
0.00572619	0.000270537
0.00553917	0.000217599
0.0046287	0.00015429
0.00415364	0.000119409
0.00306336	7.69699e-05
0.00354998	7.88301e-05
0.00364238	7.21582e-05
0.00248273	4.42359e-05
0.00262163	4.23064e-05
0.00192998	2.83821e-05
0.0021482	2.89452e-05
0.00148319	1.83995e-05
0.00119599	1.37189e-05
0.00122926	1.30891e-05
0.0012939	1.28342e-05
0.00110982	1.02876e-05
0.00154047	1.33838e-05
0.00163522	1.33515e-05
0.00160784	1.2368e-05
0.00220913	1.60462e-05
0.00226192	1.55467e-05
0.00152546	9.94084e-06
0.00212296	1.31408e-05
0.00217037	1.27824e-05
0.00149163	8.37201e-06
0.00058811	3.15043e-06
0.000542964	2.77994e-06
0.000779437	3.81921e-06
0.000828533	3.89021e-06
0.00052694	2.3736e-06
0.000409531	1.77175e-06
0.000717693	2.98526e-06
0.000201164	8.05301e-07
0.000275136	1.06105e-06
0.000847622	3.15182e-06
0.00108336	3.88757e-06
0.00117448	4.07061e-06
0.000723298	2.42314e-06
0.000426547	1.3823e-06
0.000383328	1.20252e-06
5.51781e-05	1.67678e-07
-0.000209605	6.17427e-07
-0.000465652	1.33044e-06
-0.000677928	1.87987e-06
-0.000664307	1.78888e-06
-0.000701042	1.83428e-06
-0.000963932	2.45197e-06
-0.000793648	1.96367e-06
-0.000526742	1.26832e-06
-0.00033966	7.96298e-07
-0.00034753	7.93646e-07
-0.000438271	9.75387e-07
-0.000494759	1.07353e-06
-0.000450069	9.52519e-07
-0.000523623	1.08134e-06
-0.000456129	9.195e-07
-0.000440989	8.68115e-07
-0.00052055	1.00106e-06
-0.000551885	1.03716e-06
-0.000381239	7.00408e-07
-0.000291134	5.23055e-07
-0.000223261	3.92382e-07
-0.000151159	2.59963e-07
-0.000366837	6.17541e-07
-0.000431511	7.11262e-07
-0.000559247	9.02848e-07
-0.000407044	6.43795e-07
-0.000440793	6.83215e-07
-0.000393094	5.97245e-07
-0.000367183	5.46997e-07
-0.000445776	6.51293e-07
-0.000516103	7.39711e-07
-0.000230127	3.23641e-07
-0.000376686	5.19936e-07
-0.000184919	2.50568e-07
-0.000346575	4.61118e-07
-0.00033685	4.40168e-07
-0.000259817	3.3351e-07
-0.000245842	3.10062e-07
-0.000344412	4.26884e-07
-0.000211733	2.57957e-07
-0.000194892	2.33433e-07
-2.81788e-05	3.31883e-08
6.34318e-05	7.34758e-08
0.000182148	2.07546e-07
0.000177189	1.98636e-07
0.000170776	1.8839e-07
0.000215414	2.33876e-07
0.000263296	2.81392e-07
0.000367467	3.86643e-07
0.000595028	6.16489e-07
0.000530597	5.41398e-07
-0.008984	0
0.001956	0
0.00369067	0.00184533
0.004399	0.00103685
0.0033704	0.000486475
0.00694	0.000694
0.00759714	0.000566258
0.008576	0.000500162
0.00691822	0.000326855
0.0070824	0.000278223
0.00569309	0.00018977
0.00498333	0.000143261
0.00400154	0.000100542
0.00447343	9.9336e-05
0.00420667	8.33371e-05
0.00262	4.66816e-05
0.00222329	3.58783e-05
0.00190844	2.80654e-05
0.00172716	2.32721e-05
0.0004504	5.58738e-06
0.000189714	2.17617e-06
-1.78182e-05	1.89727e-07
0.000419304	4.15908e-06
2.65e-05	2.45644e-07
0.00057024	4.9543e-06
0.000832154	6.79451e-06
0.000531111	4.08547e-06
0.00118843	8.63222e-06
0.00107793	7.40885e-06
0.0005728	3.73273e-06
0.00122284	7.56918e-06
0.0013885	8.17756e-06
0.000493091	2.76755e-06
-0.000461412	2.47172e-06
-0.0005	2.55997e-06
-7.31111e-05	3.58241e-07
1.23243e-05	5.78664e-08
-0.000272947	1.22949e-06
-0.000123487	5.34241e-07
0.0002667	1.10934e-06
-0.000414244	1.6583e-06
-0.000427714	1.64945e-06
0.000302233	1.12383e-06
0.000829545	2.97678e-06
0.000812711	2.81676e-06
0.000570696	1.9119e-06
0.00019617	6.35725e-07
0.000120083	3.76709e-07
-4.50612e-05	1.36934e-07
-0.00023544	6.93527e-07
-0.000478667	1.36762e-06
-0.000775846	2.1514e-06
-0.000776453	2.09087e-06
-0.000823852	2.15562e-06
-0.00121375	3.08742e-06
-0.00111364	2.75541e-06
-0.000808702	1.94724e-06
-0.000609241	1.4283e-06
-0.000665966	1.52085e-06
-0.0009592	2.13473e-06
-0.00112321	2.43716e-06
-0.000933871	1.97643e-06
-0.000947302	1.95628e-06
-0.000945563	1.90614e-06
-0.0008056	1.58588e-06
-0.000751636	1.44545e-06
-0.000850687	1.59871e-06
-0.000620059	1.13916e-06
-0.00036087	6.48342e-07
-8.45143e-05	1.48534e-07
6.34366e-05	1.09098e-07
-0.000213833	3.59971e-07
-0.000456822	7.52983e-07
-0.000590054	9.52583e-07
-0.000578347	9.14735e-07
-0.000571421	8.85685e-07
-0.000493506	7.49806e-07
-0.000360923	5.37672e-07
-0.000481924	7.04107e-07
-0.00061225	8.77515e-07
-0.000311111	4.37534e-07
-0.000425463	5.87262e-07
-0.000196193	2.65844e-07
-0.000333905	4.4426e-07
-0.000267341	3.49339e-07
-0.000210512	2.7022e-07
-0.000329885	4.16059e-07
-0.000449909	5.57643e-07
-0.00026391	3.21524e-07
-0.000359867	4.31033e-07
-0.000299648	3.52918e-07
-0.000199696	2.31316e-07
6.77419e-05	7.71879e-08
0.000113574	1.27322e-07
5.44842e-05	6.01037e-08
-3.92083e-05	4.25687e-08
3.49278e-05	3.73283e-08
0.000230245	2.42261e-07
0.000468364	4.85256e-07
0.00028096	2.86679e-07
-0.014964	0
-0.000942	0
0.00307333	0.00153667
0.007185	0.00169352
0.006428	0.000927802
0.00937933	0.000937933
0.0117583	0.000876411
0.01254	0.000731348
0.0113471	0.000536101
0.0110544	0.000434258
0.0106356	0.000354521
0.00897967	0.000258147
0.007772	0.000195279
0.00815429	0.000181072
0.00691467	0.000136985
0.00482825	8.60269e-05
0.00487529	7.86747e-05
0.00446289	6.56307e-05
0.00439853	5.92666e-05
0.002696	3.34449e-05
0.00190914	2.18994e-05
0.00144727	1.54105e-05
0.00243583	2.41609e-05
0.0016035	1.48638e-05
0.00216544	1.88136e-05
0.00219569	1.79278e-05
0.00156311	1.20239e-05
0.00186557	1.35507e-05
0.00216207	1.48604e-05
0.00174827	1.13928e-05
0.00245394	1.51895e-05
0.0025535	1.50388e-05
0.00136606	7.66724e-06
0.000565412	3.02884e-06
0.000964457	4.93795e-06
0.00101356	4.96638e-06
0.00159557	7.49167e-06
0.00202621	9.12707e-06
0.00183169	7.92443e-06
0.0020372	8.47378e-06
0.00104449	4.1813e-06
0.000808762	3.11894e-06
0.001288	4.78933e-06
0.00139573	5.0085e-06
0.00134462	4.66029e-06
0.000969826	3.24904e-06
0.000639489	2.07238e-06
0.000478333	1.50056e-06
0.000150612	4.57689e-07
0.00015256	4.49391e-07
-7.40392e-05	2.11541e-07
-0.000565077	1.56694e-06
2.61887e-05	7.05221e-08
0.000181481	4.74848e-07
-0.000511855	1.30201e-06
-0.0005465	1.35217e-06
-0.000476632	1.14766e-06
-0.00019869	4.65807e-07
-0.000225356	5.1464e-07
-0.000814933	1.81366e-06
-0.00106262	2.3057e-06
-0.00103994	2.2009e-06
-0.000953143	1.96835e-06
-0.00108012	2.1774e-06
-0.000819323	1.61289e-06
-0.00115509	2.22133e-06
-0.00131242	2.46645e-06
-0.000906059	1.6646e-06
-0.000723304	1.2995e-06
-0.000477486	8.39183e-07
-0.000192958	3.31848e-07
-0.000722389	1.21608e-06
-0.000902082	1.48691e-06
-0.00104935	1.69407e-06
-0.000999893	1.58147e-06
-0.00105737	1.63889e-06
-0.001064	1.61658e-06
-0.00100795	1.50155e-06
-0.00105266	1.53797e-06
-0.00083865	1.20201e-06
-0.000435012	6.11784e-07
-0.000526732	7.27042e-07
-0.000354024	4.79707e-07
-0.000451571	6.00816e-07
-0.000599671	7.836e-07
-0.000454558	5.83487e-07
-0.000601747	7.58938e-07
-0.000750136	9.29762e-07
-0.000648539	7.90122e-07
-0.0009056	1.08469e-06
-0.000811473	9.55732e-07
-0.000807348	9.35186e-07
-0.000490624	5.59036e-07
-0.000679574	7.61834e-07
-0.000736295	8.12236e-07
-0.000698542	7.58411e-07
-0.000612082	6.54149e-07
-0.000420571	4.4252e-07
-0.00017103	1.77199e-07
-0.00035072	3.57859e-07
-0.007352	0
0.003676	0
0.014448	0.007224
0.01682	0.00396451
0.0118616	0.00171207
0.011534	0.0011534
0.0141863	0.00105738
0.014386	0.000839009
0.013524	0.000638949
0.0125196	0.000491816
0.0126255	0.000420848
0.00805267	0.000231498
0.00618462	0.000155394
0.00610857	0.000135646
0.0051264	0.000101558
0.00228675	4.0744e-05
0.00205294	3.31292e-05
0.00146578	2.15556e-05
0.00165558	2.23076e-05
-8.78e-05	1.08919e-06
-0.000897714	1.02975e-05
-0.000993455	1.05782e-05
-0.000605043	6.00142e-06
-0.00164583	1.52562e-05
-0.00095856	8.32807e-06
-0.000500769	4.08876e-06
-0.000545926	4.19943e-06
9.01429e-05	6.54758e-07
0.000649379	4.46333e-06
0.000319067	2.07924e-06
0.000953548	5.90232e-06
0.00139038	8.1886e-06
0.000206303	1.15791e-06
-0.00152988	8.19538e-06
-0.00112971	5.78406e-06
-0.000830333	4.0686e-06
-0.000100973	4.74099e-07
0.000500105	2.25273e-06
9.07692e-05	3.92694e-07
0.0008177	3.40124e-06
-0.000147805	5.91693e-07
-0.000300095	1.1573e-06
0.000431349	1.60394e-06
0.000183909	6.59949e-07
-8.32e-05	2.88361e-07
-0.000336348	1.12681e-06
-0.000600851	1.94716e-06
-0.000959667	3.01053e-06
-0.00125249	3.80613e-06
-0.00133032	3.91868e-06
-0.00107749	3.07854e-06
-0.00156415	4.33735e-06
-0.000853358	2.29796e-06
-0.000652444	1.70713e-06
-0.00110102	2.80068e-06
-0.000917429	2.26993e-06
-0.000997825	2.40262e-06
-0.000745931	1.74876e-06
-0.000896407	2.0471e-06
-0.00130053	2.89438e-06
-0.00107311	2.32846e-06
-0.00130123	2.75389e-06
-0.0012767	2.63652e-06
-0.0013685	2.75872e-06
-0.00129182	2.54302e-06
-0.00160709	3.09056e-06
-0.00189188	3.55544e-06
-0.00144541	2.65549e-06
-0.0015629	2.80792e-06
-0.00166526	2.9267e-06
-0.00127442	2.19175e-06
-0.00178172	2.99939e-06
-0.00201518	3.32163e-06
-0.00221449	3.57506e-06
-0.00207397	3.28027e-06
-0.00197958	3.06829e-06
-0.00218135	3.31422e-06
-0.00216241	3.22137e-06
-0.00252876	3.6946e-06
-0.00234335	3.35863e-06
-0.00213684	3.00517e-06
-0.00229161	3.16308e-06
-0.00218043	2.95452e-06
-0.00208152	2.76947e-06
-0.00232795	3.04198e-06
-0.00218516	2.80495e-06
-0.00247301	3.11902e-06
-0.00269623	3.34186e-06
-0.00280229	3.41406e-06
-0.00317187	3.79912e-06
-0.00309068	3.64013e-06
-0.0032323	3.74412e-06
-0.00272503	3.10501e-06
-0.00321881	3.60843e-06
-0.00306349	3.37946e-06
-0.00309562	3.36094e-06
-0.00298503	3.19018e-06
-0.00273012	2.8726e-06
-0.00231972	2.40338e-06
-0.00253428	2.58587e-06
-0.037188	0
-0.00481	0
0.0107547	0.00537733
0.024466	0.00576669
0.0203504	0.00293733
0.0204973	0.00204973
0.0194903	0.00145272
0.0276425	0.00161214
0.0259449	0.00122578
0.023302	0.000915389
0.0170782	0.000569273
0.0118173	0.000339724
0.00921662	0.000231576
0.008556	0.000189993
0.0074352	0.000147297
0.0046835	8.34479e-05
0.00306612	4.94793e-05
0.00169156	2.48758e-05
0.00351937	4.74207e-05
0.001352	1.67721e-05
0.000452762	5.19354e-06
-0.000620364	6.6056e-06
-0.000795304	7.88862e-06
-0.0021095	1.95542e-05
-0.00112656	9.78767e-06
0.000557231	4.54977e-06
0.000547852	4.21425e-06
0.00169486	1.23107e-05
0.00211476	1.45352e-05
0.0012356	8.05195e-06
0.00231252	1.43141e-05
0.0021765	1.28185e-05
0.00181903	1.02096e-05
0.000551059	2.95195e-06
0.0015192	7.7782e-06
0.001781	8.72683e-06
0.00288346	1.35387e-05
0.00323895	1.45899e-05
0.00360215	1.5584e-05
0.0048975	2.03713e-05
0.00338663	1.35574e-05
0.00232676	8.97301e-06
0.00321367	1.19498e-05
0.00227918	8.17873e-06
0.00191582	6.64e-06
0.00152409	5.10588e-06
0.0011457	3.71285e-06
0.000335333	1.05196e-06
-3.26531e-07	9.92279e-10
-0.0001176	3.4641e-07
-6.7451e-05	1.92717e-07
-0.000762385	2.11407e-06
0.000475321	1.27997e-06
0.000545333	1.42687e-06
0.000331055	8.42108e-07
0.000215714	5.33727e-07
0.000194386	4.68054e-07
0.000192069	4.50286e-07
0.000169831	3.87838e-07
-9.78667e-05	2.17805e-07
-0.000382033	8.28941e-07
-0.000718581	1.52079e-06
-0.00104349	2.15493e-06
-0.000430812	8.68464e-07
-0.000505908	9.95912e-07
-0.000725818	1.3958e-06
-0.000673194	1.26514e-06
-0.000262941	4.83072e-07
-0.000447594	8.04152e-07
-0.000330514	5.8088e-07
2.46761e-05	4.24378e-08
-0.000600278	1.01052e-06
-0.00101238	1.66872e-06
-0.00105032	1.69564e-06
-0.000600267	9.49404e-07
-0.000507632	7.86813e-07
-0.000886909	1.34752e-06
-0.000907744	1.35228e-06
-0.00111423	1.62792e-06
-0.0007864	1.12712e-06
-0.000377926	5.315e-07
-0.00050922	7.0287e-07
-0.000335904	4.55154e-07
-0.000396286	5.27258e-07
-0.000256941	3.3575e-07
-0.000154047	1.97739e-07
-0.000240506	3.03332e-07
-0.000254045	3.14878e-07
-0.000864045	1.05267e-06
-0.00116378	1.39392e-06
-0.000998154	1.1756e-06
-0.00128548	1.48903e-06
-0.000625591	7.12824e-07
-0.00142009	1.59198e-06
-0.000715495	7.89291e-07
-0.00095575	1.03766e-06
-0.000839918	8.97643e-07
-0.000691673	7.27769e-07
-0.000229899	2.38191e-07
-0.0006408	6.53844e-07
-0.0213917	0
-0.00455986	0
0.00225743	0.00112871
0.0241241	0.0056861
0.0280897	0.00405439
0.020628	0.0020628
0.0253486	0.00188937
0.033748	0.00196823
0.0245867	0.00116161
0.0162948	0.000640121
0.0151717	0.000505722
0.00693102	0.000199253
0.00453387	0.000113918
0.00632288	0.000140404
0.00504829	0.00010001
0.000399517	7.11837e-06
0.00125625	2.02727e-05
-0.00454132	6.67841e-05
-0.00388714	5.23762e-05
-0.00671499	8.3302e-05
-0.00563542	6.46426e-05
-0.00659435	7.02163e-05
-0.00521547	5.17322e-05
-0.00750582	6.95759e-05
-0.00851759	7.40017e-05
-0.00790937	6.45798e-05
-0.00788458	6.06506e-05
-0.00597699	4.34142e-05
-0.00708509	4.86974e-05
-0.00708559	4.61742e-05
-0.00484618	2.99971e-05
-0.00453162	2.66889e-05
-0.00527551	2.96097e-05
-0.00732023	3.92135e-05
-0.00685873	3.51162e-05
-0.00620055	3.03824e-05
-0.0057707	2.70952e-05
-0.00579936	2.61232e-05
-0.00680369	2.94347e-05
-0.00386189	1.60636e-05
-0.00510009	2.04167e-05
-0.00567809	2.18972e-05
-0.00479302	1.78225e-05
-0.00454072	1.62942e-05
-0.0048143	1.66858e-05
-0.00533417	1.78701e-05
-0.00540527	1.75167e-05
-0.00588933	1.84752e-05
-0.00641036	1.94802e-05
-0.00553007	1.62897e-05
-0.0056956	1.62731e-05
-0.00528715	1.46611e-05
-0.00428882	1.15491e-05
-0.0040794	1.06738e-05
-0.00368123	9.364e-06
-0.00424735	1.05089e-05
-0.00408638	9.83942e-06
-0.00441606	1.0353e-05
-0.00462705	1.05667e-05
-0.0045142	1.00465e-05
-0.00488806	1.06062e-05
-0.00557245	1.17934e-05
-0.0051619	1.06599e-05
-0.004213	8.49287e-06
-0.00426738	8.40062e-06
-0.00504248	9.69708e-06
-0.00504173	9.47499e-06
-0.00549282	1.00913e-05
-0.00608614	1.09344e-05
-0.00581468	1.02193e-05
-0.00618693	1.06403e-05
-0.00663255	1.11654e-05
-0.00688257	1.13446e-05
-0.00678929	1.09606e-05
-0.00625568	9.89421e-06
-0.0064271	9.96181e-06
-0.00646571	9.82363e-06
-0.00626266	9.32957e-06
-0.00614106	8.97229e-06
-0.00571825	8.19575e-06
-0.00536681	7.54767e-06
-0.00537497	7.41901e-06
-0.004732	6.41192e-06
-0.00469752	6.25005e-06
-0.00441388	5.76769e-06
-0.0040333	5.17728e-06
-0.00322515	4.06763e-06
-0.00360982	4.47421e-06
-0.00390517	4.7577e-06
-0.00402262	4.81812e-06
-0.00390756	4.60223e-06
-0.00405334	4.69517e-06
-0.00375548	4.27915e-06
-0.00524404	5.87881e-06
-0.00419739	4.63031e-06
-0.00455862	4.94933e-06
-0.00425394	4.5463e-06
-0.00345743	3.63786e-06
-0.00281373	2.91522e-06
-0.00314252	3.20649e-06
-0.047508	0
-0.017386	0
-0.0636653	0.0318327
-0.024956	0.00588219
-0.0160928	0.0023228
-0.00775467	0.000775467
0.00245714	0.000183145
0.0150365	0.000876946
0.0143067	0.000675926
0.0030816	0.000121057
0.00193091	6.43636e-05
-0.00461867	0.000132777
-0.00852031	0.000214081
-0.00320229	7.11093e-05
-0.0011688	2.31548e-05
-0.006447	0.000114869
-0.00431765	6.96757e-05
-0.00929444	0.000136683
-0.0106524	0.000143533
-0.0151834	0.000188356
-0.0151758	0.000174078
-0.00895291	9.53301e-05
-0.00639983	6.34798e-05
-0.00974083	9.02936e-05
-0.010009	8.69589e-05
-0.0113311	9.25179e-05
-0.00637704	4.90541e-05
-0.00275471	2.0009e-05
-0.000963586	6.62294e-06
0.0001908	1.24337e-06
0.000257161	1.59179e-06
0.00046275	2.72536e-06
-0.000595636	3.34311e-06
-0.00302941	1.62282e-05
0.000375771	1.92392e-06
0.000416444	2.04056e-06
0.00203784	9.56826e-06
0.00231284	1.04182e-05
0.00277169	1.19911e-05
0.0045062	1.87436e-05
0.000978244	3.91611e-06
-0.00107429	4.14291e-06
-0.000909581	3.38221e-06
-0.000973818	3.4945e-06
-0.00188996	6.55035e-06
-0.00337157	1.12952e-05
-0.00435957	1.4128e-05
-0.00523383	1.64189e-05
-0.00714833	2.17227e-05
-0.00719016	2.11798e-05
-0.00568706	1.62487e-05
-0.00626731	1.7379e-05
-0.0058114	1.56492e-05
-0.00532363	1.39293e-05
-0.00582989	1.48296e-05
-0.00600293	1.48526e-05
-0.0061687	1.48533e-05
-0.00573903	1.34546e-05
-0.00549566	1.25503e-05
-0.0060564	1.34787e-05
-0.00602597	1.30752e-05
-0.00607948	1.28665e-05
-0.00632273	1.30571e-05
-0.00721213	1.45387e-05
-0.00806055	1.58677e-05
-0.00859491	1.65287e-05
-0.00984155	1.84954e-05
-0.00961788	1.76698e-05
-0.00958319	1.72172e-05
-0.00824309	1.44873e-05
-0.00872242	1.50008e-05
-0.00922533	1.55301e-05
-0.00985414	1.62427e-05
-0.0102015	1.64693e-05
-0.0101373	1.60335e-05
-0.00921195	1.42782e-05
-0.00909413	1.38171e-05
-0.00859626	1.2806e-05
-0.00844886	1.23441e-05
-0.0073039	1.04684e-05
-0.00574148	8.07459e-06
-0.00574756	7.93329e-06
-0.00513161	6.95341e-06
-0.00433724	5.7707e-06
-0.00375496	4.90668e-06
-0.00299307	3.84201e-06
-0.00347632	4.38442e-06
-0.00317495	3.93522e-06
-0.00372413	4.53715e-06
-0.00460778	5.519e-06
-0.00538075	6.33731e-06
-0.00478139	5.53849e-06
-0.00366972	4.18143e-06
-0.00569209	6.38108e-06
-0.00577562	6.37132e-06
-0.00608908	6.61096e-06
-0.0062054	6.63188e-06
-0.0059631	6.27429e-06
-0.00515863	5.34469e-06
-0.00588172	6.00145e-06
-0.02934	0
-0.083746	0
-0.151681	0.0758407
-0.111958	0.0263888
-0.0856008	0.0123554
-0.007622	0.0007622
0.00612571	0.000456584
0.0380165	0.00221717
0.00756844	0.000357575
0.0004472	1.75677e-05
0.0200149	0.000667164
0.004541	0.000130545
0.00419877	0.000105498
0.0107683	0.000239118
0.0059856	0.000118579
0.002206	3.93052e-05
0.00145506	2.34809e-05
-0.0123751	0.000181987
-0.0170579	0.000229842
-0.0171842	0.000213177
-0.0107091	0.000122842
0.000962727	1.02511e-05
0.00530487	5.2619e-05
0.000149333	1.38426e-06
-0.002908	2.5265e-05
-0.00271046	2.21308e-05
0.000545333	4.19487e-06
0.000947286	6.88067e-06
0.00325062	2.23422e-05
0.00119493	7.78694e-06
0.00737368	4.56419e-05
0.00439087	2.586e-05
0.0087303	4.90003e-05
-0.00191941	1.0282e-05
-0.00354971	1.81743e-05
0.00294233	1.44173e-05
0.0058453	2.74454e-05
0.00873758	3.93585e-05
0.0063279	2.73763e-05
0.0146052	6.07507e-05
0.00772302	3.09168e-05
0.00401752	1.54933e-05
0.00347172	1.29093e-05
0.00316636	1.13623e-05
0.00551164	1.91027e-05
0.00185626	6.21871e-06
-0.000889277	2.88186e-06
-0.00580883	1.82227e-05
-0.0109349	3.32294e-05
-0.0136589	4.02345e-05
-0.0146079	4.17369e-05
-0.0146317	4.05732e-05
-0.0126712	3.41215e-05
-0.0146885	3.84327e-05
-0.0171769	4.36931e-05
-0.0191187	4.73041e-05
-0.0150786	3.63071e-05
-0.0148674	3.48552e-05
-0.0153007	3.49418e-05
-0.0157942	3.51505e-05
-0.0149418	3.2421e-05
-0.0174246	3.68771e-05
-0.0193698	4.00007e-05
-0.0198867	4.00891e-05
-0.0242236	4.76858e-05
-0.0256257	4.92802e-05
-0.0249688	4.69242e-05
-0.0260651	4.78864e-05
-0.0263242	4.72944e-05
-0.0246685	4.3355e-05
-0.0243181	4.18222e-05
-0.0221605	3.73054e-05
-0.0236426	3.89702e-05
-0.0236951	3.82534e-05
-0.0255647	4.04341e-05
-0.0239927	3.7188e-05
-0.0220375	3.34825e-05
-0.0194637	2.89953e-05
-0.0224656	3.28229e-05
-0.0224749	3.22124e-05
-0.0194906	2.74108e-05
-0.0197519	2.72633e-05
-0.0182324	2.47052e-05
-0.0153342	2.04021e-05
-0.0141735	1.85207e-05
-0.0119856	1.53852e-05
-0.0110695	1.39611e-05
-0.0103245	1.27968e-05
-0.0089462	1.08992e-05
-0.00877538	1.05108e-05
-0.00887187	1.04491e-05
-0.00870057	1.00782e-05
-0.00804774	9.16992e-06
-0.0105782	1.18587e-05
-0.0102199	1.1274e-05
-0.00978704	1.06259e-05
-0.0101685	1.08673e-05
-0.0109149	1.14845e-05
-0.0108946	1.12876e-05
-0.0104626	1.06755e-05
0.843596	0
0.518032	0
0.329629	0.164815
0.198769	0.0468503
0.237104	0.034223
0.264465	0.0264465
0.324611	0.0241951
0.355282	0.0207205
0.280229	0.0132396
0.251746	0.00988952
0.273991	0.00913303
0.236015	0.00678496
0.233401	0.00586443
0.191507	0.00425256
0.177385	0.00351413
0.169201	0.00301472
0.171595	0.0027691
0.144658	0.00212732
0.134098	0.00180686
0.12387	0.00153666
0.120561	0.00138293
0.1256	0.00133738
0.113276	0.00112359
0.096818	0.000897464
0.103336	0.000897798
0.09897	0.000808087
0.0882908	0.00067916
0.0767633	0.000557575
0.0790361	0.000543233
0.0660393	0.000430354
0.0609948	0.000377549
0.0674821	0.000397435
0.0690555	0.000387586
0.0616487	0.000330244
0.0639249	0.000327291
0.0667957	0.000327296
0.0792576	0.000372138
0.0646877	0.000291386
0.0638956	0.000276431
0.0704035	0.000292845
0.0569151	0.000227843
0.0522328	0.000201432
0.0446427	0.000166
0.0275836	9.89825e-05
0.0259902	9.00789e-05
0.0319372	0.000106994
0.032854	0.000106469
0.0386825	0.000121349
0.0277732	8.43988e-05
0.0232945	6.86177e-05
0.018839	5.38257e-05
0.0163425	4.53173e-05
0.0260486	7.01449e-05
0.022425	5.86753e-05
0.0125028	3.18036e-05
0.007649	1.89254e-05
0.0155485	3.74385e-05
0.0167478	3.92635e-05
0.00724156	1.65374e-05
0.00962493	2.14206e-05
0.0129276	2.80505e-05
0.00538181	1.139e-05
-0.00365429	7.54651e-06
-0.0075785	1.52773e-05
-0.0139636	2.74882e-05
-0.017955	3.45288e-05
-0.0169117	3.17824e-05
-0.0161092	2.95956e-05
-0.00903438	1.62312e-05
-0.00111131	1.95314e-06
-0.00213606	3.67359e-06
0.00347689	5.85307e-06
0.000821205	1.3536e-06
0.00634395	1.02417e-05
0.00911083	1.441e-05
0.0117476	1.82084e-05
0.0209944	3.18978e-05
0.0223738	3.33306e-05
0.0259299	3.78845e-05
0.0236961	3.39626e-05
0.0264639	3.72178e-05
0.0231575	3.19641e-05
0.0281814	3.81862e-05
0.0255014	3.39296e-05
0.0293664	3.83736e-05
0.0291578	3.7428e-05
0.0298717	3.76749e-05
0.0277183	3.43557e-05
0.028419	3.46231e-05
0.0299632	3.58886e-05
0.0257682	3.03492e-05
0.0246948	2.86051e-05
0.0258989	2.95103e-05
0.0197584	2.21501e-05
0.0249414	2.75139e-05
0.0215283	2.33734e-05
0.020998	2.24411e-05
0.0170122	1.79e-05
0.0179404	1.85874e-05
0.0145484	1.48445e-05
