0	135.702	164.473
1	123.482	146.497
2	110.996	131.373
3	106.74	119.577
4	102.983	109.331
5	97.1162	105.164
6	94.193	99.7537
7	92.2982	96.2194
8	86.9898	93.682
9	86.5922	90.2614
10	81.4896	86.8764
11	78.3091	84.8707
12	77.6806	79.8688
13	76.9974	77.9861
14	74.5817	77.4143
15	72.8973	76.5292
16	70.719	74.2865
17	68.2498	72.0963
18	68.0343	69.9421
19	68.0343	68.2297
20	67.722	68.0426
21	63.9179	67.9115
22	63.6056	66.5294
23	63.6056	63.6758
24	63.6056	63.6056
25	63.6056	63.6056
26	63.6056	63.6056
27	63.6056	63.6056
28	62.0058	63.5898
29	60.8679	62.9757
30	60.8679	61.6387
31	60.8679	60.8679
32	60.6912	60.8675
33	60.6912	60.7994
34	60.6912	60.6912
35	60.0203	60.6889
36	59.8137	60.4466
37	56.4104	59.9143
38	56.4104	59.0685
39	56.4104	56.9952
40	56.4104	56.4104
41	56.3281	56.41
42	55.6859	56.3771
43	55.6036	56.1049
44	55.6036	55.632
45	55.6036	55.6036
46	55.5762	55.6035
47	55.5762	55.5943
48	53.9718	55.5721
49	53.9444	54.9618
50	53.9444	53.9444
51	52.0144	53.9395
52	52.0144	53.3027
53	51.2239	52.0124
54	51.2239	51.7654
55	50.6403	51.2224
56	50.6403	51.0109
57	50.6403	50.6403
58	49.6798	50.6379
59	49.6798	50.2893
60	49.6798	49.6798
61	49.6798	49.6798
62	49.2346	49.6787
63	49.2346	49.5505
64	49.2346	49.2346
65	49.2346	49.2346
66	49.2346	49.2346
67	49.2346	49.2346
68	49.2346	49.2346
69	49.2346	49.2346
70	49.2346	49.2346
71	49.2346	49.2346
72	49.2346	49.2346
73	49.2346	49.2346
74	49.2346	49.2346
75	49.2346	49.2346
76	49.2346	49.2346
77	49.2346	49.2346
78	46.9945	49.229
79	46.9945	48.4102
80	46.9945	46.9945
81	46.9945	46.9945
82	46.9945	46.9945
83	46.9945	46.9945
84	46.9945	46.9945
85	46.9945	46.9945
86	46.9945	46.9945
87	46.9945	46.9945
88	46.9945	46.9945
89	46.9945	46.9945
90	46.9945	46.9945
91	46.9945	46.9945
92	46.9945	46.9945
93	46.9945	46.9945
94	46.9945	46.9945
95	46.9945	46.9945
96	46.9945	46.9945
97	46.9945	46.9945
98	46.9945	46.9945
99	46.9945	46.9945
100	46.9945	46.9945
101	46.9945	46.9945
102	46.9945	46.9945
103	46.9945	46.9945
104	46.9945	46.9945
105	46.9945	46.9945
106	46.9945	46.9945
107	46.9945	46.9945
108	46.9945	46.9945
109	46.9945	46.9945
110	46.9945	46.9945
111	46.9945	46.9945
112	46.9945	46.9945
113	46.9945	46.9945
114	46.9945	46.9945
115	46.9945	46.9945
116	46.9945	46.9945
117	46.9945	46.9945
118	46.9945	46.9945
119	46.9945	46.9945
120	46.9945	46.9945
121	46.9945	46.9945
122	46.9945	46.9945
123	46.9945	46.9945
124	46.9945	46.9945
125	46.9945	46.9945
126	46.9945	46.9945
127	46.9945	46.9945
128	46.9945	46.9945
129	46.9945	46.9945
130	46.9945	46.9945
131	46.9945	46.9945
132	46.9945	46.9945
133	46.9945	46.9945
134	46.9945	46.9945
135	46.9945	46.9945
136	46.9945	46.9945
137	46.9945	46.9945
138	46.9945	46.9945
139	46.9945	46.9945
140	46.9945	46.9945
141	46.9945	46.9945
142	46.9945	46.9945
143	46.9945	46.9945
144	46.9945	46.9945
145	46.9945	46.9945
146	46.9945	46.9945
147	46.9945	46.9945
148	46.9945	46.9945
149	46.9945	46.9945
150	46.9945	46.9945
151	46.9945	46.9945
152	46.9945	46.9945
153	46.9945	46.9945
154	46.9945	46.9945
155	46.9945	46.9945
156	46.9945	46.9945
157	46.9945	46.9945
158	46.9945	46.9945
159	46.9945	46.9945
160	46.9945	46.9945
161	46.9945	46.9945
162	46.9945	46.9945
163	46.9945	46.9945
164	46.9945	46.9945
165	46.9945	46.9945
166	46.9945	46.9945
167	46.9945	46.9945
168	46.9945	46.9945
169	46.9945	46.9945
170	46.9945	46.9945
171	46.9945	46.9945
172	46.9945	46.9945
173	46.9945	46.9945
174	46.9945	46.9945
175	46.9945	46.9945
176	46.9945	46.9945
177	46.9945	46.9945
178	46.9945	46.9945
179	46.9945	46.9945
180	46.9945	46.9945
181	46.9945	46.9945
182	46.9945	46.9945
183	46.9945	46.9945
184	46.9945	46.9945
185	46.9945	46.9945
186	46.9945	46.9945
187	46.9945	46.9945
188	46.9945	46.9945
189	46.9945	46.9945
190	46.9945	46.9945
191	46.9945	46.9945
192	46.9945	46.9945
193	46.9945	46.9945
194	46.9945	46.9945
195	46.9945	46.9945
196	46.9945	46.9945
197	46.9945	46.9945
198	46.9945	46.9945
199	46.9945	46.9945
200	46.9945	46.9945
201	46.9945	46.9945
202	46.9945	46.9945
203	46.9945	46.9945
204	46.9945	46.9945
205	46.9945	46.9945
206	46.9945	46.9945
207	46.9945	46.9945
208	46.9945	46.9945
209	46.9945	46.9945
210	46.9945	46.9945
211	46.9945	46.9945
212	46.9945	46.9945
213	46.9945	46.9945
214	46.9945	46.9945
215	46.9945	46.9945
216	46.9945	46.9945
217	46.9945	46.9945
218	46.9945	46.9945
219	46.9945	46.9945
220	46.9945	46.9945
221	46.9945	46.9945
222	46.9945	46.9945
223	46.9945	46.9945
224	46.9945	46.9945
225	46.9945	46.9945
226	46.9945	46.9945
227	46.9945	46.9945
228	46.9945	46.9945
229	46.9945	46.9945
230	46.9945	46.9945
231	46.9945	46.9945
232	46.9945	46.9945
233	46.9945	46.9945
234	46.9945	46.9945
235	46.9945	46.9945
236	46.9945	46.9945
237	46.9945	46.9945
238	46.9945	46.9945
239	46.9945	46.9945
240	46.9945	46.9945
241	46.9945	46.9945
242	46.9945	46.9945
243	46.9945	46.9945
244	46.9945	46.9945
245	46.9945	46.9945
246	46.9945	46.9945
247	46.9945	46.9945
248	46.9945	46.9945
249	46.9945	46.9945
250	46.9945	46.9945
251	46.9945	46.9945
252	46.9945	46.9945
253	46.9945	46.9945
254	46.9945	46.9945
255	46.9945	46.9945
256	46.9945	46.9945
257	46.9945	46.9945
258	46.9945	46.9945
259	46.9945	46.9945
260	46.9945	46.9945
261	46.9945	46.9945
262	46.9945	46.9945
263	46.9945	46.9945
264	46.9945	46.9945
265	46.9945	46.9945
266	46.9945	46.9945
267	46.9945	46.9945
268	46.9945	46.9945
269	46.9945	46.9945
270	46.9945	46.9945
271	46.9945	46.9945
272	46.9945	46.9945
273	46.9945	46.9945
274	46.9945	46.9945
275	46.9945	46.9945
276	46.9945	46.9945
277	46.9945	46.9945
278	46.9945	46.9945
279	46.9945	46.9945
280	46.9945	46.9945
281	46.9945	46.9945
282	46.9945	46.9945
283	46.9945	46.9945
284	46.9945	46.9945
285	46.9945	46.9945
286	46.9945	46.9945
287	46.9945	46.9945
288	46.9945	46.9945
289	46.9945	46.9945
290	46.9945	46.9945
291	46.9945	46.9945
292	46.9945	46.9945
293	46.9945	46.9945
294	46.9945	46.9945
295	46.9945	46.9945
296	46.9945	46.9945
297	46.9945	46.9945
298	46.9945	46.9945
299	46.9945	46.9945
300	46.9945	46.9945
301	46.9945	46.9945
302	46.9945	46.9945
303	46.9945	46.9945
304	46.9945	46.9945
305	46.9945	46.9945
306	46.9945	46.9945
307	46.9945	46.9945
308	46.9945	46.9945
309	46.9945	46.9945
310	46.9945	46.9945
311	46.9945	46.9945
312	46.9945	46.9945
313	46.9945	46.9945
314	46.9945	46.9945
315	46.9945	46.9945
316	46.9945	46.9945
317	46.9945	46.9945
318	46.9945	46.9945
319	46.9945	46.9945
320	46.9945	46.9945
321	46.9945	46.9945
322	46.9945	46.9945
323	46.9945	46.9945
324	46.9945	46.9945
325	46.9945	46.9945
326	46.9945	46.9945
327	46.9945	46.9945
328	46.9945	46.9945
329	46.9945	46.9945
330	46.9945	46.9945
331	46.9945	46.9945
332	46.9945	46.9945
333	46.9945	46.9945
334	46.9945	46.9945
335	46.9945	46.9945
336	46.9945	46.9945
337	46.9945	46.9945
338	46.9945	46.9945
339	46.9945	46.9945
340	46.9945	46.9945
341	46.9945	46.9945
342	46.9945	46.9945
343	46.9945	46.9945
344	46.9945	46.9945
345	46.9945	46.9945
346	46.9945	46.9945
347	46.9945	46.9945
348	46.9945	46.9945
349	46.9945	46.9945
350	46.9945	46.9945
351	46.9945	46.9945
352	46.9945	46.9945
353	46.9945	46.9945
354	46.9945	46.9945
355	46.9945	46.9945
356	46.9945	46.9945
357	46.9945	46.9945
358	46.9945	46.9945
359	46.9945	46.9945
360	46.9945	46.9945
361	46.9945	46.9945
362	46.9945	46.9945
363	46.9945	46.9945
364	46.9945	46.9945
365	46.9945	46.9945
366	46.9945	46.9945
367	46.9945	46.9945
368	46.9945	46.9945
369	46.9945	46.9945
370	46.9945	46.9945
371	46.9945	46.9945
372	46.9945	46.9945
373	46.9945	46.9945
374	46.9945	46.9945
375	46.9945	46.9945
376	46.9945	46.9945
377	46.9945	46.9945
378	46.9945	46.9945
379	46.9945	46.9945
380	46.9945	46.9945
381	46.9945	46.9945
382	46.9945	46.9945
383	46.9945	46.9945
384	46.9945	46.9945
385	46.9945	46.9945
386	46.9945	46.9945
387	46.9945	46.9945
388	46.9945	46.9945
389	46.9945	46.9945
390	46.9945	46.9945
391	46.9945	46.9945
392	46.9945	46.9945
393	46.9945	46.9945
394	46.9945	46.9945
395	46.9945	46.9945
396	46.9945	46.9945
397	46.9945	46.9945
398	46.9945	46.9945
399	46.9945	46.9945
400	46.9945	46.9945
401	46.9945	46.9945
402	46.9945	46.9945
403	46.9945	46.9945
404	46.9945	46.9945
405	46.9945	46.9945
406	46.9945	46.9945
407	46.9945	46.9945
408	46.9945	46.9945
409	46.9945	46.9945
410	46.9945	46.9945
411	46.9945	46.9945
412	46.9945	46.9945
413	46.9945	46.9945
414	46.9945	46.9945
415	46.9945	46.9945
416	46.9945	46.9945
417	46.9945	46.9945
418	46.9945	46.9945
419	46.9945	46.9945
420	46.9945	46.9945
421	46.9945	46.9945
422	46.9945	46.9945
423	46.9945	46.9945
424	46.9945	46.9945
425	46.9945	46.9945
426	46.9945	46.9945
427	46.9945	46.9945
428	46.9945	46.9945
429	46.9945	46.9945
430	46.9945	46.9945
431	46.9945	46.9945
432	46.9945	46.9945
433	46.9945	46.9945
434	46.9945	46.9945
435	46.9945	46.9945
436	46.9945	46.9945
437	46.9945	46.9945
438	46.9945	46.9945
439	46.9945	46.9945
440	46.9945	46.9945
441	46.9945	46.9945
442	46.9945	46.9945
443	46.9945	46.9945
444	46.9945	46.9945
445	46.9945	46.9945
446	46.9945	46.9945
447	46.9945	46.9945
448	46.9945	46.9945
449	46.9945	46.9945
450	46.9945	46.9945
451	46.9945	46.9945
452	46.9945	46.9945
453	46.9945	46.9945
454	46.9945	46.9945
455	46.9945	46.9945
456	46.9945	46.9945
457	46.9945	46.9945
458	46.9945	46.9945
459	46.9945	46.9945
460	46.9945	46.9945
461	46.9945	46.9945
462	46.9945	46.9945
463	46.9945	46.9945
464	46.9945	46.9945
465	46.9945	46.9945
466	46.9945	46.9945
467	46.9945	46.9945
468	46.9945	46.9945
469	46.9945	46.9945
470	46.9945	46.9945
471	46.9945	46.9945
472	46.9945	46.9945
473	46.9945	46.9945
474	46.9945	46.9945
475	46.9945	46.9945
476	46.9945	46.9945
477	46.9945	46.9945
478	46.9945	46.9945
479	46.9945	46.9945
480	46.9945	46.9945
481	46.9945	46.9945
482	46.9945	46.9945
483	46.9945	46.9945
484	46.9945	46.9945
485	46.9945	46.9945
486	46.9945	46.9945
487	46.9945	46.9945
488	46.9945	46.9945
489	46.9945	46.9945
490	46.9945	46.9945
491	46.9945	46.9945
492	46.9945	46.9945
493	46.9945	46.9945
494	46.9945	46.9945
495	46.9945	46.9945
496	46.9945	46.9945
497	46.9945	46.9945
498	46.9945	46.9945
499	46.9945	46.9945
500	46.9945	46.9945
501	46.9945	46.9945
502	46.9945	46.9945
503	46.9945	46.9945
504	46.9945	46.9945
505	46.9945	46.9945
506	46.9945	46.9945
507	46.9945	46.9945
508	46.9945	46.9945
509	46.9945	46.9945
510	46.9945	46.9945
511	46.9945	46.9945
512	46.9945	46.9945
513	46.9945	46.9945
514	46.9945	46.9945
515	46.9945	46.9945
516	46.9945	46.9945
517	46.9945	46.9945
518	46.9945	46.9945
519	46.9945	46.9945
520	46.9945	46.9945
521	46.9945	46.9945
522	46.9945	46.9945
523	46.9945	46.9945
524	46.9945	46.9945
525	46.9945	46.9945
526	46.9945	46.9945
527	46.9945	46.9945
528	46.9945	46.9945
529	46.9945	46.9945
530	46.9945	46.9945
531	46.9945	46.9945
532	46.9945	46.9945
533	46.9945	46.9945
534	46.9945	46.9945
535	46.9945	46.9945
536	46.9945	46.9945
537	46.9945	46.9945
538	46.9945	46.9945
539	46.9945	46.9945
540	46.9945	46.9945
541	46.9945	46.9945
542	46.9945	46.9945
543	46.9945	46.9945
544	46.9945	46.9945
545	46.9945	46.9945
546	46.9945	46.9945
547	46.9945	46.9945
548	46.9945	46.9945
549	46.9945	46.9945
550	46.9945	46.9945
551	46.9945	46.9945
552	46.9945	46.9945
553	46.9945	46.9945
554	46.9945	46.9945
555	46.9945	46.9945
556	46.9945	46.9945
557	46.9945	46.9945
558	46.9945	46.9945
559	46.9945	46.9945
560	46.9945	46.9945
561	46.9945	46.9945
562	46.9945	46.9945
563	46.9945	46.9945
564	46.9945	46.9945
565	46.9945	46.9945
566	46.9945	46.9945
567	46.9945	46.9945
568	46.9945	46.9945
569	46.9945	46.9945
570	46.9945	46.9945
571	46.9945	46.9945
572	46.9945	46.9945
573	46.9945	46.9945
574	46.9945	46.9945
575	46.9945	46.9945
576	46.9945	46.9945
577	46.9945	46.9945
578	46.9945	46.9945
579	46.9945	46.9945
580	46.9945	46.9945
581	46.9945	46.9945
582	46.9945	46.9945
583	46.9945	46.9945
584	46.9945	46.9945
585	46.9945	46.9945
586	46.9945	46.9945
587	46.9945	46.9945
588	46.9945	46.9945
589	46.9945	46.9945
590	46.9945	46.9945
591	46.9945	46.9945
592	46.9945	46.9945
593	46.9945	46.9945
594	46.9945	46.9945
595	46.9945	46.9945
596	46.9945	46.9945
597	46.9945	46.9945
598	46.9945	46.9945
599	46.9945	46.9945
600	46.9945	46.9945
601	46.9945	46.9945
602	46.9945	46.9945
603	46.9945	46.9945
604	46.9945	46.9945
605	46.9945	46.9945
606	46.9945	46.9945
607	46.9945	46.9945
608	46.9945	46.9945
609	46.9945	46.9945
610	46.9945	46.9945
611	46.9945	46.9945
612	46.9945	46.9945
613	46.9945	46.9945
614	46.9945	46.9945
615	46.9945	46.9945
616	46.9945	46.9945
617	46.9945	46.9945
618	46.9945	46.9945
619	46.9945	46.9945
620	46.9945	46.9945
621	46.9945	46.9945
622	46.9945	46.9945
623	46.9945	46.9945
624	46.9945	46.9945
625	46.9945	46.9945
626	46.9945	46.9945
627	46.9945	46.9945
628	46.9945	46.9945
629	46.9945	46.9945
630	46.9945	46.9945
631	46.9945	46.9945
632	46.9945	46.9945
633	46.9945	46.9945
634	46.9945	46.9945
635	46.9945	46.9945
636	46.9945	46.9945
637	46.9945	46.9945
638	46.9945	46.9945
639	46.9945	46.9945
640	46.9945	46.9945
641	46.9945	46.9945
642	46.9945	46.9945
643	46.9945	46.9945
644	46.9945	46.9945
645	46.9945	46.9945
646	46.9945	46.9945
647	46.9945	46.9945
648	46.9945	46.9945
649	46.9945	46.9945
650	46.9945	46.9945
651	46.9945	46.9945
652	46.9945	46.9945
653	46.9945	46.9945
654	46.9945	46.9945
655	46.9945	46.9945
656	46.9945	46.9945
657	46.9945	46.9945
658	46.9945	46.9945
659	46.9945	46.9945
660	46.9945	46.9945
661	46.9945	46.9945
662	46.9945	46.9945
663	46.9945	46.9945
664	46.9945	46.9945
665	46.9945	46.9945
666	46.9945	46.9945
667	46.9945	46.9945
668	46.9945	46.9945
669	46.9945	46.9945
670	46.9945	46.9945
671	46.9945	46.9945
672	46.9945	46.9945
673	46.9945	46.9945
674	46.9945	46.9945
675	46.9945	46.9945
676	46.9945	46.9945
677	46.9945	46.9945
678	46.9945	46.9945
679	46.9945	46.9945
680	46.9945	46.9945
681	46.9945	46.9945
682	46.9945	46.9945
683	46.9945	46.9945
684	46.9945	46.9945
685	46.9945	46.9945
686	46.9945	46.9945
687	46.9945	46.9945
688	46.9945	46.9945
689	46.9945	46.9945
690	46.9945	46.9945
691	46.9945	46.9945
692	46.9945	46.9945
693	46.9945	46.9945
694	46.9945	46.9945
695	46.9945	46.9945
696	46.9945	46.9945
697	46.9945	46.9945
698	46.9945	46.9945
699	46.9945	46.9945
700	46.9945	46.9945
701	46.9945	46.9945
702	46.9945	46.9945
703	46.9945	46.9945
704	46.9945	46.9945
705	46.9945	46.9945
706	46.9945	46.9945
707	46.9945	46.9945
708	46.9945	46.9945
709	46.9945	46.9945
710	46.9945	46.9945
711	46.9945	46.9945
712	46.9945	46.9945
713	46.9945	46.9945
714	46.9945	46.9945
715	46.9945	46.9945
716	46.9945	46.9945
717	46.9945	46.9945
718	46.9945	46.9945
719	46.9945	46.9945
720	46.9945	46.9945
721	46.9945	46.9945
722	46.9945	46.9945
723	46.9945	46.9945
724	46.9945	46.9945
725	46.9945	46.9945
726	46.9945	46.9945
727	46.9945	46.9945
728	46.9945	46.9945
729	46.9945	46.9945
730	46.9945	46.9945
731	46.9945	46.9945
732	46.9945	46.9945
733	46.9945	46.9945
734	46.9945	46.9945
735	46.9945	46.9945
736	46.9945	46.9945
737	46.9945	46.9945
738	46.9945	46.9945
739	46.9945	46.9945
740	46.9945	46.9945
741	46.9945	46.9945
742	46.9945	46.9945
743	46.9945	46.9945
744	46.9945	46.9945
745	46.9945	46.9945
746	46.9945	46.9945
747	46.9945	46.9945
748	46.9945	46.9945
749	46.9945	46.9945
750	46.9945	46.9945
751	46.9945	46.9945
752	46.9945	46.9945
753	46.9945	46.9945
754	46.9945	46.9945
755	46.9945	46.9945
756	46.9945	46.9945
757	46.9945	46.9945
758	46.9945	46.9945
759	46.9945	46.9945
760	46.9945	46.9945
761	46.9945	46.9945
762	46.9945	46.9945
763	46.9945	46.9945
764	46.9945	46.9945
765	46.9945	46.9945
766	46.9945	46.9945
767	46.9945	46.9945
768	46.9945	46.9945
769	46.9945	46.9945
770	46.9945	46.9945
771	46.9945	46.9945
772	46.9945	46.9945
773	46.9945	46.9945
774	46.9945	46.9945
775	46.9945	46.9945
776	46.9945	46.9945
777	46.9945	46.9945
778	46.9945	46.9945
779	46.9945	46.9945
780	46.9945	46.9945
781	46.9945	46.9945
782	46.9945	46.9945
783	46.9945	46.9945
784	46.9945	46.9945
785	46.9945	46.9945
786	46.9945	46.9945
787	46.9945	46.9945
788	46.9945	46.9945
789	46.9945	46.9945
790	46.9945	46.9945
791	46.9945	46.9945
792	46.9945	46.9945
793	46.9945	46.9945
794	46.9945	46.9945
795	46.9945	46.9945
796	46.9945	46.9945
797	46.9945	46.9945
798	46.9945	46.9945
799	46.9945	46.9945
800	46.9945	46.9945
801	46.9945	46.9945
802	46.9945	46.9945
803	46.9945	46.9945
804	46.9945	46.9945
805	46.9945	46.9945
806	46.9945	46.9945
807	46.9945	46.9945
808	46.9945	46.9945
809	46.9945	46.9945
810	46.9945	46.9945
811	46.9945	46.9945
812	46.9945	46.9945
813	46.9945	46.9945
814	46.9945	46.9945
815	46.9945	46.9945
816	46.9945	46.9945
817	46.9945	46.9945
818	46.9945	46.9945
819	46.9945	46.9945
820	46.9945	46.9945
821	46.9945	46.9945
822	46.9945	46.9945
823	46.9945	46.9945
824	46.9945	46.9945
825	46.9945	46.9945
826	46.9945	46.9945
827	46.9945	46.9945
828	46.9945	46.9945
829	46.9945	46.9945
830	46.9945	46.9945
831	46.9945	46.9945
832	46.9945	46.9945
833	46.9945	46.9945
834	46.9945	46.9945
835	46.9945	46.9945
836	46.9945	46.9945
837	46.9945	46.9945
838	46.9945	46.9945
839	46.9945	46.9945
840	46.9945	46.9945
841	46.9945	46.9945
842	46.9945	46.9945
843	46.9945	46.9945
844	46.9945	46.9945
845	46.9945	46.9945
846	46.9945	46.9945
847	46.9945	46.9945
848	46.9945	46.9945
849	46.9945	46.9945
850	46.9945	46.9945
851	46.9945	46.9945
852	46.9945	46.9945
853	46.9945	46.9945
854	46.9945	46.9945
855	46.9945	46.9945
856	46.9945	46.9945
857	46.9945	46.9945
858	46.9945	46.9945
859	46.9945	46.9945
860	46.9945	46.9945
861	46.9945	46.9945
862	46.9945	46.9945
863	46.9945	46.9945
864	46.9945	46.9945
865	46.9945	46.9945
866	46.9945	46.9945
867	46.9945	46.9945
868	46.9945	46.9945
869	46.9945	46.9945
870	46.9945	46.9945
871	46.9945	46.9945
872	46.9945	46.9945
873	46.9945	46.9945
874	46.9945	46.9945
875	46.9945	46.9945
876	46.9945	46.9945
877	46.9945	46.9945
878	46.9945	46.9945
879	46.9945	46.9945
880	46.9945	46.9945
881	46.9945	46.9945
882	46.9945	46.9945
883	46.9945	46.9945
884	46.9945	46.9945
885	46.9945	46.9945
886	46.9945	46.9945
887	46.9945	46.9945
888	46.9945	46.9945
889	46.9945	46.9945
890	46.9945	46.9945
891	46.9945	46.9945
892	46.9945	46.9945
893	46.9945	46.9945
894	46.9945	46.9945
895	46.9945	46.9945
896	46.9945	46.9945
897	46.9945	46.9945
898	46.9945	46.9945
899	46.9945	46.9945
900	46.9945	46.9945
901	46.9945	46.9945
902	46.9945	46.9945
903	46.9945	46.9945
904	46.9945	46.9945
905	46.9945	46.9945
906	46.9945	46.9945
907	46.9945	46.9945
908	46.9945	46.9945
909	46.9945	46.9945
910	46.9945	46.9945
911	46.9945	46.9945
912	46.9945	46.9945
913	46.9945	46.9945
914	46.9945	46.9945
915	46.9945	46.9945
916	46.9945	46.9945
917	46.9945	46.9945
918	46.9945	46.9945
919	46.9945	46.9945
920	46.9945	46.9945
921	46.9945	46.9945
922	46.9945	46.9945
923	46.9945	46.9945
924	46.9945	46.9945
925	46.9945	46.9945
926	46.9945	46.9945
927	46.9945	46.9945
928	46.9945	46.9945
929	46.9945	46.9945
930	46.9945	46.9945
931	46.9945	46.9945
932	46.9945	46.9945
933	46.9945	46.9945
934	46.9945	46.9945
935	46.9945	46.9945
936	46.9945	46.9945
937	46.9945	46.9945
938	46.9945	46.9945
939	46.9945	46.9945
940	46.9945	46.9945
941	46.9945	46.9945
942	46.9945	46.9945
943	46.9945	46.9945
944	46.9945	46.9945
945	46.9945	46.9945
946	46.9945	46.9945
947	46.9945	46.9945
948	46.9945	46.9945
949	46.9945	46.9945
950	46.9945	46.9945
951	46.9945	46.9945
952	46.9945	46.9945
953	46.9945	46.9945
954	46.9945	46.9945
955	46.9945	46.9945
956	46.9945	46.9945
957	46.9945	46.9945
958	46.9945	46.9945
959	46.9945	46.9945
960	46.9945	46.9945
961	46.9945	46.9945
962	46.9945	46.9945
963	46.9945	46.9945
964	46.9945	46.9945
965	46.9945	46.9945
966	46.9945	46.9945
967	46.9945	46.9945
968	46.9945	46.9945
969	46.9945	46.9945
970	46.9945	46.9945
971	46.9945	46.9945
972	46.9945	46.9945
973	46.9945	46.9945
974	46.9945	46.9945
975	46.9945	46.9945
976	46.9945	46.9945
977	46.9945	46.9945
978	46.9945	46.9945
979	46.9945	46.9945
980	46.9945	46.9945
981	46.9945	46.9945
982	46.9945	46.9945
983	46.9945	46.9945
984	46.9945	46.9945
985	46.9945	46.9945
986	46.9945	46.9945
987	46.9945	46.9945
988	46.9945	46.9945
989	46.9945	46.9945
990	46.9945	46.9945
991	46.9945	46.9945
992	46.9945	46.9945
993	46.9945	46.9945
994	46.9945	46.9945
995	46.9945	46.9945
996	46.9945	46.9945
997	46.9945	46.9945
998	46.9945	46.9945
999	46.9945	46.9945
1000	46.9945	46.9945
1001	46.9945	46.9945
1002	46.9945	46.9945
1003	46.9945	46.9945
1004	46.9945	46.9945
1005	46.9945	46.9945
1006	46.9945	46.9945
1007	46.9945	46.9945
1008	46.9945	46.9945
1009	46.9945	46.9945
1010	46.9945	46.9945
1011	46.9945	46.9945
1012	46.9945	46.9945
1013	46.9945	46.9945
1014	46.9945	46.9945
1015	46.9945	46.9945
1016	46.9945	46.9945
1017	46.9945	46.9945
1018	46.9945	46.9945
1019	46.9945	46.9945
1020	46.9945	46.9945
1021	46.9945	46.9945
1022	46.9945	46.9945
1023	46.9945	46.9945
1024	46.9945	46.9945
1025	46.9945	46.9945
1026	46.9945	46.9945
1027	46.9945	46.9945
1028	46.9945	46.9945
1029	46.9945	46.9945
1030	46.9945	46.9945
1031	46.9945	46.9945
1032	46.9945	46.9945
1033	46.9945	46.9945
1034	46.9945	46.9945
1035	46.9945	46.9945
1036	46.9945	46.9945
1037	46.9945	46.9945
1038	46.9945	46.9945
1039	46.9945	46.9945
1040	46.9945	46.9945
1041	46.9945	46.9945
1042	46.9945	46.9945
1043	46.9945	46.9945
1044	46.9945	46.9945
1045	46.9945	46.9945
1046	46.9945	46.9945
1047	46.9945	46.9945
1048	46.9945	46.9945
1049	46.9945	46.9945
1050	46.9945	46.9945
1051	46.9945	46.9945
1052	46.9945	46.9945
1053	46.9945	46.9945
1054	46.9945	46.9945
1055	46.9945	46.9945
1056	46.9945	46.9945
1057	46.9945	46.9945
1058	46.9945	46.9945
1059	46.9945	46.9945
1060	46.9945	46.9945
1061	46.9945	46.9945
1062	46.9945	46.9945
1063	46.9945	46.9945
1064	46.9945	46.9945
1065	46.9945	46.9945
1066	46.9945	46.9945
1067	46.9945	46.9945
1068	46.9945	46.9945
1069	46.9945	46.9945
1070	46.9945	46.9945
1071	46.9945	46.9945
1072	46.9945	46.9945
1073	46.9945	46.9945
1074	46.9945	46.9945
1075	46.9945	46.9945
1076	46.9945	46.9945
1077	46.9945	46.9945
1078	46.9945	46.9945
1079	46.9945	46.9945
1080	46.9945	46.9945
1081	46.9945	46.9945
1082	46.9945	46.9945
1083	46.9945	46.9945
1084	46.9945	46.9945
1085	46.9945	46.9945
1086	46.9945	46.9945
1087	46.9945	46.9945
1088	46.9945	46.9945
1089	46.9945	46.9945
1090	46.9945	46.9945
1091	46.9945	46.9945
1092	46.9945	46.9945
1093	46.9945	46.9945
1094	46.9945	46.9945
1095	46.9945	46.9945
1096	46.9945	46.9945
1097	46.9945	46.9945
1098	46.9945	46.9945
1099	46.9945	46.9945
1100	46.9945	46.9945
1101	46.9945	46.9945
1102	46.9945	46.9945
1103	46.9945	46.9945
1104	46.9945	46.9945
1105	46.9945	46.9945
1106	46.9945	46.9945
1107	46.9945	46.9945
1108	46.9945	46.9945
1109	46.9945	46.9945
1110	46.9945	46.9945
1111	46.9945	46.9945
1112	46.9945	46.9945
1113	46.9945	46.9945
1114	46.9945	46.9945
1115	46.9945	46.9945
1116	46.9945	46.9945
1117	46.9945	46.9945
1118	46.9945	46.9945
1119	46.9945	46.9945
1120	46.9945	46.9945
1121	46.9945	46.9945
1122	46.9945	46.9945
1123	46.9945	46.9945
1124	46.9945	46.9945
1125	46.9945	46.9945
1126	46.9945	46.9945
1127	46.9945	46.9945
1128	46.9945	46.9945
1129	46.9945	46.9945
1130	46.9945	46.9945
1131	46.9945	46.9945
1132	46.9945	46.9945
1133	46.9945	46.9945
1134	46.9945	46.9945
1135	46.9945	46.9945
1136	46.9945	46.9945
1137	46.9945	46.9945
1138	46.9945	46.9945
1139	46.9945	46.9945
1140	46.9945	46.9945
1141	46.9945	46.9945
1142	46.9945	46.9945
1143	46.9945	46.9945
1144	46.9945	46.9945
1145	46.9945	46.9945
1146	46.9945	46.9945
1147	46.9945	46.9945
1148	46.9945	46.9945
1149	46.9945	46.9945
1150	46.9945	46.9945
1151	46.9945	46.9945
1152	46.9945	46.9945
1153	46.9945	46.9945
1154	46.9945	46.9945
1155	46.9945	46.9945
1156	46.9945	46.9945
1157	46.9945	46.9945
1158	46.9945	46.9945
1159	46.9945	46.9945
1160	46.9945	46.9945
1161	46.9945	46.9945
1162	46.9945	46.9945
1163	46.9945	46.9945
1164	46.9945	46.9945
1165	46.9945	46.9945
1166	46.9945	46.9945
1167	46.9945	46.9945
1168	46.9945	46.9945
1169	46.9945	46.9945
1170	46.9945	46.9945
1171	46.9945	46.9945
1172	46.9945	46.9945
1173	46.9945	46.9945
1174	46.9945	46.9945
1175	46.9945	46.9945
1176	46.9945	46.9945
1177	46.9945	46.9945
1178	46.9945	46.9945
1179	46.9945	46.9945
1180	46.9945	46.9945
1181	46.9945	46.9945
1182	46.9945	46.9945
1183	46.9945	46.9945
1184	46.9945	46.9945
1185	46.9945	46.9945
1186	46.9945	46.9945
1187	46.9945	46.9945
1188	46.9945	46.9945
1189	46.9945	46.9945
1190	46.9945	46.9945
1191	46.9945	46.9945
1192	46.9945	46.9945
1193	46.9945	46.9945
1194	46.9945	46.9945
1195	46.9945	46.9945
1196	46.9945	46.9945
1197	46.9945	46.9945
1198	46.9945	46.9945
1199	46.9945	46.9945
1200	46.9945	46.9945
1201	46.9945	46.9945
1202	46.9945	46.9945
1203	46.9945	46.9945
1204	46.9945	46.9945
1205	46.9945	46.9945
1206	46.9945	46.9945
1207	46.9945	46.9945
1208	46.9945	46.9945
1209	46.9945	46.9945
1210	46.9945	46.9945
1211	46.9945	46.9945
1212	46.9945	46.9945
1213	46.9945	46.9945
1214	46.9945	46.9945
1215	46.9945	46.9945
1216	46.9945	46.9945
1217	46.9945	46.9945
1218	46.9945	46.9945
1219	46.9945	46.9945
1220	46.9945	46.9945
1221	46.9945	46.9945
1222	46.9945	46.9945
1223	46.9945	46.9945
1224	46.9945	46.9945
1225	46.9945	46.9945
1226	46.9945	46.9945
1227	46.9945	46.9945
1228	46.9945	46.9945
1229	46.9945	46.9945
1230	46.9945	46.9945
1231	46.9945	46.9945
1232	46.9945	46.9945
1233	46.9945	46.9945
1234	46.9945	46.9945
1235	46.9945	46.9945
1236	46.9945	46.9945
1237	46.9945	46.9945
1238	46.9945	46.9945
1239	46.9945	46.9945
1240	46.9945	46.9945
1241	46.9945	46.9945
1242	46.9945	46.9945
1243	46.9945	46.9945
1244	46.9945	46.9945
1245	46.9945	46.9945
1246	46.9945	46.9945
1247	46.9945	46.9945
1248	46.9945	46.9945
1249	46.9945	46.9945
1250	46.9945	46.9945
1251	46.9945	46.9945
1252	46.9945	46.9945
1253	46.9945	46.9945
1254	46.9945	46.9945
1255	46.9945	46.9945
1256	46.9945	46.9945
1257	46.9945	46.9945
1258	46.9945	46.9945
1259	46.9945	46.9945
1260	46.9945	46.9945
1261	46.9945	46.9945
1262	46.9945	46.9945
1263	46.9945	46.9945
1264	46.9945	46.9945
1265	46.9945	46.9945
1266	46.9945	46.9945
1267	46.9945	46.9945
1268	46.9945	46.9945
1269	46.9945	46.9945
1270	46.9945	46.9945
1271	46.9945	46.9945
1272	46.9945	46.9945
1273	46.9945	46.9945
1274	46.9945	46.9945
1275	46.9945	46.9945
1276	46.9945	46.9945
1277	46.9945	46.9945
1278	46.9945	46.9945
1279	46.9945	46.9945
1280	46.9945	46.9945
1281	46.9945	46.9945
1282	46.9945	46.9945
1283	46.9945	46.9945
1284	46.9945	46.9945
1285	46.9945	46.9945
1286	46.9945	46.9945
1287	46.9945	46.9945
1288	46.9945	46.9945
1289	46.9945	46.9945
1290	46.9945	46.9945
1291	46.9945	46.9945
1292	46.9945	46.9945
1293	46.9945	46.9945
1294	46.9945	46.9945
1295	46.9945	46.9945
1296	46.9945	46.9945
1297	46.9945	46.9945
1298	46.9945	46.9945
1299	46.9945	46.9945
1300	46.9945	46.9945
1301	46.9945	46.9945
1302	46.9945	46.9945
1303	46.9945	46.9945
1304	46.9945	46.9945
1305	46.9945	46.9945
1306	46.9945	46.9945
1307	46.9945	46.9945
1308	46.9945	46.9945
1309	46.9945	46.9945
1310	46.9945	46.9945
1311	46.9945	46.9945
1312	46.9945	46.9945
1313	46.9945	46.9945
1314	46.9945	46.9945
1315	46.9945	46.9945
1316	46.9945	46.9945
1317	46.9945	46.9945
1318	46.9945	46.9945
1319	46.9945	46.9945
1320	46.9945	46.9945
1321	46.9945	46.9945
1322	46.9945	46.9945
1323	46.9945	46.9945
1324	46.9945	46.9945
1325	46.9945	46.9945
1326	46.9945	46.9945
1327	46.9945	46.9945
1328	46.9945	46.9945
1329	46.9945	46.9945
1330	46.9945	46.9945
1331	46.9945	46.9945
1332	46.9945	46.9945
1333	46.9945	46.9945
1334	46.9945	46.9945
1335	46.9945	46.9945
1336	46.9945	46.9945
1337	46.9945	46.9945
1338	46.9945	46.9945
1339	46.9945	46.9945
1340	46.9945	46.9945
1341	46.9945	46.9945
1342	46.9945	46.9945
1343	46.9945	46.9945
1344	46.9945	46.9945
1345	46.9945	46.9945
1346	46.9945	46.9945
1347	46.9945	46.9945
1348	46.9945	46.9945
1349	46.9945	46.9945
1350	46.9945	46.9945
1351	46.9945	46.9945
1352	46.9945	46.9945
1353	46.9945	46.9945
1354	46.9945	46.9945
1355	46.9945	46.9945
1356	46.9945	46.9945
1357	46.9945	46.9945
1358	46.9945	46.9945
1359	46.9945	46.9945
1360	46.9945	46.9945
1361	46.9945	46.9945
1362	46.9945	46.9945
1363	46.9945	46.9945
1364	46.9945	46.9945
1365	46.9945	46.9945
1366	46.9945	46.9945
1367	46.9945	46.9945
1368	46.9945	46.9945
1369	46.9945	46.9945
1370	46.9945	46.9945
1371	46.9945	46.9945
1372	46.9945	46.9945
1373	46.9945	46.9945
1374	46.9945	46.9945
1375	46.9945	46.9945
1376	46.9945	46.9945
1377	46.9945	46.9945
1378	46.9945	46.9945
1379	46.9945	46.9945
1380	46.9945	46.9945
1381	46.9945	46.9945
1382	46.9945	46.9945
1383	46.9945	46.9945
1384	46.9945	46.9945
1385	46.9945	46.9945
1386	46.9945	46.9945
1387	46.9945	46.9945
1388	46.9945	46.9945
1389	46.9945	46.9945
1390	46.9945	46.9945
1391	46.9945	46.9945
1392	46.9945	46.9945
1393	46.9945	46.9945
1394	46.9945	46.9945
1395	46.9945	46.9945
1396	46.9945	46.9945
1397	46.9945	46.9945
1398	46.9945	46.9945
1399	46.9945	46.9945
1400	46.9945	46.9945
1401	46.9945	46.9945
1402	46.9945	46.9945
1403	46.9945	46.9945
1404	46.9945	46.9945
1405	46.9945	46.9945
1406	46.9945	46.9945
1407	46.9945	46.9945
1408	46.9945	46.9945
1409	46.9945	46.9945
1410	46.9945	46.9945
1411	46.9945	46.9945
1412	46.9945	46.9945
1413	46.9945	46.9945
1414	46.9945	46.9945
1415	46.9945	46.9945
1416	46.9945	46.9945
1417	46.9945	46.9945
1418	46.9945	46.9945
1419	46.9945	46.9945
1420	46.9945	46.9945
1421	46.9945	46.9945
1422	46.9945	46.9945
1423	46.9945	46.9945
1424	46.9945	46.9945
1425	46.9945	46.9945
1426	46.9945	46.9945
1427	46.9945	46.9945
1428	46.9945	46.9945
1429	46.9945	46.9945
1430	46.9945	46.9945
1431	46.9945	46.9945
1432	46.9945	46.9945
1433	46.9945	46.9945
1434	46.9945	46.9945
1435	46.9945	46.9945
1436	46.9945	46.9945
1437	46.9945	46.9945
1438	46.9945	46.9945
1439	46.9945	46.9945
1440	46.9945	46.9945
1441	46.9945	46.9945
1442	46.9945	46.9945
1443	46.9945	46.9945
1444	46.9945	46.9945
1445	46.9945	46.9945
1446	46.9945	46.9945
1447	46.9945	46.9945
1448	46.9945	46.9945
1449	46.9945	46.9945
1450	46.9945	46.9945
1451	46.9945	46.9945
1452	46.9945	46.9945
1453	46.9945	46.9945
1454	46.9945	46.9945
1455	46.9945	46.9945
1456	46.9945	46.9945
1457	46.9945	46.9945
1458	46.9945	46.9945
1459	46.9945	46.9945
1460	46.9945	46.9945
1461	46.9945	46.9945
1462	46.9945	46.9945
1463	46.9945	46.9945
1464	46.9945	46.9945
1465	46.9945	46.9945
1466	46.9945	46.9945
1467	46.9945	46.9945
1468	46.9945	46.9945
1469	46.9945	46.9945
1470	46.9945	46.9945
1471	46.9945	46.9945
1472	46.9945	46.9945
1473	46.9945	46.9945
1474	46.9945	46.9945
1475	46.9945	46.9945
1476	46.9945	46.9945
1477	46.9945	46.9945
1478	46.9945	46.9945
1479	46.9945	46.9945
1480	46.9945	46.9945
1481	46.9945	46.9945
1482	46.9945	46.9945
1483	46.9945	46.9945
1484	46.9945	46.9945
1485	46.9945	46.9945
1486	46.9945	46.9945
1487	46.9945	46.9945
1488	46.9945	46.9945
1489	46.9945	46.9945
1490	46.9945	46.9945
1491	46.9945	46.9945
1492	46.9945	46.9945
1493	46.9945	46.9945
1494	46.9945	46.9945
1495	46.9945	46.9945
1496	46.9945	46.9945
1497	46.9945	46.9945
1498	46.9945	46.9945
1499	46.9945	46.9945
1500	46.9945	46.9945
0	135.702	164.473
1	124.675	146.888
2	114.208	132.362
3	102.773	119.172
4	97.5807	108.938
5	87.0503	100.733
6	86.4994	95.2601
7	85.0551	88.5761
8	84.6039	85.833
9	81.9954	84.9152
10	80.6202	83.7618
11	78.1657	81.4535
12	76.0767	80.3577
13	75.4123	78.0525
14	73.3108	75.9326
15	70.2266	74.7573
16	69.3654	72.4267
17	69.3654	70.4526
18	69.3654	69.4189
19	66.6235	69.3555
20	65.974	68.3865
21	65.6937	66.4121
22	64.9695	65.8479
23	64.8497	65.4331
24	64.8452	64.9428
25	64.7589	64.8655
26	64.7589	64.8267
27	64.7589	64.7809
28	64.0596	64.755
29	63.4986	64.4944
30	61.1002	63.7921
31	60.0306	62.2433
32	57.9293	60.3673
33	57.7648	59.4049
34	57.7648	58.3627
35	57.7648	57.7772
36	57.7648	57.7648
37	57.7648	57.7648
38	57.2808	57.7601
39	56.9105	57.5305
40	56.8868	57.1768
41	54.3368	56.8354
42	53.9665	55.4191
43	53.9665	54.1435
44	53.4373	53.9649
45	53.3222	53.7922
46	53.3222	53.3942
47	51.8294	53.318
48	51.652	52.8945
49	51.3816	51.8652
50	51.2042	51.6059
51	51.2042	51.2834
52	51.2042	51.2042
53	51.2042	51.2042
54	51.2042	51.2042
55	51.2042	51.2042
56	51.2042	51.2042
57	51.2042	51.2042
58	51.0839	51.2039
59	50.4011	51.1742
60	50.4011	50.9326
61	50.4011	50.457
62	50.4011	50.4011
63	50.2808	50.4008
64	50.2808	50.3807
65	50.2808	50.3016
66	50.2808	50.2808
67	50.2808	50.2808
68	50.2808	50.2808
69	50.2808	50.2808
70	50.2808	50.2808
71	48.0541	50.2752
72	48.0541	49.7318
73	48.0541	48.2729
74	48.0541	48.0541
75	48.0541	48.0541
76	48.0541	48.0541
77	48.0541	48.0541
78	48.0541	48.0541
79	48.0541	48.0541
80	48.0541	48.0541
81	48.0541	48.0541
82	48.0541	48.0541
83	48.0541	48.0541
84	48.0541	48.0541
85	48.0541	48.0541
86	48.0541	48.0541
87	48.0541	48.0541
88	48.0541	48.0541
89	48.0541	48.0541
90	48.0541	48.0541
91	48.0541	48.0541
92	48.0541	48.0541
93	48.0541	48.0541
94	48.0541	48.0541
95	47.4323	48.0525
96	47.4323	47.8878
97	47.4323	47.482
98	47.4323	47.4323
99	47.4323	47.4323
100	47.4323	47.4323
101	47.4323	47.4323
102	47.4323	47.4323
103	47.4323	47.4323
104	47.4323	47.4323
105	47.4323	47.4323
106	47.4323	47.4323
107	47.4323	47.4323
108	47.4323	47.4323
109	47.4323	47.4323
110	47.4323	47.4323
111	47.4323	47.4323
112	47.4323	47.4323
113	47.4323	47.4323
114	47.4323	47.4323
115	47.4323	47.4323
116	47.4323	47.4323
117	47.4323	47.4323
118	47.4323	47.4323
119	47.4323	47.4323
120	47.4323	47.4323
121	47.4323	47.4323
122	47.4323	47.4323
123	47.4323	47.4323
124	47.4323	47.4323
125	47.4323	47.4323
126	47.4323	47.4323
127	47.4323	47.4323
128	47.4323	47.4323
129	47.4323	47.4323
130	47.4323	47.4323
131	47.4323	47.4323
132	47.4323	47.4323
133	47.4323	47.4323
134	47.4323	47.4323
135	47.4323	47.4323
136	47.4323	47.4323
137	47.4323	47.4323
138	47.4323	47.4323
139	47.4323	47.4323
140	47.4323	47.4323
141	47.4323	47.4323
142	47.4323	47.4323
143	47.4323	47.4323
144	47.4323	47.4323
145	47.4323	47.4323
146	47.4323	47.4323
147	47.4323	47.4323
148	47.4323	47.4323
149	47.4323	47.4323
150	47.4323	47.4323
151	47.4323	47.4323
152	47.4323	47.4323
153	47.4323	47.4323
154	47.4323	47.4323
155	47.4323	47.4323
156	47.4323	47.4323
157	47.4323	47.4323
158	47.4323	47.4323
159	47.4323	47.4323
160	47.4323	47.4323
161	47.4323	47.4323
162	47.4323	47.4323
163	47.4323	47.4323
164	47.4323	47.4323
165	47.4323	47.4323
166	47.4323	47.4323
167	47.4323	47.4323
168	47.4323	47.4323
169	47.4323	47.4323
170	47.4323	47.4323
171	47.4323	47.4323
172	47.4323	47.4323
173	47.4323	47.4323
174	47.4323	47.4323
175	47.4323	47.4323
176	47.4323	47.4323
177	47.4323	47.4323
178	47.4323	47.4323
179	47.4323	47.4323
180	47.4323	47.4323
181	47.4323	47.4323
182	47.4323	47.4323
183	47.4323	47.4323
184	47.4323	47.4323
185	47.4323	47.4323
186	47.4323	47.4323
187	47.4323	47.4323
188	47.4323	47.4323
189	47.4323	47.4323
190	47.4323	47.4323
191	47.4323	47.4323
192	47.4323	47.4323
193	47.4323	47.4323
194	47.4323	47.4323
195	47.4323	47.4323
196	47.4323	47.4323
197	47.4323	47.4323
198	47.4323	47.4323
199	47.4323	47.4323
200	47.4323	47.4323
201	47.4323	47.4323
202	47.4323	47.4323
203	47.4323	47.4323
204	47.4323	47.4323
205	47.4323	47.4323
206	47.4323	47.4323
207	47.4323	47.4323
208	47.4323	47.4323
209	47.4323	47.4323
210	47.4323	47.4323
211	47.4323	47.4323
212	47.4323	47.4323
213	47.4323	47.4323
214	47.4323	47.4323
215	47.4323	47.4323
216	47.4323	47.4323
217	47.4323	47.4323
218	47.4323	47.4323
219	47.4323	47.4323
220	47.4323	47.4323
221	47.4323	47.4323
222	47.4323	47.4323
223	47.4323	47.4323
224	47.4323	47.4323
225	47.4323	47.4323
226	47.4323	47.4323
227	47.4323	47.4323
228	47.4323	47.4323
229	47.4323	47.4323
230	47.4323	47.4323
231	47.4323	47.4323
232	47.4323	47.4323
233	47.4323	47.4323
234	47.4323	47.4323
235	47.4323	47.4323
236	47.4323	47.4323
237	47.4323	47.4323
238	47.4323	47.4323
239	47.4323	47.4323
240	47.4323	47.4323
241	47.4323	47.4323
242	47.4323	47.4323
243	47.4323	47.4323
244	47.4323	47.4323
245	47.4323	47.4323
246	47.4323	47.4323
247	47.4323	47.4323
248	47.4323	47.4323
249	47.4323	47.4323
250	47.4323	47.4323
251	47.4323	47.4323
252	47.4323	47.4323
253	47.4323	47.4323
254	47.4323	47.4323
255	47.4323	47.4323
256	47.4323	47.4323
257	47.4323	47.4323
258	47.4323	47.4323
259	47.4323	47.4323
260	47.4323	47.4323
261	47.4323	47.4323
262	47.4323	47.4323
263	47.4323	47.4323
264	47.4323	47.4323
265	47.4323	47.4323
266	47.4323	47.4323
267	47.4323	47.4323
268	47.4323	47.4323
269	47.4323	47.4323
270	47.4323	47.4323
271	47.4323	47.4323
272	47.4323	47.4323
273	47.4323	47.4323
274	47.4323	47.4323
275	47.4323	47.4323
276	47.4323	47.4323
277	47.4323	47.4323
278	47.4323	47.4323
279	47.4323	47.4323
280	47.4323	47.4323
281	47.4323	47.4323
282	47.4323	47.4323
283	47.4323	47.4323
284	47.4323	47.4323
285	47.4323	47.4323
286	47.4323	47.4323
287	47.4323	47.4323
288	47.4323	47.4323
289	47.4323	47.4323
290	47.4323	47.4323
291	47.4323	47.4323
292	47.4323	47.4323
293	47.4323	47.4323
294	47.4323	47.4323
295	47.4323	47.4323
296	47.4323	47.4323
297	47.4323	47.4323
298	47.4323	47.4323
299	47.4323	47.4323
300	47.4323	47.4323
301	47.4323	47.4323
302	47.4323	47.4323
303	47.4323	47.4323
304	47.4323	47.4323
305	47.4323	47.4323
306	47.4323	47.4323
307	47.4323	47.4323
308	47.4323	47.4323
309	47.4323	47.4323
310	47.4323	47.4323
311	47.4323	47.4323
312	47.4323	47.4323
313	47.4323	47.4323
314	47.4323	47.4323
315	47.4323	47.4323
316	47.4323	47.4323
317	47.4323	47.4323
318	47.4323	47.4323
319	47.4323	47.4323
320	47.4323	47.4323
321	47.4323	47.4323
322	47.4323	47.4323
323	47.4323	47.4323
324	47.4323	47.4323
325	47.4323	47.4323
326	47.4323	47.4323
327	47.4323	47.4323
328	47.4323	47.4323
329	47.4323	47.4323
330	47.4323	47.4323
331	47.4323	47.4323
332	47.4323	47.4323
333	47.2392	47.4318
334	47.2392	47.4091
335	47.2392	47.3207
336	47.2392	47.2392
337	47.2392	47.2392
338	47.2392	47.2392
339	47.2392	47.2392
340	47.2392	47.2392
341	47.2392	47.2392
342	47.2392	47.2392
343	47.2392	47.2392
344	47.2392	47.2392
345	47.2392	47.2392
346	47.2392	47.2392
347	47.2392	47.2392
348	46.3666	47.2371
349	46.3666	46.9469
350	46.3666	46.3666
351	46.3666	46.3666
352	46.3666	46.3666
353	46.3666	46.3666
354	46.3666	46.3666
355	46.3666	46.3666
356	46.3666	46.3666
357	46.3666	46.3666
358	46.3666	46.3666
359	46.3666	46.3666
360	46.3666	46.3666
361	46.3666	46.3666
362	46.3666	46.3666
363	46.3666	46.3666
364	46.3666	46.3666
365	46.3666	46.3666
366	46.3666	46.3666
367	46.3666	46.3666
368	46.3666	46.3666
369	46.3666	46.3666
370	46.3666	46.3666
371	46.3666	46.3666
372	46.3666	46.3666
373	46.3666	46.3666
374	46.3666	46.3666
375	46.3666	46.3666
376	46.3666	46.3666
377	46.3666	46.3666
378	46.3666	46.3666
379	46.3666	46.3666
380	46.3666	46.3666
381	46.3666	46.3666
382	46.3666	46.3666
383	46.3666	46.3666
384	46.3666	46.3666
385	46.3666	46.3666
386	46.3666	46.3666
387	46.3666	46.3666
388	46.3666	46.3666
389	46.3666	46.3666
390	46.3666	46.3666
391	46.3666	46.3666
392	46.3666	46.3666
393	46.3666	46.3666
394	46.3666	46.3666
395	46.3666	46.3666
396	46.3666	46.3666
397	46.3666	46.3666
398	46.3666	46.3666
399	46.3666	46.3666
400	46.3666	46.3666
401	46.3666	46.3666
402	46.3666	46.3666
403	46.3666	46.3666
404	46.3666	46.3666
405	46.3666	46.3666
406	46.3666	46.3666
407	46.3666	46.3666
408	46.3666	46.3666
409	46.3666	46.3666
410	46.3666	46.3666
411	46.3666	46.3666
412	46.3666	46.3666
413	46.3666	46.3666
414	46.3666	46.3666
415	46.3666	46.3666
416	46.3666	46.3666
417	46.3666	46.3666
418	46.3666	46.3666
419	46.3666	46.3666
420	46.3666	46.3666
421	46.3666	46.3666
422	46.3666	46.3666
423	46.3666	46.3666
424	46.3666	46.3666
425	46.3666	46.3666
426	46.3666	46.3666
427	46.3666	46.3666
428	46.3666	46.3666
429	46.3666	46.3666
430	46.3666	46.3666
431	46.3666	46.3666
432	46.3666	46.3666
433	46.3666	46.3666
434	46.3666	46.3666
435	46.3666	46.3666
436	46.3666	46.3666
437	46.3666	46.3666
438	46.3666	46.3666
439	46.3666	46.3666
440	46.3666	46.3666
441	46.3666	46.3666
442	46.3666	46.3666
443	46.3666	46.3666
444	46.3666	46.3666
445	46.3666	46.3666
446	46.3666	46.3666
447	46.3666	46.3666
448	46.3666	46.3666
449	46.3666	46.3666
450	46.3666	46.3666
451	46.3666	46.3666
452	46.3666	46.3666
453	46.3666	46.3666
454	46.3666	46.3666
455	46.3666	46.3666
456	46.3666	46.3666
457	46.3666	46.3666
458	46.3666	46.3666
459	46.3666	46.3666
460	46.3666	46.3666
461	46.3666	46.3666
462	46.3666	46.3666
463	46.3666	46.3666
464	46.3666	46.3666
465	46.3666	46.3666
466	46.3666	46.3666
467	46.3666	46.3666
468	46.3666	46.3666
469	46.3666	46.3666
470	46.3666	46.3666
471	46.3666	46.3666
472	46.3666	46.3666
473	46.3666	46.3666
474	46.3666	46.3666
475	46.3666	46.3666
476	46.3666	46.3666
477	46.3666	46.3666
478	46.3666	46.3666
479	46.3666	46.3666
480	46.3666	46.3666
481	46.3666	46.3666
482	46.3666	46.3666
483	46.3666	46.3666
484	46.3666	46.3666
485	46.3666	46.3666
486	46.3666	46.3666
487	46.3666	46.3666
488	46.3666	46.3666
489	46.3666	46.3666
490	46.3666	46.3666
491	46.3666	46.3666
492	46.3666	46.3666
493	46.3666	46.3666
494	46.3666	46.3666
495	46.3666	46.3666
496	46.3666	46.3666
497	46.3666	46.3666
498	46.3666	46.3666
499	46.3666	46.3666
500	46.3666	46.3666
501	46.3666	46.3666
502	46.3666	46.3666
503	46.3666	46.3666
504	46.3666	46.3666
505	46.3666	46.3666
506	46.3666	46.3666
507	46.3666	46.3666
508	46.3666	46.3666
509	46.3666	46.3666
510	46.3666	46.3666
511	46.3666	46.3666
512	46.3666	46.3666
513	46.3666	46.3666
514	46.3666	46.3666
515	46.3666	46.3666
516	46.3666	46.3666
517	46.3666	46.3666
518	46.3666	46.3666
519	46.3666	46.3666
520	46.3666	46.3666
521	46.3666	46.3666
522	46.3666	46.3666
523	46.3666	46.3666
524	46.3666	46.3666
525	46.3666	46.3666
526	46.3666	46.3666
527	46.3666	46.3666
528	46.3666	46.3666
529	46.3666	46.3666
530	46.3666	46.3666
531	46.3666	46.3666
532	46.3666	46.3666
533	46.3666	46.3666
534	46.3666	46.3666
535	46.3666	46.3666
536	46.3666	46.3666
537	46.3666	46.3666
538	46.3666	46.3666
539	46.3666	46.3666
540	46.3666	46.3666
541	46.3666	46.3666
542	46.3666	46.3666
543	46.3666	46.3666
544	46.3666	46.3666
545	46.3666	46.3666
546	46.3666	46.3666
547	46.3666	46.3666
548	46.3666	46.3666
549	46.3666	46.3666
550	46.3666	46.3666
551	46.3666	46.3666
552	46.3666	46.3666
553	46.3666	46.3666
554	46.3666	46.3666
555	46.3666	46.3666
556	46.3666	46.3666
557	46.3666	46.3666
558	46.3666	46.3666
559	46.3666	46.3666
560	46.3666	46.3666
561	46.3666	46.3666
562	46.3666	46.3666
563	46.3666	46.3666
564	46.3666	46.3666
565	46.3666	46.3666
566	46.3666	46.3666
567	46.3666	46.3666
568	46.3666	46.3666
569	46.3666	46.3666
570	46.3666	46.3666
571	46.3666	46.3666
572	46.3666	46.3666
573	46.3666	46.3666
574	46.3666	46.3666
575	46.3666	46.3666
576	46.3666	46.3666
577	46.3666	46.3666
578	46.3666	46.3666
579	46.3666	46.3666
580	46.3666	46.3666
581	46.3666	46.3666
582	46.3666	46.3666
583	46.3666	46.3666
584	46.3666	46.3666
585	46.3666	46.3666
586	46.3666	46.3666
587	46.3666	46.3666
588	46.3666	46.3666
589	46.3666	46.3666
590	46.3666	46.3666
591	46.3666	46.3666
592	46.3666	46.3666
593	46.3666	46.3666
594	46.3666	46.3666
595	46.3666	46.3666
596	46.3666	46.3666
597	46.3666	46.3666
598	46.3666	46.3666
599	46.3666	46.3666
600	46.3666	46.3666
601	46.3666	46.3666
602	46.3666	46.3666
603	46.3666	46.3666
604	46.3666	46.3666
605	46.3666	46.3666
606	46.3666	46.3666
607	46.3666	46.3666
608	46.3666	46.3666
609	46.3666	46.3666
610	46.3666	46.3666
611	46.3666	46.3666
612	46.3666	46.3666
613	46.3666	46.3666
614	46.3666	46.3666
615	46.3666	46.3666
616	46.3666	46.3666
617	46.3666	46.3666
618	46.3666	46.3666
619	46.3666	46.3666
620	46.3666	46.3666
621	46.3666	46.3666
622	46.3666	46.3666
623	46.3666	46.3666
624	46.3666	46.3666
625	46.3666	46.3666
626	46.3666	46.3666
627	46.3666	46.3666
628	46.3666	46.3666
629	46.3666	46.3666
630	46.3666	46.3666
631	46.3666	46.3666
632	46.3666	46.3666
633	46.3666	46.3666
634	46.3666	46.3666
635	46.3666	46.3666
636	46.3666	46.3666
637	46.3666	46.3666
638	46.3666	46.3666
639	46.3666	46.3666
640	46.3666	46.3666
641	46.3666	46.3666
642	46.3666	46.3666
643	46.3666	46.3666
644	46.3666	46.3666
645	46.3666	46.3666
646	46.3666	46.3666
647	46.3666	46.3666
648	46.3666	46.3666
649	46.3666	46.3666
650	46.3666	46.3666
651	46.3666	46.3666
652	46.3666	46.3666
653	46.3666	46.3666
654	46.3666	46.3666
655	46.3666	46.3666
656	46.3666	46.3666
657	46.3666	46.3666
658	46.3666	46.3666
659	46.3666	46.3666
660	46.3666	46.3666
661	46.3666	46.3666
662	46.3666	46.3666
663	46.3666	46.3666
664	46.3666	46.3666
665	46.3666	46.3666
666	46.3666	46.3666
667	46.3666	46.3666
668	46.3666	46.3666
669	46.3666	46.3666
670	46.3666	46.3666
671	46.3666	46.3666
672	46.3666	46.3666
673	46.3666	46.3666
674	46.3666	46.3666
675	46.3666	46.3666
676	46.3666	46.3666
677	46.3666	46.3666
678	46.3666	46.3666
679	46.3666	46.3666
680	46.3666	46.3666
681	46.3666	46.3666
682	46.3666	46.3666
683	46.3666	46.3666
684	46.3666	46.3666
685	46.3666	46.3666
686	46.3666	46.3666
687	46.3666	46.3666
688	46.3666	46.3666
689	46.3666	46.3666
690	46.3666	46.3666
691	46.3666	46.3666
692	46.3666	46.3666
693	46.3666	46.3666
694	46.3666	46.3666
695	46.3666	46.3666
696	46.3666	46.3666
697	46.3666	46.3666
698	46.3666	46.3666
699	46.3666	46.3666
700	46.3666	46.3666
701	46.3666	46.3666
702	46.3666	46.3666
703	46.3666	46.3666
704	46.3666	46.3666
705	46.3666	46.3666
706	46.3666	46.3666
707	46.3666	46.3666
708	46.3666	46.3666
709	46.3666	46.3666
710	46.3666	46.3666
711	46.3666	46.3666
712	46.3666	46.3666
713	46.3666	46.3666
714	46.3666	46.3666
715	46.3666	46.3666
716	46.3666	46.3666
717	46.3666	46.3666
718	46.3666	46.3666
719	46.3666	46.3666
720	46.3666	46.3666
721	46.3666	46.3666
722	46.3666	46.3666
723	46.3666	46.3666
724	46.3666	46.3666
725	46.3666	46.3666
726	46.3666	46.3666
727	46.3666	46.3666
728	46.3666	46.3666
729	46.3666	46.3666
730	46.3666	46.3666
731	46.3666	46.3666
732	46.3666	46.3666
733	46.3666	46.3666
734	46.3666	46.3666
735	46.3666	46.3666
736	46.3666	46.3666
737	46.3666	46.3666
738	46.3666	46.3666
739	46.3666	46.3666
740	46.3666	46.3666
741	46.3666	46.3666
742	46.3666	46.3666
743	46.3666	46.3666
744	46.3666	46.3666
745	46.3666	46.3666
746	46.3666	46.3666
747	46.3666	46.3666
748	46.3666	46.3666
749	46.3666	46.3666
750	46.3666	46.3666
751	46.3666	46.3666
752	46.3666	46.3666
753	46.3666	46.3666
754	46.3666	46.3666
755	46.3666	46.3666
756	46.3666	46.3666
757	46.3666	46.3666
758	46.3666	46.3666
759	46.3666	46.3666
760	46.3666	46.3666
761	46.3666	46.3666
762	46.3666	46.3666
763	46.3666	46.3666
764	46.3666	46.3666
765	46.3666	46.3666
766	46.3666	46.3666
767	46.3666	46.3666
768	46.3666	46.3666
769	46.3666	46.3666
770	46.3666	46.3666
771	46.3666	46.3666
772	46.3666	46.3666
773	46.3666	46.3666
774	46.3666	46.3666
775	46.3666	46.3666
776	46.3666	46.3666
777	46.3666	46.3666
778	46.3666	46.3666
779	46.3666	46.3666
780	46.3666	46.3666
781	46.3666	46.3666
782	46.3666	46.3666
783	46.3666	46.3666
784	46.3666	46.3666
785	46.3666	46.3666
786	46.3666	46.3666
787	46.3666	46.3666
788	46.3666	46.3666
789	46.3666	46.3666
790	46.3666	46.3666
791	46.3666	46.3666
792	46.3666	46.3666
793	46.3666	46.3666
794	46.3666	46.3666
795	46.3666	46.3666
796	46.3666	46.3666
797	46.3666	46.3666
798	46.3666	46.3666
799	46.3666	46.3666
800	46.3666	46.3666
801	46.3666	46.3666
802	46.3666	46.3666
803	46.3666	46.3666
804	46.3666	46.3666
805	46.3666	46.3666
806	46.3666	46.3666
807	46.3666	46.3666
808	46.3666	46.3666
809	46.3666	46.3666
810	46.3666	46.3666
811	46.3666	46.3666
812	46.3666	46.3666
813	46.3666	46.3666
814	46.3666	46.3666
815	46.3666	46.3666
816	46.3666	46.3666
817	46.3666	46.3666
818	46.3666	46.3666
819	46.3666	46.3666
820	46.3666	46.3666
821	46.3666	46.3666
822	46.3666	46.3666
823	46.3666	46.3666
824	46.3666	46.3666
825	46.3666	46.3666
826	46.3666	46.3666
827	46.3666	46.3666
828	46.3666	46.3666
829	46.3666	46.3666
830	46.3666	46.3666
831	46.3666	46.3666
832	46.3666	46.3666
833	46.3666	46.3666
834	46.3666	46.3666
835	46.3666	46.3666
836	46.3666	46.3666
837	46.3666	46.3666
838	46.3666	46.3666
839	46.3666	46.3666
840	46.3666	46.3666
841	46.3666	46.3666
842	46.3666	46.3666
843	46.3666	46.3666
844	46.3666	46.3666
845	46.3666	46.3666
846	46.3666	46.3666
847	46.3666	46.3666
848	46.3666	46.3666
849	46.3666	46.3666
850	46.3666	46.3666
851	46.3666	46.3666
852	46.3666	46.3666
853	46.3666	46.3666
854	46.3666	46.3666
855	46.3666	46.3666
856	46.3666	46.3666
857	46.3666	46.3666
858	46.3666	46.3666
859	46.3666	46.3666
860	46.3666	46.3666
861	46.3666	46.3666
862	46.3666	46.3666
863	46.3666	46.3666
864	46.3666	46.3666
865	46.3666	46.3666
866	46.3666	46.3666
867	46.3666	46.3666
868	46.3666	46.3666
869	46.3666	46.3666
870	46.3666	46.3666
871	46.3666	46.3666
872	46.3666	46.3666
873	46.3666	46.3666
874	46.3666	46.3666
875	46.3666	46.3666
876	46.3666	46.3666
877	46.3666	46.3666
878	46.3666	46.3666
879	46.3666	46.3666
880	46.3666	46.3666
881	46.3666	46.3666
882	46.3666	46.3666
883	46.3666	46.3666
884	46.3666	46.3666
885	46.3666	46.3666
886	46.3666	46.3666
887	46.3666	46.3666
888	46.3666	46.3666
889	46.3666	46.3666
890	46.3666	46.3666
891	46.3666	46.3666
892	46.3666	46.3666
893	46.3666	46.3666
894	46.3666	46.3666
895	46.3666	46.3666
896	46.3666	46.3666
897	46.3666	46.3666
898	46.3666	46.3666
899	46.3666	46.3666
900	46.3666	46.3666
901	46.3666	46.3666
902	46.3666	46.3666
903	46.3666	46.3666
904	46.3666	46.3666
905	46.3666	46.3666
906	46.3666	46.3666
907	46.3666	46.3666
908	46.3666	46.3666
909	46.3666	46.3666
910	46.3666	46.3666
911	46.3666	46.3666
912	46.3666	46.3666
913	46.3666	46.3666
914	46.3666	46.3666
915	46.3666	46.3666
916	46.3666	46.3666
917	46.3666	46.3666
918	46.3666	46.3666
919	46.3666	46.3666
920	46.3666	46.3666
921	46.3666	46.3666
922	46.3666	46.3666
923	46.3666	46.3666
924	46.3666	46.3666
925	46.3666	46.3666
926	46.3666	46.3666
927	46.3666	46.3666
928	46.3666	46.3666
929	46.3666	46.3666
930	46.3666	46.3666
931	46.3666	46.3666
932	46.3666	46.3666
933	46.3666	46.3666
934	46.3666	46.3666
935	46.3666	46.3666
936	46.3666	46.3666
937	46.3666	46.3666
938	46.3666	46.3666
939	46.3666	46.3666
940	46.3666	46.3666
941	46.3666	46.3666
942	46.3666	46.3666
943	46.3666	46.3666
944	46.3666	46.3666
945	46.3666	46.3666
946	46.3666	46.3666
947	46.3666	46.3666
948	46.3666	46.3666
949	46.3666	46.3666
950	46.3666	46.3666
951	46.3666	46.3666
952	46.3666	46.3666
953	46.3666	46.3666
954	46.3666	46.3666
955	46.3666	46.3666
956	46.3666	46.3666
957	46.3666	46.3666
958	46.3666	46.3666
959	46.3666	46.3666
960	46.3666	46.3666
961	46.3666	46.3666
962	46.3666	46.3666
963	46.3666	46.3666
964	46.3666	46.3666
965	46.3666	46.3666
966	46.3666	46.3666
967	46.3666	46.3666
968	46.3666	46.3666
969	46.3666	46.3666
970	46.3666	46.3666
971	46.3666	46.3666
972	46.3666	46.3666
973	46.3666	46.3666
974	46.3666	46.3666
975	46.3666	46.3666
976	46.3666	46.3666
977	46.3666	46.3666
978	46.3666	46.3666
979	46.3666	46.3666
980	46.3666	46.3666
981	46.3666	46.3666
982	46.3666	46.3666
983	46.3666	46.3666
984	46.3666	46.3666
985	46.3666	46.3666
986	46.3666	46.3666
987	46.3666	46.3666
988	46.3666	46.3666
989	46.3666	46.3666
990	46.3666	46.3666
991	46.3666	46.3666
992	46.3666	46.3666
993	46.3666	46.3666
994	46.3666	46.3666
995	46.3666	46.3666
996	46.3666	46.3666
997	46.3666	46.3666
998	46.3666	46.3666
999	46.3666	46.3666
1000	46.3666	46.3666
1001	46.3666	46.3666
1002	46.3666	46.3666
1003	46.3666	46.3666
1004	46.3666	46.3666
1005	46.3666	46.3666
1006	46.3666	46.3666
1007	46.3666	46.3666
1008	46.3666	46.3666
1009	46.3666	46.3666
1010	46.3666	46.3666
1011	46.3666	46.3666
1012	46.3666	46.3666
1013	46.3666	46.3666
1014	46.3666	46.3666
1015	46.3666	46.3666
1016	46.3666	46.3666
1017	46.3666	46.3666
1018	46.3666	46.3666
1019	46.3666	46.3666
1020	46.3666	46.3666
1021	46.3666	46.3666
1022	46.3666	46.3666
1023	46.3666	46.3666
1024	46.3666	46.3666
1025	46.3666	46.3666
1026	46.3666	46.3666
1027	46.3666	46.3666
1028	46.3666	46.3666
1029	46.3666	46.3666
1030	46.3666	46.3666
1031	46.3666	46.3666
1032	46.3666	46.3666
1033	46.3666	46.3666
1034	46.3666	46.3666
1035	46.3666	46.3666
1036	46.3666	46.3666
1037	46.3666	46.3666
1038	46.3666	46.3666
1039	46.3666	46.3666
1040	46.3666	46.3666
1041	46.3666	46.3666
1042	46.3666	46.3666
1043	46.3666	46.3666
1044	46.3666	46.3666
1045	46.3666	46.3666
1046	46.3666	46.3666
1047	46.3666	46.3666
1048	46.3666	46.3666
1049	46.3666	46.3666
1050	46.3666	46.3666
1051	46.3666	46.3666
1052	46.3666	46.3666
1053	46.3666	46.3666
1054	46.3666	46.3666
1055	46.3666	46.3666
1056	46.3666	46.3666
1057	46.3666	46.3666
1058	46.3666	46.3666
1059	46.3666	46.3666
1060	46.3666	46.3666
1061	46.3666	46.3666
1062	46.3666	46.3666
1063	46.3666	46.3666
1064	46.3666	46.3666
1065	46.3666	46.3666
1066	46.3666	46.3666
1067	46.3666	46.3666
1068	46.3666	46.3666
1069	46.3666	46.3666
1070	46.3666	46.3666
1071	46.3666	46.3666
1072	46.3666	46.3666
1073	46.3666	46.3666
1074	46.3666	46.3666
1075	46.3666	46.3666
1076	46.3666	46.3666
1077	46.3666	46.3666
1078	46.3666	46.3666
1079	46.3666	46.3666
1080	46.3666	46.3666
1081	46.3666	46.3666
1082	46.3666	46.3666
1083	46.3666	46.3666
1084	46.3666	46.3666
1085	46.3666	46.3666
1086	46.3666	46.3666
1087	46.3666	46.3666
1088	46.3666	46.3666
1089	46.3666	46.3666
1090	46.3666	46.3666
1091	46.3666	46.3666
1092	46.3666	46.3666
1093	46.3666	46.3666
1094	46.3666	46.3666
1095	46.3666	46.3666
1096	46.3666	46.3666
1097	46.3666	46.3666
1098	46.3666	46.3666
1099	46.3666	46.3666
1100	46.3666	46.3666
1101	46.3666	46.3666
1102	46.3666	46.3666
1103	46.3666	46.3666
1104	46.3666	46.3666
1105	46.3666	46.3666
1106	46.3666	46.3666
1107	46.3666	46.3666
1108	46.3666	46.3666
1109	46.3666	46.3666
1110	46.3666	46.3666
1111	46.3666	46.3666
1112	46.3666	46.3666
1113	46.3666	46.3666
1114	46.3666	46.3666
1115	46.3666	46.3666
1116	46.3666	46.3666
1117	46.3666	46.3666
1118	46.3666	46.3666
1119	46.3666	46.3666
1120	46.3666	46.3666
1121	46.3666	46.3666
1122	46.3666	46.3666
1123	46.3666	46.3666
1124	46.3666	46.3666
1125	46.3666	46.3666
1126	46.3666	46.3666
1127	46.3666	46.3666
1128	46.3666	46.3666
1129	46.3666	46.3666
1130	46.3666	46.3666
1131	46.3666	46.3666
1132	46.3666	46.3666
1133	46.3666	46.3666
1134	46.3666	46.3666
1135	46.3666	46.3666
1136	46.3666	46.3666
1137	46.3666	46.3666
1138	46.3666	46.3666
1139	46.3666	46.3666
1140	46.3666	46.3666
1141	46.3666	46.3666
1142	46.3666	46.3666
1143	46.3666	46.3666
1144	46.3666	46.3666
1145	46.3666	46.3666
1146	46.3666	46.3666
1147	46.3666	46.3666
1148	46.3666	46.3666
1149	46.3666	46.3666
1150	46.3666	46.3666
1151	46.3666	46.3666
1152	46.3666	46.3666
1153	46.3666	46.3666
1154	46.3666	46.3666
1155	46.3666	46.3666
1156	46.3666	46.3666
1157	46.3666	46.3666
1158	46.3666	46.3666
1159	46.3666	46.3666
1160	46.3666	46.3666
1161	46.3666	46.3666
1162	46.3666	46.3666
1163	46.3666	46.3666
1164	46.3666	46.3666
1165	46.3666	46.3666
1166	46.3666	46.3666
1167	46.3666	46.3666
1168	46.3666	46.3666
1169	46.3666	46.3666
1170	46.3666	46.3666
1171	46.3666	46.3666
1172	46.3666	46.3666
1173	46.3666	46.3666
1174	46.3666	46.3666
1175	46.3666	46.3666
1176	46.3666	46.3666
1177	46.3666	46.3666
1178	46.3666	46.3666
1179	46.3666	46.3666
1180	46.3666	46.3666
1181	46.3666	46.3666
1182	46.3666	46.3666
1183	46.3666	46.3666
1184	46.3666	46.3666
1185	46.3666	46.3666
1186	46.3666	46.3666
1187	46.3666	46.3666
1188	46.3666	46.3666
1189	46.3666	46.3666
1190	46.3666	46.3666
1191	46.3666	46.3666
1192	46.3666	46.3666
1193	46.3666	46.3666
1194	46.3666	46.3666
1195	46.3666	46.3666
1196	46.3666	46.3666
1197	46.3666	46.3666
1198	46.3666	46.3666
1199	46.3666	46.3666
1200	46.3666	46.3666
1201	46.3666	46.3666
1202	46.3666	46.3666
1203	46.3666	46.3666
1204	46.3666	46.3666
1205	46.3666	46.3666
1206	46.3666	46.3666
1207	46.3666	46.3666
1208	46.3666	46.3666
1209	46.3666	46.3666
1210	46.3666	46.3666
1211	46.3666	46.3666
1212	46.3666	46.3666
1213	46.3666	46.3666
1214	46.3666	46.3666
1215	46.3666	46.3666
1216	46.3666	46.3666
1217	46.3666	46.3666
1218	46.3666	46.3666
1219	46.3666	46.3666
1220	46.3666	46.3666
1221	46.3666	46.3666
1222	46.3666	46.3666
1223	46.3666	46.3666
1224	46.3666	46.3666
1225	46.3666	46.3666
1226	46.3666	46.3666
1227	46.3666	46.3666
1228	46.3666	46.3666
1229	46.3666	46.3666
1230	46.3666	46.3666
1231	46.3666	46.3666
1232	46.3666	46.3666
1233	46.3666	46.3666
1234	46.3666	46.3666
1235	46.3666	46.3666
1236	46.3666	46.3666
1237	46.3666	46.3666
1238	46.3666	46.3666
1239	46.3666	46.3666
1240	46.3666	46.3666
1241	46.3666	46.3666
1242	46.3666	46.3666
1243	46.3666	46.3666
1244	46.3666	46.3666
1245	46.3666	46.3666
1246	46.3666	46.3666
1247	46.3666	46.3666
1248	46.3666	46.3666
1249	46.3666	46.3666
1250	46.3666	46.3666
1251	46.3666	46.3666
1252	46.3666	46.3666
1253	46.3666	46.3666
1254	46.3666	46.3666
1255	46.3666	46.3666
1256	46.3666	46.3666
1257	46.3666	46.3666
1258	46.3666	46.3666
1259	46.3666	46.3666
1260	46.3666	46.3666
1261	46.3666	46.3666
1262	46.3666	46.3666
1263	46.3666	46.3666
1264	46.3666	46.3666
1265	46.3666	46.3666
1266	46.3666	46.3666
1267	46.3666	46.3666
1268	46.3666	46.3666
1269	46.3666	46.3666
1270	46.3666	46.3666
1271	46.3666	46.3666
1272	46.3666	46.3666
1273	46.3666	46.3666
1274	46.3666	46.3666
1275	46.3666	46.3666
1276	46.3666	46.3666
1277	46.3666	46.3666
1278	46.3666	46.3666
1279	46.3666	46.3666
1280	46.3666	46.3666
1281	46.3666	46.3666
1282	46.3666	46.3666
1283	46.3666	46.3666
1284	46.3666	46.3666
1285	46.3666	46.3666
1286	46.3666	46.3666
1287	46.3666	46.3666
1288	46.3666	46.3666
1289	46.3666	46.3666
1290	46.3666	46.3666
1291	46.3666	46.3666
1292	46.3666	46.3666
1293	46.3666	46.3666
1294	46.3666	46.3666
1295	46.3666	46.3666
1296	46.3666	46.3666
1297	46.3666	46.3666
1298	46.3666	46.3666
1299	46.3666	46.3666
1300	46.3666	46.3666
1301	46.3666	46.3666
1302	46.3666	46.3666
1303	46.3666	46.3666
1304	46.3666	46.3666
1305	46.3666	46.3666
1306	46.3666	46.3666
1307	46.3666	46.3666
1308	46.3666	46.3666
1309	46.3666	46.3666
1310	46.3666	46.3666
1311	46.3666	46.3666
1312	46.3666	46.3666
1313	46.3666	46.3666
1314	46.3666	46.3666
1315	46.3666	46.3666
1316	46.3666	46.3666
1317	46.3666	46.3666
1318	46.3666	46.3666
1319	46.3666	46.3666
1320	46.3666	46.3666
1321	46.3666	46.3666
1322	46.3666	46.3666
1323	46.3666	46.3666
1324	46.3666	46.3666
1325	46.3666	46.3666
1326	46.3666	46.3666
1327	46.3666	46.3666
1328	46.3666	46.3666
1329	46.3666	46.3666
1330	46.3666	46.3666
1331	46.3666	46.3666
1332	46.3666	46.3666
1333	46.3666	46.3666
1334	46.3666	46.3666
1335	46.3666	46.3666
1336	46.3666	46.3666
1337	46.3666	46.3666
1338	46.3666	46.3666
1339	46.3666	46.3666
1340	46.3666	46.3666
1341	46.3666	46.3666
1342	46.3666	46.3666
1343	46.3666	46.3666
1344	46.3666	46.3666
1345	46.3666	46.3666
1346	46.3666	46.3666
1347	46.3666	46.3666
1348	46.3666	46.3666
1349	46.3666	46.3666
1350	46.3666	46.3666
1351	46.3666	46.3666
1352	46.3666	46.3666
1353	46.3666	46.3666
1354	46.3666	46.3666
1355	46.3666	46.3666
1356	46.3666	46.3666
1357	46.3666	46.3666
1358	46.3666	46.3666
1359	46.3666	46.3666
1360	46.3666	46.3666
1361	46.3666	46.3666
1362	46.3666	46.3666
1363	46.3666	46.3666
1364	46.3666	46.3666
1365	46.3666	46.3666
1366	46.3666	46.3666
1367	46.3666	46.3666
1368	46.3666	46.3666
1369	46.3666	46.3666
1370	46.3666	46.3666
1371	46.3666	46.3666
1372	46.3666	46.3666
1373	46.3666	46.3666
1374	46.3666	46.3666
1375	46.3666	46.3666
1376	46.3666	46.3666
1377	46.3666	46.3666
1378	46.3666	46.3666
1379	46.3666	46.3666
1380	46.3666	46.3666
1381	46.3666	46.3666
1382	46.3666	46.3666
1383	46.3666	46.3666
1384	46.3666	46.3666
1385	46.3666	46.3666
1386	46.3666	46.3666
1387	46.3666	46.3666
1388	46.3666	46.3666
1389	46.3666	46.3666
1390	46.3666	46.3666
1391	46.3666	46.3666
1392	46.3666	46.3666
1393	46.3666	46.3666
1394	46.3666	46.3666
1395	46.3666	46.3666
1396	46.3666	46.3666
1397	46.3666	46.3666
1398	46.3666	46.3666
1399	46.3666	46.3666
1400	46.3666	46.3666
1401	46.3666	46.3666
1402	46.3666	46.3666
1403	46.3666	46.3666
1404	46.3666	46.3666
1405	46.3666	46.3666
1406	46.3666	46.3666
1407	46.3666	46.3666
1408	46.3666	46.3666
1409	46.3666	46.3666
1410	46.3666	46.3666
1411	46.3666	46.3666
1412	46.3666	46.3666
1413	46.3666	46.3666
1414	46.3666	46.3666
1415	46.3666	46.3666
1416	46.3666	46.3666
1417	46.3666	46.3666
1418	46.3666	46.3666
1419	46.3666	46.3666
1420	46.3666	46.3666
1421	46.3666	46.3666
1422	46.3666	46.3666
1423	46.3666	46.3666
1424	46.3666	46.3666
1425	46.3666	46.3666
1426	46.3666	46.3666
1427	46.3666	46.3666
1428	46.3666	46.3666
1429	46.3666	46.3666
1430	46.3666	46.3666
1431	46.3666	46.3666
1432	46.3666	46.3666
1433	46.3666	46.3666
1434	46.3666	46.3666
1435	46.3666	46.3666
1436	46.3666	46.3666
1437	46.3666	46.3666
1438	46.3666	46.3666
1439	46.3666	46.3666
1440	46.3666	46.3666
1441	46.3666	46.3666
1442	46.3666	46.3666
1443	46.3666	46.3666
1444	46.3666	46.3666
1445	46.3666	46.3666
1446	46.3666	46.3666
1447	46.3666	46.3666
1448	46.3666	46.3666
1449	46.3666	46.3666
1450	46.3666	46.3666
1451	46.3666	46.3666
1452	46.3666	46.3666
1453	46.3666	46.3666
1454	46.3666	46.3666
1455	46.3666	46.3666
1456	46.3666	46.3666
1457	46.3666	46.3666
1458	46.3666	46.3666
1459	46.3666	46.3666
1460	46.3666	46.3666
1461	46.3666	46.3666
1462	46.3666	46.3666
1463	46.3666	46.3666
1464	46.3666	46.3666
1465	46.3666	46.3666
1466	46.3666	46.3666
1467	46.3666	46.3666
1468	46.3666	46.3666
1469	46.3666	46.3666
1470	46.3666	46.3666
1471	46.3666	46.3666
1472	46.3666	46.3666
1473	46.3666	46.3666
1474	46.3666	46.3666
1475	46.3666	46.3666
1476	46.3666	46.3666
1477	46.3666	46.3666
1478	46.3666	46.3666
1479	46.3666	46.3666
1480	46.3666	46.3666
1481	46.3666	46.3666
1482	46.3666	46.3666
1483	46.3666	46.3666
1484	46.3666	46.3666
1485	46.3666	46.3666
1486	46.3666	46.3666
1487	46.3666	46.3666
1488	46.3666	46.3666
1489	46.3666	46.3666
1490	46.3666	46.3666
1491	46.3666	46.3666
1492	46.3666	46.3666
1493	46.3666	46.3666
1494	46.3666	46.3666
1495	46.3666	46.3666
1496	46.3666	46.3666
1497	46.3666	46.3666
1498	46.3666	46.3666
1499	46.3666	46.3666
1500	46.3666	46.3666
