0 -0.480227 0.01189
1 -0.557789 0.00871049
2 -0.611156 0.00710252
3 -0.656288 0.00614785
4 -0.681661 0.00561262
5 -0.708557 0.0049257
6 -0.722255 0.00451724
7 -0.738349 0.00382873
8 -0.750894 0.00514164
9 -0.762465 0.00400089
10 -0.76905 0.00400573
11 -0.773826 0.00376894
12 -0.778124 0.00382525
13 -0.782257 0.00341166
14 -0.784779 0.00332201
15 -0.787981 0.00282139
16 -0.788644 0.00305767
17 -0.788184 0.00290243
18 -0.787887 0.00214797
19 -0.791042 0.00246036
20 -0.790036 0.00248921
21 -0.79175 0.00297441
22 -0.789984 0.00279881
23 -0.786721 0.00254683
24 -0.784449 0.00276043
25 -0.787065 0.00284455
26 -0.785976 0.00271111
27 -0.789829 0.00282889
28 -0.786971 0.00324375
29 -0.789397 0.00365945
30 -0.78655 0.00378255
31 -0.783638 0.00398078
32 -0.783266 0.00391751
33 -0.782803 0.00390539
34 -0.780971 0.00396413
35 -0.783531 0.00277744
36 -0.783448 0.0037418
37 -0.78333 0.003166
38 -0.781858 0.00370535
39 -0.785918 0.0037241
40 -0.786866 0.00236329
41 -0.787761 0.0026459
42 -0.786026 0.00273631
43 -0.788061 0.00365423
44 -0.785053 0.00258085
45 -0.784044 0.0028954
46 -0.783514 0.00333277
47 -0.78243 0.00358003
48 -0.785621 0.0025822
49 -0.786709 0.00324766
50 -0.784047 0.00314672
51 -0.780734 0.00322502
52 -0.779016 0.00317848
53 -0.778661 0.0033554
54 -0.778028 0.00334082
55 -0.778371 0.00301568
56 -0.780407 0.00328018
57 -0.779063 0.00311069
58 -0.778794 0.00254856
59 -0.77506 0.00314741
60 -0.777494 0.00409596
61 -0.774903 0.00332295
62 -0.774308 0.00322059
63 -0.775484 0.00332274
64 -0.778112 0.00335727
65 -0.774073 0.00396952
66 -0.778247 0.00354579
67 -0.777589 0.00374456
68 -0.778803 0.00299867
69 -0.781606 0.00388821
70 -0.780467 0.00466606
71 -0.779567 0.00530708
72 -0.785333 0.00530515
73 -0.784464 0.0046369
74 -0.790472 0.00332694
75 -0.790796 0.00356505
76 -0.788745 0.00371445
77 -0.788687 0.00355196
78 -0.789984 0.0036379
79 -0.787504 0.00362782
80 -0.785568 0.00277168
81 -0.78541 0.00438285
82 -0.785142 0.0042084
83 -0.785198 0.00401768
84 -0.785695 0.00452704
85 -0.78444 0.00423464
86 -0.786275 0.00402094
87 -0.789567 0.00403863
88 -0.78664 0.0034575
89 -0.78334 0.00297879
90 -0.780547 0.00277953
91 -0.779214 0.00314216
92 -0.778734 0.00320427
93 -0.77943 0.00254189
94 -0.780288 0.00258018
95 -0.780114 0.00279162
96 -0.777732 0.00297601
97 -0.780678 0.00231437
98 -0.784161 0.0027867
99 -0.786121 0.00333415
100 -0.785855 0.00324142
101 -0.784817 0.00324646
102 -0.783386 0.00341467
103 -0.783729 0.00321976
104 -0.783397 0.00333653
105 -0.784335 0.003557
106 -0.785695 0.00388482
107 -0.781161 0.00290754
108 -0.784709 0.00280726
109 -0.785004 0.00284757
110 -0.784886 0.00366442
111 -0.786038 0.00366753
112 -0.786139 0.00356197
113 -0.785135 0.00328358
114 -0.783565 0.00254375
115 -0.783958 0.00330479
116 -0.782898 0.00341271
117 -0.783555 0.00358987
118 -0.783031 0.00340216
119 -0.782303 0.00389859
120 -0.780877 0.00364507
121 -0.780831 0.00363889
122 -0.78032 0.00313017
123 -0.780777 0.00302973
124 -0.785199 0.00304512
125 -0.784985 0.00326792
126 -0.785695 0.00306654
127 -0.784712 0.00331339
128 -0.781624 0.00261809
129 -0.777536 0.00312307
130 -0.779956 0.00292922
131 -0.775462 0.00322482
132 -0.773328 0.00278049
133 -0.77553 0.00265488
134 -0.776994 0.00249315
135 -0.778252 0.00337017
136 -0.779831 0.00336195
137 -0.78216 0.00344482
138 -0.781189 0.00363495
139 -0.781264 0.00332223
140 -0.781734 0.00345749
141 -0.781768 0.0025044
142 -0.781152 0.00339594
143 -0.779226 0.00429835
144 -0.776307 0.00398038
145 -0.775211 0.00386725
146 -0.774799 0.00408063
147 -0.77781 0.00407469
148 -0.775086 0.00378698
149 -0.779542 0.00328865
150 -0.780292 0.00328437
151 -0.782711 0.00318348
152 -0.781409 0.00295771
153 -0.780798 0.00308322
154 -0.782992 0.00305475
155 -0.782362 0.00363169
156 -0.781048 0.00339123
157 -0.783627 0.00359472
158 -0.785245 0.00306258
159 -0.786048 0.00437103
160 -0.784115 0.00403882
161 -0.782549 0.00341454
162 -0.779775 0.00320472
163 -0.779725 0.00363968
164 -0.780226 0.00396194
165 -0.779708 0.00299107
166 -0.778645 0.00267626
167 -0.775126 0.00265687
168 -0.774897 0.00275956
169 -0.772947 0.00358539
170 -0.772723 0.00307407
171 -0.773979 0.0030261
172 -0.769583 0.00375778
173 -0.768662 0.00366685
174 -0.773375 0.00481006
175 -0.7755 0.00455025
176 -0.775097 0.00428417
177 -0.776462 0.00456652
178 -0.780931 0.00397573
179 -0.78388 0.00377959
180 -0.783176 0.00410189
181 -0.782229 0.00432501
182 -0.782182 0.00394327
183 -0.783172 0.00315788
184 -0.783327 0.00310751
185 -0.78093 0.00329735
186 -0.780552 0.00285782
187 -0.779311 0.00254827
188 -0.78099 0.00332088
189 -0.776755 0.00411941
190 -0.77897 0.0042822
191 -0.782551 0.00429434
192 -0.783665 0.00432013
193 -0.782481 0.0045854
194 -0.783249 0.00430967
195 -0.781208 0.00366494
196 -0.780374 0.00358203
197 -0.781469 0.00362999
198 -0.780248 0.00380566
199 -0.787022 0.00387106
200 -0.787968 0.00364768
201 -0.789127 0.00396647
202 -0.786594 0.00329603
203 -0.788374 0.00286885
204 -0.78684 0.00331279
205 -0.786919 0.003566
206 -0.786993 0.00352509
207 -0.786398 0.00309152
208 -0.78442 0.00331142
209 -0.785813 0.00286535
210 -0.785506 0.00206553
211 -0.784787 0.00251113
212 -0.784592 0.00237867
213 -0.783054 0.00296968
214 -0.784403 0.00378312
215 -0.788478 0.00396505
216 -0.785162 0.00374917
217 -0.784689 0.00321684
218 -0.78318 0.00360895
219 -0.781626 0.00392054
220 -0.781021 0.00369365
221 -0.783533 0.00360364
222 -0.778861 0.00367182
223 -0.780573 0.00405476
224 -0.783922 0.00418271
225 -0.781489 0.00411817
226 -0.78302 0.00361266
227 -0.785554 0.00371772
228 -0.785047 0.00434323
229 -0.790112 0.00450644
230 -0.78793 0.00355102
231 -0.784952 0.00451019
232 -0.784919 0.00442447
233 -0.782352 0.00449057
234 -0.781194 0.00350495
235 -0.776912 0.00381327
236 -0.777969 0.00381442
237 -0.778658 0.00383182
238 -0.773275 0.00383133
239 -0.773474 0.0032292
240 -0.773408 0.00328006
241 -0.771812 0.00322852
242 -0.773099 0.00347877
243 -0.77545 0.00322517
244 -0.777646 0.00239833
245 -0.780677 0.00286458
246 -0.784699 0.00346167
247 -0.782786 0.00369481
248 -0.780039 0.00307711
249 -0.78032 0.00398616
250 -0.783019 0.00431759
251 -0.781859 0.0046895
252 -0.782308 0.00343975
253 -0.78068 0.00374091
254 -0.784541 0.00349497
255 -0.783617 0.00423752
256 -0.783355 0.0027123
257 -0.782547 0.00289702
258 -0.782626 0.00289364
259 -0.782837 0.00363198
260 -0.782964 0.00322883
261 -0.780683 0.00371034
262 -0.782646 0.00350971
263 -0.78279 0.00395763
264 -0.787295 0.00325127
265 -0.787613 0.00362341
266 -0.788452 0.00416553
267 -0.791086 0.00295937
268 -0.791295 0.0028773
269 -0.78808 0.00276341
270 -0.788574 0.00289671
271 -0.793882 0.0033408
272 -0.790027 0.00290645
273 -0.789549 0.00270213
274 -0.789159 0.00346104
275 -0.784509 0.00411982
276 -0.785046 0.00457514
277 -0.780384 0.00508862
278 -0.779051 0.00510804
279 -0.777965 0.00482748
280 -0.774486 0.00487137
281 -0.770292 0.00379497
282 -0.773107 0.00367681
283 -0.77093 0.00326978
284 -0.769857 0.00357222
285 -0.769899 0.00421153
286 -0.769616 0.00414218
287 -0.769065 0.00425316
288 -0.763481 0.004727
289 -0.756904 0.00467632
290 -0.748004 0.00503624
291 -0.7364 0.00551001
292 -0.726286 0.00496052
293 -0.712912 0.00409171
294 -0.696481 0.00364315
295 -0.671614 0.00359541
296 -0.640866 0.00414095
297 -0.595511 0.00537031
298 -0.536875 0.00560089
299 -0.464789 0.00657121
