1.1
1.09011
1.07666
1.06048
1.04225
1.02297
1.00381
0.985777
0.969519
0.955226
0.942851
0.932422
0.924167
0.918347
0.914855
0.912937
0.911211
0.908182
0.90289
0.895379
0.886729
0.878639
0.872764
0.870051
0.870406
0.872935
0.876538
0.880492
0.884638
0.889144
0.894038
0.898887
0.902801
0.904729
0.903839
0.899734
0.892487
0.882576
0.870694
0.85771
0.844738
0.833316
0.825411
0.822996
0.827201
0.837609
0.852243
0.868255
0.883009
0.894849
0.903252
0.908279
0.909946
0.908056
0.902602
0.894348
0.885117
0.877327
0.873006
0.872939
0.876532
0.882347
0.888653
0.893807
0.896512
0.896063
0.892536
0.88668
0.87958
0.872158
0.864821
0.857394
0.849356
0.840292
0.830331
0.820392
0.812091
0.807198
0.806866
0.811093
0.818793
0.828312
0.838042
0.846752
0.853691
0.858614
0.861784
0.863906
0.865939
0.868794
0.872944
0.878073
0.883084
0.886556
0.887388
0.885375
0.881483
0.877697
0.8764
0.879508
0.887799
0.900785
0.917013
0.93462
0.951759
0.966948
0.979224
0.9881
0.993404
0.995109
0.993165
0.987473
0.978013
0.965009
0.949071
0.931313
0.913401
0.897394
0.885518
0.879564
0.880157
0.886288
0.895656
0.905721
0.914651
0.921644
0.926636
0.929741
0.930829
0.929481
0.92527
0.918246
0.909306
0.900176
0.892949
0.889286
0.889749
0.893504
0.898694
0.903176
0.905282
0.904213
0.900002
0.893258
0.884811
0.875618
0.866646
0.858706
0.852283
0.847472
0.844147
0.84222
0.841759
0.842834
0.845334
0.84882
0.852723
0.856548
0.860044
0.863258
0.866526
0.87048
0.87588
0.883307
0.892823
0.903696
0.914395
0.922967
0.927599
0.927172
0.921597
0.911881
0.899928
0.887991
0.877973
0.871031
0.86761
0.867793
0.871614
0.879003
0.889423
0.901497
0.913066
0.921792
0.925994
0.925352
0.920896
0.914176
0.906181
0.897062
0.886742
0.875623
0.864692
0.855099
0.847671
0.842708
0.840148
0.839834
0.841741
0.846028
0.852711
0.861309
0.870652
0.879099
0.885126
0.887765
0.886807
0.882716
0.876449
0.869302
0.862759
0.858234
0.856717
0.858459
0.862953
0.869137
0.875782
0.881804
0.886474
0.889534
0.891275
0.892315
0.893216
0.894295
0.895913
0.899035
0.905077
0.914891
0.927738
0.941341
0.952942
0.960344
0.962363
0.958846
0.950423
0.938335
0.924243
0.909968
0.897158
0.886944
0.879791
0.875607
0.873987
0.874459
0.876595
0.879955
0.884022
0.888185
0.891729
0.893908
0.894026
0.891593
0.886496
0.879143
0.870474
0.861723
0.854016
0.847982
0.843677
0.840873
0.839473
0.839692
0.84197
0.846708
0.854139
0.864231
0.876676
0.890935
0.906296
0.9219
0.936904
0.950639
0.962786
0.973458
0.982997
0.99163
0.999194
1.0051
1.00862
1.00913
1.00639
1.00059
0.992312
0.98232
0.97139
0.960087
0.948742
0.937478
0.926473
0.916083
0.906858
0.899334
0.893856
0.890485
0.888988
0.888924
0.889751
0.890884
0.891764
0.891912
0.89107
0.889466
0.8879
0.887653
0.889991
0.895654
0.904504
0.915515
0.927112
0.937592
0.945541
0.949991
0.950516
0.947276
0.94091
0.93241
0.922935
0.913635
0.905487
0.899281
0.895603
0.894781
0.896815
0.901285
0.907294
0.913657
0.919165
0.922804
0.92385
0.921929
0.917151
0.910193
0.902253
0.894844
0.889481
0.887351
0.889065
0.8945
0.902872
0.912912
0.923112
0.932091
0.938876
0.943067
0.944879
0.944997
0.944272
0.943248
0.941851
0.939402
0.934992
0.927904
0.91776
0.904478
0.888111
0.86879
0.847025
0.824291
0.80368
0.789702
0.78644
0.794964
0.812635
0.835147
0.858874
0.881547
0.901813
0.918701
0.931537
0.939988
0.944143
0.944448
0.941626
0.9365
0.929816
0.92221
0.914252
0.906515
0.899666
0.894434
0.891467
0.891068
0.89307
0.896973
0.902109
0.907862
0.913755
0.91949
0.924952
0.930168
0.935159
0.939787
0.943695
0.946386
0.947503
0.947044
0.945321
0.942684
0.939252
0.934881
0.92926
0.922104
0.91321
0.902672
0.891045
0.879499
0.869632
0.862868
0.859897
0.86056
0.864271
0.870499
0.878974
0.889471
0.901571
0.914705
0.928398
0.942375
0.956274
0.969309
0.980276
0.988033
0.991871
0.991631
0.987435
0.979519
0.968258
0.954363
0.938994
0.923688
0.910092
0.899507
0.892408
0.888363
0.886337
0.885294
0.884693
0.884757
0.886256
0.890088
0.896706
0.905656
0.9155
0.924113
0.929368
0.929793
0.924964
0.915559
0.903125
0.889664
0.877176
0.867416
0.861696
0.860728
0.864508
0.872298
0.882689
0.893813
0.903747
0.910879
0.914236
0.913591
0.909357
0.902371
0.893587
0.88397
0.874384
0.865617
0.858358
0.853092
0.84999
0.848894
0.849378
0.850957
0.853249
0.856064
0.859404
0.863372
0.867975
0.872947
0.877638
0.881117
0.882481
0.881243
0.87749
0.871884
0.865524
0.860144
0.858083
0.861145
0.86849
0.876368
0.88074
0.879782
0.874286
0.866606
0.859427
0.854796
0.853775
0.856416
1.1
1.10685
1.11136
1.11184
1.10728
1.09748
1.08381
1.06956
1.05922
1.05643
1.0619
1.07295
1.08513
1.09438
1.09838
1.09679
1.09097
1.08358
1.0779
1.07683
1.08177
1.09176
1.10393
1.1149
1.1222
1.12478
1.12264
1.11637
1.10694
1.09574
1.08458
1.07538
1.06966
1.06821
1.07103
1.07733
1.08552
1.09344
1.09902
1.10103
1.09927
1.09435
1.08714
1.07832
1.0681
1.05645
1.04372
1.0311
1.02062
1.01416
1.01221
1.01356
1.0163
1.01923
1.02228
1.02583
1.02991
1.03399
1.03746
1.04021
1.04298
1.04709
1.0537
1.06287
1.07309
1.08193
1.08725
1.08832
1.086
1.08229
1.0795
1.07946
1.0829
1.08939
1.09763
1.10591
1.1124
1.11558
1.11482
1.11098
1.10628
1.10294
1.10132
1.0997
1.09581
1.08834
1.07734
1.06389
1.04963
1.03625
1.02525
1.01774
1.01428
1.01469
1.01819
1.02388
1.03106
1.03911
1.04722
1.05418
1.05864
1.05965
1.05706
1.05155
1.04432
1.03666
1.02966
1.02418
1.02094
1.02051
1.02324
1.02913
1.03762
1.04745
1.05691
1.06425
1.06821
1.06842
1.06551
1.0609
1.05632
1.05322
1.05228
1.05325
1.05518
1.05684
1.05721
1.05571
1.05197
1.04571
1.03686
1.02603
1.01506
1.00686
1.00428
1.00835
1.0175
1.02844
1.03791
1.04391
1.04611
1.04563
1.04463
1.04533
1.04891
1.05482
1.06109
1.06528
1.06551
1.06113
1.05266
1.0415
1.02941
1.01808
1.00881
1.00234
0.998898
0.998255
0.999951
1.00357
1.00892
1.01602
1.02485
1.03518
1.0465
1.05811
1.06926
1.07919
1.08724
1.09314
1.09699
1.09916
1.10011
1.10007
1.09907
1.09697
1.09361
1.08882
1.08234
1.07376
1.06278
1.04963
1.03548
1.02239
1.01268
1.00787
1.00821
1.01303
1.02141
1.03235
1.04485
1.0577
1.06963
1.07949
1.08658
1.09069
1.09191
1.09033
1.08587
1.07855
1.06884
1.0579
1.04745
1.03929
1.03478
1.03436
1.03742
1.04228
1.04671
1.04871
1.04724
1.04249
1.03572
1.02851
1.02209
1.01725
1.01473
1.01558
1.02058
1.02929
1.03949
1.0481
1.05251
1.05147
1.04523
1.03507
1.02292
1.0112
1.00275
1.00061
1.00717
1.02315
1.04695
1.07508
1.10325
1.12771
1.14595
1.15689
1.16065
1.15805
1.15029
1.1387
1.12474
1.11002
1.09639
1.08582
1.08007
1.08003
1.08518
1.09349
1.10204
1.10801
1.10967
1.10687
1.10081
1.09352
1.08704
1.08294
1.08195
1.08405
1.0886
1.09455
1.10076
1.10618
1.11016
1.11239
1.11286
1.11182
1.10964
1.10659
1.10266
1.09759
1.09121
1.08385
1.07649
1.07046
1.06701
1.06686
1.07023
1.07684
1.08592
1.0963
1.10665
1.11586
1.12322
1.12832
1.13078
1.13009
1.12576
1.11782
1.10708
1.09523
1.08451
1.07706
1.07423
1.07627
1.08242
1.09121
1.10092
1.10993
1.11696
1.12108
1.12172
1.11844
1.11085
1.09872
1.08246
1.06371
1.04567
1.03244
1.02737
1.03138
1.04286
1.05876
1.076
1.09204
1.10499
1.11343
1.11639
1.11348
1.10499
1.09198
1.07615
1.05957
1.04432
1.03208
1.02389
1.01998
1.01998
1.02296
1.02772
1.03294
1.03734
1.0399
1.03995
1.03743
1.03298
1.02791
1.024
1.02306
1.02655
1.0351
1.04832
1.06478
1.08242
1.09903
1.11268
1.12189
1.12581
1.12435
1.11839
1.10964
1.10023
1.09209
1.08649
1.08385
1.08386
1.08569
1.08815
1.08991
1.08978
1.08714
1.08212
1.07559
1.06881
1.06306
1.05921
1.05776
1.05897
1.06307
1.07
1.07907
1.0889
1.09788
1.10474
1.10887
1.11011
1.10852
1.10419
1.09723
1.08799
1.07731
1.06669
1.05836
1.05478
1.05748
1.06609
1.07846
1.0917
1.10321
1.1111
1.11414
1.11168
1.10341
1.08939
1.07036
1.04808
1.02529
1.00517
0.990375
0.982124
0.980135
0.983394
0.991071
1.0029
1.01885
1.03831
1.05962
1.08047
1.099
1.1145
1.12732
1.13817
1.14748
1.15517
1.16096
1.16488
1.16751
1.16978
1.17225
1.17456
1.17547
1.17341
1.16688
1.15475
1.13665
1.11341
1.08734
1.06238
1.0435
1.03474
1.03666
1.04594
1.05773
1.06838
1.07642
1.08204
1.08586
1.08805
1.08812
1.08522
1.07873
1.06868
1.05584
1.04147
1.02692
1.01354
1.00292
0.997093
0.998239
1.00777
1.02536
1.04885
1.07467
1.09906
1.1189
1.13227
1.13846
1.13773
1.13113
1.12024
1.10689
1.09281
1.0792
1.06659
1.05514
1.04503
1.03622
1.02797
1.01904
1.00917
1.00002
0.994662
0.996027
1.00532
1.02129
1.04078
1.05999
1.07581
1.08641
1.09131
1.09091
1.08604
1.07765
1.06666
1.05424
1.04214
1.03279
1.02879
1.03177
1.04137
1.05526
1.07021
1.08326
1.09264
1.09783
1.09925
1.09794
1.09517
1.09233
1.1
1.10038
1.10257
1.10599
1.11001
1.11467
1.12071
1.12867
1.13766
1.14518
1.14849
1.14595
1.13716
1.12234
1.10198
1.07711
1.04988
1.02404
1.00424
0.994204
0.994627
1.00278
1.0143
1.0257
1.03594
1.0462
1.05869
1.07507
1.09549
1.11858
1.14163
1.16155
1.17617
1.18498
1.18878
1.18859
1.18507
1.17868
1.17031
1.16158
1.15458
1.15144
1.15366
1.16129
1.17255
1.18408
1.19212
1.19384
1.18818
1.17579
1.15862
1.1392
1.11996
1.10258
1.08737
1.0733
1.05885
1.04328
1.02732
1.01285
1.0018
0.995186
0.992701
0.9932
0.99544
0.998856
1.00381
1.01134
1.02241
1.03702
1.05389
1.07089
1.08583
1.09719
1.10431
1.10727
1.10659
1.10304
1.09761
1.09159
1.08647
1.08357
1.08351
1.08599
1.08992
1.09404
1.09722
1.09865
1.09777
1.09448
1.08934
1.08355
1.07857
1.07557
1.07518
1.07739
1.08164
1.08696
1.09201
1.09508
1.09456
1.08941
1.07975
1.06697
1.05329
1.04081
1.03052
1.02205
1.01429
1.0063
0.997805
0.989196
0.981189
0.974615
0.97045
0.969979
0.97473
0.985823
1.00299
1.02396
1.04495
1.06171
1.0707
1.0698
1.05868
1.03895
1.01387
0.98778
0.965166
0.949552
0.942608
0.944033
0.952116
0.96458
0.979308
0.994826
1.01049
1.02635
1.04259
1.05901
1.07488
1.0894
1.10206
1.11256
1.12059
1.12547
1.12633
1.12252
1.11419
1.10274
1.09076
1.08146
1.07762
1.08051
1.08943
1.10202
1.11507
1.12515
1.12933
1.12564
1.11345
1.09371
1.06882
1.04198
1.01646
0.99521
0.980428
0.972846
0.971503
0.974538
0.980378
0.988022
0.996542
1.00467
1.01097
1.01461
1.01579
1.01577
1.01629
1.01868
1.02327
1.02928
1.03513
1.03896
1.03904
1.03433
1.02498
1.01275
1.00084
0.992806
0.99124
0.996718
1.00784
1.02201
1.03644
1.04888
1.05797
1.06328
1.06505
1.06387
1.06066
1.05657
1.05282
1.05024
1.0489
1.04825
1.0476
1.04666
1.04558
1.0446
1.04374
1.04279
1.0417
1.04079
1.04061
1.04162
1.04384
1.0469
1.0503
1.05362
1.05663
1.05916
1.06099
1.06169
1.06063
1.05725
1.05133
1.04313
1.03339
1.02316
1.01356
1.00559
1.00015
0.998036
0.999855
1.00569
1.01488
1.02608
1.03776
1.04861
1.05782
1.06508
1.07058
1.07482
1.07835
1.08149
1.08419
1.08605
1.08664
1.08573
1.08334
1.07958
1.07459
1.06878
1.06281
1.05721
1.05217
1.04769
1.04364
1.03972
1.03537
1.03003
1.02357
1.01668
1.01068
1.00687
1.00595
1.00785
1.01194
1.01757
1.02429
1.03189
1.04014
1.04863
1.05657
1.06289
1.06637
1.06607
1.06157
1.05312
1.04155
1.02801
1.0137
0.999622
0.986406
0.974494
0.964368
0.956862
0.953177
0.954424
0.960966
0.972031
0.985909
1.00053
1.01396
1.02474
1.03213
1.0363
1.03843
1.04038
1.04371
1.04849
1.05304
1.05485
1.05184
1.04327
1.0298
1.01316
0.995539
0.979089
0.965935
0.958451
0.958964
0.968589
0.98622
1.00897
1.03356
1.0572
1.07778
1.09362
1.10332
1.10587
1.1008
1.0884
1.06982
1.0468
1.02161
0.997221
0.977341
0.965392
0.962781
0.968089
0.978166
0.990109
1.00259
1.01595
1.03149
1.05036
1.07256
1.09667
1.12022
1.14051
1.1554
1.16356
1.16456
1.1587
1.14691
1.13062
1.11169
1.09226
1.07454
1.06033
1.05074
1.04586
1.04488
1.04638
1.04897
1.05174
1.05434
1.05669
1.05859
1.05958
1.05915
1.0571
1.05367
1.04952
1.04546
1.04221
1.04012
1.03914
1.03895
1.03918
1.03973
1.04083
1.04298
1.0466
1.0518
1.05823
1.06512
1.0715
1.07651
1.07966
1.08113
1.08177
1.08302
1.08638
1.09255
1.10072
1.10859
1.11321
1.11217
1.10442
1.09058
1.07274
1.05382
1.03684
1.02408
1.01663
1.01426
1.01574
1.01927
1.02293
1.02498
1.02413
1.01983
1.01275
1.0049
0.999265
0.998795
1.00492
1.01652
1.0302
1.04186
1.04859
1.04965
1.0465
1.04188
1.03856
1.03806
1.04041
1.04487
1.05078
1.05783
1.06597
1.07518
1.08538
1.09634
1.10764
1.11875
1.12907
1.13807
1.14529
1.15032
1.15276
1.15233
1.14893
1.1427
1.1341
1.12379
1.1125
1.10099
1.0899
1.07974
1.07102
1.06418
1.05964
1.05781
1.05907
1.06352
1.07068
1.07932
1.08773
1.09413
1.09729
1.09678
1.09315
1.08764
1.0815
1.07539
1.0692
1.0626
1.0559
1.05038
1.04782
1.04935
1.05458
1.0616
1.06793
1.07167
1.07214
1.06983
1.06605
1.06251
1.0608
1.06194
1.06633
1.07363
1.08244
1.09028
1.09418
1.0917
1.08182
1.06552
1.04587
1.02729
1.01373
1.00685
1.00569
1.00775
1.01055
1.01256
1.01354
1.01446
1.01704
1.02289
1.0327
1.04588
1.0607
1.075
1.08676
1.1
1.10336
1.10399
1.10294
1.10122
1.0992
1.09664
1.09295
1.08753
1.08
1.07052
1.05983
1.04916
1.03987
1.03285
1.02816
1.02507
1.02248
1.01948
1.01577
1.01189
1.00911
1.00889
1.01213
1.01904
1.02955
1.04359
1.06087
1.08055
1.10131
1.12178
1.14086
1.158
1.17305
1.18578
1.19525
1.19982
1.19787
1.1886
1.17235
1.15053
1.12513
1.0983
1.07195
1.04755
1.02614
1.00848
0.99519
0.986892
0.98426
0.987793
0.997242
1.01109
1.02667
1.04108
1.0522
1.05924
1.0627
1.06388
1.06429
1.06511
1.06683
1.06924
1.07157
1.07294
1.07275
1.07089
1.06783
1.06445
1.06189
1.06125
1.06327
1.06804
1.0749
1.08259
1.08953
1.09419
1.09532
1.09214
1.08456
1.07324
1.05979
1.04679
1.03735
1.03403
1.03785
1.04857
1.06591
1.08972
1.11889
1.15052
1.18057
1.20535
1.22249
1.23111
1.23164
1.22551
1.21553
1.20583
1.20081
1.20234
1.2082
1.21386
1.21565
1.21228
1.20428
1.19319
1.18063
1.16792
1.15588
1.1449
1.13517
1.12682
1.11999
1.11489
1.1118
1.111
1.11274
1.11691
1.12281
1.12892
1.13324
1.13362
1.12831
1.11629
1.0975
1.07307
1.04551
1.01864
0.996753
0.982818
0.977147
0.977732
0.981899
0.987628
0.99411
1.00168
1.01126
1.02328
1.03669
1.04921
1.05858
1.06402
1.0669
1.07011
1.07647
1.087
1.10029
1.11335
1.12296
1.12662
1.123
1.11221
1.0957
1.07612
1.05694
1.04172
1.03326
1.03296
1.04048
1.05384
1.07002
1.08582
1.09868
1.10705
1.11051
1.10949
1.10498
1.09842
1.09134
1.08488
1.07936
1.07433
1.0692
1.06391
1.05907
1.05549
1.0538
1.05428
1.0567
1.06045
1.06472
1.06878
1.07225
1.07519
1.07836
1.0834
1.09254
1.10722
1.12652
1.14717
1.16542
1.1786
1.18538
1.18524
1.17802
1.16395
1.14403
1.12036
1.09613
1.07503
1.06015
1.05307
1.05348
1.05949
1.0684
1.07766
1.08553
1.09134
1.09522
1.09763
1.09879
1.09859
1.09663
1.09276
1.08744
1.08186
1.07767
1.07629
1.07814
1.08224
1.08661
1.08907
1.08797
1.08279
1.07408
1.0632
1.05173
1.04097
1.03154
1.0234
1.01613
1.00938
1.00341
0.999368
0.999084
1.00431
1.01584
1.03315
1.05437
1.07698
1.09856
1.11747
1.13286
1.14441
1.15199
1.15549
1.15491
1.15042
1.14232
1.13092
1.11664
1.10025
1.08319
1.06737
1.05468
1.04641
1.04312
1.04481
1.05111
1.06121
1.0737
1.08643
1.09691
1.10313
1.10422
1.10063
1.09367
1.08483
1.07525
1.06548
1.05557
1.04554
1.03605
1.02884
1.02605
1.02896
1.03714
1.04863
1.06087
1.07157
1.07917
1.08306
1.08332
1.08064
1.07599
1.07033
1.06444
1.05882
1.05388
1.05006
1.04777
1.04728
1.04871
1.05219
1.05795
1.06619
1.0766
1.08815
1.09927
1.10835
1.1144
1.11733
1.1178
1.11657
1.11394
1.10947
1.10241
1.09231
1.07943
1.06472
1.04965
1.03582
1.02465
1.01699
1.01294
1.01168
1.01166
1.01109
1.00849
1.00324
0.995545
0.986348
0.977327
0.970874
0.969516
0.974708
0.985995
1.00163
1.01998
1.04012
1.06117
1.08166
1.09983
1.11422
1.12416
1.12992
1.13245
1.13295
1.13251
1.13179
1.13106
1.13047
1.13021
1.13047
1.13114
1.13174
1.13157
1.13001
1.12696
1.1231
1.11967
1.11787
1.1179
1.11866
1.1182
1.11453
1.10632
1.09325
1.07638
1.05821
1.04186
1.02944
1.02071
1.01367
1.00679
1.0004
0.996446
0.997014
1.00287
1.01315
1.02643
1.04189
1.05946
1.07889
1.09871
1.11627
1.12883
1.13475
1.13403
1.12817
1.11951
1.11056
1.10328
1.09878
1.09736
1.09874
1.10226
1.10702
1.11217
1.1173
1.12266
1.12912
1.13757
1.14809
1.15957
1.17002
1.17738
1.1801
1.17737
1.16917
1.15606
1.13907
1.11962
1.0994
1.08013
1.06339
1.05032
1.04148
1.03693
1.03629
1.03891
1.0439
1.05011
1.05631
1.06164
1.06592
1.06925
1.07125
1.07097
1.06759
1.06116
1.05261
1.04335
1.03471
1.02758
1.02223
1.01847
1.01599
1.01496
1.01619
1.02084
1.02944
1.04112
1.05393
1.06587
1.07574
1.08338
1.08942
1.09479
1.1002
1.10554
1.10965
1.11053
1.10628
1.09607
1.08056
1.06161
1.04151
1.02228
1.00521
0.990797
0.97885
0.96892
0.96098
0.956007
0.955882
0.96243
0.976013
0.994798
1.01548
1.03487
1.05105
1.06352
1.07272
1.07945
1.08457
1.08882
1.09283
1.09708
1.10177
1.10686
1.11204
1.11686
1.12073
1.12297
1.12301
1.12043
1.11515
1.1073
1.09686
1.08366
1.06766
1.04943
1.03068
1.01402
1.00232
0.997644
1.00053
1.00993
1.02377
1.03941
1.05418
1.06593
1.07351
1.07727
1.07894
1.08078
1.08435
1.08964
1.1
1.10415
1.1067
1.10772
1.10805
1.10841
1.10906
1.10966
1.10948
1.10766
1.1037
1.09756
1.08956
1.07993
1.06843
1.05444
1.03779
1.01993
1.00448
0.995825
0.996595
1.00642
1.02291
1.04333
1.06532
1.08681
1.10578
1.12045
1.12981
1.13378
1.1332
1.12958
1.12496
1.12163
1.12175
1.12661
1.13622
1.1495
1.16513
1.18185
1.19822
1.21226
1.22177
1.22517
1.22198
1.21275
1.19873
1.18136
1.16188
1.14097
1.11873
1.09501
1.07022
1.04598
1.02489
1.00916
0.999263
0.993927
0.991357
0.990395
0.990854
0.99322
0.998082
1.00571
1.01563
1.02635
1.03555
1.0408
1.04058
1.03498
1.02576
1.016
1.00901
1.00721
1.01139
1.02109
1.03525
1.0527
1.07222
1.09223
1.11085
1.12597
1.1355
1.13767
1.13159
1.11766
1.0977
1.07459
1.05144
1.03075
1.01397
1.0019
0.995055
0.993813
0.997778
1.00542
1.01437
1.0224
1.02853
1.03317
1.03701
1.03926
1.03743
1.02959
1.01717
1.0044
0.994355
0.986289
0.977891
0.968658
0.96042
0.955959
0.957441
0.965611
0.979658
0.997613
1.01703
1.0356
1.05145
1.0633
1.07052
1.0734
1.07327
1.07212
1.0716
1.0721
1.07277
1.0722
1.06927
1.06366
1.056
1.0478
1.04083
1.03662
1.03601
1.03955
1.04814
1.06288
1.08379
1.10855
1.133
1.15302
1.16594
1.1709
1.16843
1.15986
1.14675
1.13064
1.11293
1.0949
1.07754
1.06123
1.04585
1.03149
1.01905
1.01014
1.00636
1.00844
1.01592
1.0274
1.04099
1.05488
1.06773
1.07901
1.08887
1.09787
1.10638
1.11415
1.12029
1.12359
1.1232
1.1192
1.11292
1.10666
1.10299
1.10375
1.10929
1.11831
1.12837
1.13675
1.14111
1.14017
1.1341
1.12442
1.11342
1.10323
1.09494
1.08835
1.08247
1.07658
1.07103
1.06739
1.06757
1.0726
1.08185
1.09329
1.10419
1.11197
1.1148
1.11193
1.10358
1.09069
1.07463
1.0569
1.03904
1.02259
1.00908
1.00005
0.996725
0.99967
1.00824
1.0206
1.03432
1.04733
1.05869
1.06863
1.07795
1.0873
1.09687
1.1066
1.11638
1.12605
1.13503
1.14198
1.1449
1.14162
1.13088
1.11407
1.09661
1.08617
1.08709
1.09734
1.11182
1.12602
1.13673
1.14188
1.14092
1.13512
1.12686
1.11841
1.11106
1.10512
1.10032
1.0961
1.09174
1.08654
1.08004
1.07218
1.06325
1.05382
1.04457
1.03654
1.03119
1.03019
1.03427
1.04223
1.05139
1.05957
1.06661
1.07399
1.08285
1.09246
1.1008
1.10621
1.10819
1.10719
1.10417
1.10024
1.09642
1.09351
1.09213
1.09265
1.09498
1.09813
1.10028
1.09956
1.09504
1.08738
1.07893
1.07314
1.07304
1.07931
1.08987
1.10166
1.11239
1.12075
1.12584
1.1267
1.12252
1.11304
1.09897
1.082
1.06446
1.04867
1.03651
1.02928
1.02783
1.03239
1.04236
1.05635
1.07265
1.08952
1.10564
1.12023
1.13274
1.14241
1.1483
1.1498
1.14703
1.14081
1.13233
1.12278
1.11311
1.10428
1.09719
1.09255
1.09054
1.09082
1.09277
1.09571
1.09906
1.10233
1.10513
1.10712
1.1079
1.10704
1.10389
1.09776
1.0883
1.07623
1.06405
1.05555
1.05398
1.05981
1.07023
1.08093
1.0883
1.09058
1.08792
1.08175
1.07376
1.06527
1.05696
1.04907
1.04164
1.03457
1.02752
1.02011
1.0123
1.00478
0.999047
0.996956
0.999773
1.00751
1.01903
1.03278
1.0472
1.06062
1.07118
1.07734
1.07858
1.07578
1.07062
1.06463
1.05836
1.05163
1.04462
1.03877
1.03651
1.0399
1.04911
1.06224
1.07651
1.0896
1.10024
1.10802
1.11291
1.11502
1.11457
1.11208
1.10839
1.10441
1.10079
1.09779
1.09544
1.09383
1.09339
1.09478
1.09854
1.10471
1.1125
1.12042
1.12693
1.13128
1.13378
1.13519
1.13559
1.13396
1.12898
1.12026
1.109
1.09743
1.0877
1.08098
1.07741
1.07676
1.07881
1.0833
1.08995
1.09838
1.10817
1.11869
1.12927
1.13927
1.14823
1.15595
1.1623
1.16712
1.17028
1.17149
1.17029
1.16611
1.15849
1.14748
1.1338
1.11888
1.10447
1.0921
1.08273
1.07665
1.07363
1.073
1.0739
1.07556
1.0775
1.07953
1.08164
1.08381
1.08591
1.08776
1.08927
1.09066
1.09246
1.09528
1.09934
1.10417
1.1087
1.11154
1.11128
1.10673
1.09717
1.08259
1.06381
1.0424
1.0203
0.9995
0.982068
0.970684
0.968628
0.977744
0.995838
1.01722
1.03601
1.04848
1.05365
1.05336
1.05184
1.05362
1.06041
1.07036
1.08023
1.08771
1.09221
1.09476
1.09731
1.10156
1.10793
1.11524
1.12138
1.12426
1.12239
1.11497
1.1018
1.08344
1.06175
1.04032
1.02393
1.01658
1.01944
1.03041
1.0455
1.06062
1.07279
1.08068
1.08448
1.0852
1.08393
1.08118
1.07683
1.0703
