1.65
1.63516
1.615
1.59072
1.56337
1.53446
1.50571
1.47867
1.45428
1.43284
1.41428
1.39863
1.38625
1.37752
1.37228
1.36941
1.36682
1.36227
1.35433
1.34307
1.33009
1.31796
1.30915
1.30508
1.30561
1.3094
1.31481
1.32074
1.32696
1.33372
1.34106
1.34833
1.3542
1.35709
1.35576
1.3496
1.33873
1.32386
1.30604
1.28657
1.26711
1.24997
1.23812
1.23449
1.2408
1.25641
1.27836
1.30238
1.32451
1.34227
1.35488
1.36242
1.36492
1.36208
1.3539
1.34152
1.32767
1.31599
1.30951
1.30941
1.3148
1.32352
1.33298
1.34071
1.34477
1.34409
1.3388
1.33002
1.31937
1.30824
1.29723
1.28609
1.27403
1.26044
1.2455
1.23059
1.21814
1.2108
1.2103
1.21664
1.22819
1.24247
1.25706
1.27013
1.28054
1.28792
1.29268
1.29586
1.29891
1.30319
1.30942
1.31711
1.32463
1.32983
1.33108
1.32806
1.32222
1.31655
1.3146
1.31926
1.3317
1.35118
1.37552
1.40193
1.42764
1.45042
1.46884
1.48215
1.49011
1.49266
1.48975
1.48121
1.46702
1.44751
1.42361
1.39697
1.3701
1.34609
1.32828
1.31935
1.32024
1.32943
1.34348
1.35858
1.37198
1.38247
1.38995
1.39461
1.39624
1.39422
1.38791
1.37737
1.36396
1.35026
1.33942
1.33393
1.33462
1.34026
1.34804
1.35476
1.35792
1.35632
1.35
1.33989
1.32722
1.31343
1.29997
1.28806
1.27842
1.27121
1.26622
1.26333
1.26264
1.26425
1.268
1.27323
1.27908
1.28482
1.29007
1.29489
1.29979
1.30572
1.31382
1.32496
1.33923
1.35554
1.37159
1.38445
1.3914
1.39076
1.3824
1.36782
1.34989
1.33199
1.31696
1.30655
1.30142
1.30169
1.30742
1.3185
1.33413
1.35225
1.3696
1.38269
1.38899
1.38803
1.38134
1.37126
1.35927
1.34559
1.33011
1.31343
1.29704
1.28265
1.27151
1.26406
1.26022
1.25975
1.26261
1.26904
1.27907
1.29196
1.30598
1.31865
1.32769
1.33165
1.33021
1.32407
1.31467
1.30395
1.29414
1.28735
1.28508
1.28769
1.29443
1.30371
1.31367
1.32271
1.32971
1.3343
1.33691
1.33847
1.33982
1.34144
1.34387
1.34855
1.35762
1.37234
1.39161
1.41201
1.42941
1.44052
1.44355
1.43827
1.42563
1.4075
1.38636
1.36495
1.34574
1.33042
1.31969
1.31341
1.31098
1.31169
1.31489
1.31993
1.32603
1.33228
1.33759
1.34086
1.34104
1.33739
1.32974
1.31872
1.30571
1.29258
1.28102
1.27197
1.26552
1.26131
1.25921
1.25954
1.26295
1.27006
1.28121
1.29635
1.31501
1.3364
1.35944
1.38285
1.40536
1.42596
1.44418
1.46019
1.4745
1.48744
1.49879
1.50766
1.51293
1.51369
1.50959
1.50089
1.48847
1.47348
1.45709
1.44013
1.42311
1.40622
1.38971
1.37413
1.36029
1.349
1.34078
1.33573
1.33348
1.33339
1.33463
1.33633
1.33765
1.33787
1.33661
1.3342
1.33185
1.33148
1.33499
1.34348
1.35676
1.37327
1.39067
1.40639
1.41831
1.42499
1.42577
1.42091
1.41136
1.39861
1.3844
1.37045
1.35823
1.34892
1.3434
1.34217
1.34522
1.35193
1.36094
1.37048
1.37875
1.38421
1.38578
1.38289
1.37573
1.36529
1.35338
1.34227
1.33422
1.33103
1.3336
1.34175
1.35431
1.36937
1.38467
1.39814
1.40831
1.4146
1.41732
1.4175
1.41641
1.41487
1.41278
1.4091
1.40249
1.39186
1.37664
1.35672
1.33217
1.30318
1.27054
1.23644
1.20552
1.18455
1.17966
1.19245
1.21895
1.25272
1.28831
1.32232
1.35272
1.37805
1.3973
1.40998
1.41621
1.41667
1.41244
1.40475
1.39472
1.38332
1.37138
1.35977
1.3495
1.34165
1.3372
1.3366
1.33961
1.34546
1.35316
1.36179
1.37063
1.37923
1.38743
1.39525
1.40274
1.40968
1.41554
1.41958
1.42126
1.42057
1.41798
1.41403
1.40888
1.40232
1.39389
1.38316
1.36981
1.35401
1.33657
1.31925
1.30445
1.2943
1.28985
1.29084
1.29641
1.30575
1.31846
1.33421
1.35236
1.37206
1.3926
1.41356
1.43441
1.45396
1.47041
1.48205
1.48781
1.48745
1.48115
1.46928
1.45239
1.43154
1.40849
1.38553
1.36514
1.34926
1.33861
1.33254
1.32951
1.32794
1.32704
1.32714
1.32938
1.33513
1.34506
1.35848
1.37325
1.38617
1.39405
1.39469
1.38745
1.37334
1.35469
1.3345
1.31576
1.30112
1.29254
1.29109
1.29676
1.30845
1.32403
1.34072
1.35562
1.36632
1.37135
1.37039
1.36404
1.35356
1.34038
1.32596
1.31158
1.29843
1.28754
1.27964
1.27498
1.27334
1.27407
1.27644
1.27987
1.2841
1.28911
1.29506
1.30196
1.30942
1.31646
1.32167
1.32372
1.32186
1.31624
1.30783
1.29829
1.29022
1.28712
1.29172
1.30273
1.31455
1.32111
1.31967
1.31143
1.29991
1.28914
1.28219
1.28066
1.28462
1.65
1.66027
1.66704
1.66777
1.66092
1.64622
1.62572
1.60435
1.58883
1.58464
1.59285
1.60943
1.6277
1.64157
1.64757
1.64518
1.63645
1.62538
1.61685
1.61525
1.62265
1.63763
1.6559
1.67235
1.6833
1.68716
1.68396
1.67456
1.66041
1.64361
1.62687
1.61306
1.60449
1.60231
1.60654
1.616
1.62828
1.64016
1.64853
1.65154
1.6489
1.64152
1.63071
1.61748
1.60215
1.58468
1.56558
1.54666
1.53093
1.52123
1.51831
1.52034
1.52445
1.52885
1.53342
1.53874
1.54486
1.55098
1.55618
1.56032
1.56447
1.57063
1.58055
1.5943
1.60964
1.62289
1.63087
1.63248
1.629
1.62343
1.61925
1.61919
1.62434
1.63408
1.64645
1.65887
1.6686
1.67336
1.67223
1.66647
1.65943
1.65441
1.65197
1.64955
1.64372
1.63252
1.61601
1.59584
1.57445
1.55438
1.53788
1.5266
1.52143
1.52204
1.52729
1.53582
1.54658
1.55866
1.57083
1.58126
1.58796
1.58948
1.5856
1.57732
1.56648
1.55499
1.54449
1.53628
1.53141
1.53076
1.53486
1.5437
1.55643
1.57117
1.58536
1.59637
1.60232
1.60263
1.59827
1.59135
1.58449
1.57984
1.57842
1.57988
1.58278
1.58526
1.58581
1.58356
1.57795
1.56857
1.55528
1.53905
1.52259
1.51029
1.50641
1.51252
1.52625
1.54266
1.55686
1.56587
1.56917
1.56845
1.56695
1.56799
1.57336
1.58223
1.59164
1.59791
1.59827
1.59169
1.57899
1.56225
1.54411
1.52712
1.51321
1.50351
1.49835
1.49738
1.49993
1.50535
1.51338
1.52402
1.53727
1.55278
1.56975
1.58717
1.6039
1.61878
1.63086
1.63971
1.64548
1.64875
1.65017
1.65011
1.6486
1.64545
1.64042
1.63324
1.62351
1.61063
1.59417
1.57445
1.55322
1.53358
1.51902
1.5118
1.51231
1.51955
1.53211
1.54853
1.56727
1.58655
1.60444
1.61923
1.62987
1.63604
1.63787
1.63549
1.62881
1.61783
1.60326
1.58685
1.57117
1.55894
1.55217
1.55155
1.55613
1.56341
1.57007
1.57307
1.57085
1.56374
1.55359
1.54276
1.53313
1.52587
1.5221
1.52337
1.53088
1.54393
1.55923
1.57215
1.57877
1.57721
1.56784
1.5526
1.53438
1.5168
1.50413
1.50092
1.51076
1.53473
1.57043
1.61261
1.65487
1.69156
1.71892
1.73534
1.74098
1.73707
1.72543
1.70805
1.68711
1.66504
1.64458
1.62873
1.6201
1.62005
1.62777
1.64024
1.65306
1.66201
1.66451
1.6603
1.65122
1.64029
1.63057
1.62441
1.62293
1.62607
1.6329
1.64183
1.65114
1.65927
1.66524
1.66858
1.66929
1.66773
1.66446
1.65989
1.654
1.64639
1.63681
1.62577
1.61474
1.6057
1.60052
1.6003
1.60535
1.61527
1.62888
1.64445
1.65997
1.67379
1.68483
1.69248
1.69617
1.69513
1.68865
1.67674
1.66062
1.64284
1.62677
1.61559
1.61135
1.61441
1.62363
1.63682
1.65137
1.66489
1.67544
1.68163
1.68258
1.67765
1.66627
1.64808
1.6237
1.59557
1.5685
1.54866
1.54105
1.54708
1.56429
1.58814
1.614
1.63806
1.65749
1.67014
1.67458
1.67022
1.65749
1.63797
1.61423
1.58936
1.56648
1.54812
1.53583
1.52998
1.52997
1.53444
1.54158
1.5494
1.55601
1.55985
1.55993
1.55615
1.54948
1.54187
1.536
1.53459
1.53983
1.55265
1.57248
1.59717
1.62363
1.64854
1.66902
1.68284
1.68871
1.68653
1.67758
1.66446
1.65035
1.63814
1.62974
1.62578
1.62579
1.62854
1.63223
1.63486
1.63467
1.63071
1.62318
1.61338
1.60322
1.59459
1.58882
1.58664
1.58845
1.5946
1.605
1.6186
1.63335
1.64682
1.65711
1.66331
1.66517
1.66278
1.65629
1.64584
1.63199
1.61596
1.60003
1.58754
1.58218
1.58623
1.59914
1.61769
1.63754
1.65482
1.66665
1.67121
1.66753
1.65511
1.63408
1.60555
1.57213
1.53793
1.50775
1.48556
1.47319
1.4702
1.47509
1.48661
1.50435
1.52828
1.55746
1.58942
1.6207
1.6485
1.67175
1.69097
1.70725
1.72122
1.73276
1.74144
1.74732
1.75126
1.75467
1.75838
1.76183
1.7632
1.76012
1.75032
1.73212
1.70498
1.67012
1.63101
1.59358
1.56526
1.55211
1.55499
1.56891
1.58659
1.60257
1.61463
1.62306
1.62878
1.63208
1.63218
1.62784
1.6181
1.60302
1.58376
1.56221
1.54038
1.52032
1.50437
1.49564
1.49736
1.51165
1.53805
1.57327
1.61201
1.64859
1.67835
1.69841
1.70768
1.70659
1.69669
1.68035
1.66033
1.63921
1.6188
1.59988
1.58271
1.56754
1.55433
1.54195
1.52855
1.51376
1.50003
1.49199
1.49404
1.50798
1.53194
1.56117
1.58999
1.61371
1.62962
1.63696
1.63636
1.62906
1.61647
1.59999
1.58136
1.56321
1.54919
1.54319
1.54766
1.56205
1.5829
1.60531
1.62489
1.63896
1.64674
1.64888
1.64691
1.64276
1.63849
1.65
1.65057
1.65386
1.65899
1.66502
1.672
1.68106
1.69301
1.70649
1.71776
1.72274
1.71893
1.70574
1.6835
1.65298
1.61566
1.57482
1.53606
1.50637
1.49131
1.49194
1.50418
1.52144
1.53855
1.55391
1.5693
1.58804
1.6126
1.64324
1.67787
1.71244
1.74232
1.76426
1.77747
1.78317
1.78289
1.7776
1.76802
1.75547
1.74237
1.73187
1.72716
1.73048
1.74194
1.75882
1.77612
1.78818
1.79077
1.78227
1.76369
1.73793
1.7088
1.67995
1.65387
1.63105
1.60995
1.58828
1.56492
1.54098
1.51928
1.50271
1.49278
1.48905
1.4898
1.49316
1.49828
1.50571
1.51701
1.53362
1.55553
1.58084
1.60633
1.62874
1.64578
1.65646
1.66091
1.65989
1.65455
1.64641
1.63738
1.6297
1.62535
1.62527
1.62898
1.63489
1.64105
1.64583
1.64798
1.64666
1.64172
1.63401
1.62533
1.61786
1.61336
1.61278
1.61608
1.62245
1.63044
1.63801
1.64262
1.64183
1.63411
1.61963
1.60045
1.57994
1.56122
1.54577
1.53307
1.52144
1.50945
1.49671
1.48379
1.47178
1.46192
1.45568
1.45497
1.46209
1.47873
1.50448
1.53594
1.56742
1.59257
1.60605
1.60469
1.58801
1.55843
1.52081
1.48167
1.44775
1.42433
1.41391
1.41605
1.42817
1.44687
1.46896
1.49224
1.51574
1.53953
1.56389
1.58851
1.61232
1.63411
1.65308
1.66885
1.68088
1.68821
1.68949
1.68378
1.67129
1.65411
1.63614
1.62219
1.61643
1.62077
1.63414
1.65303
1.6726
1.68772
1.69399
1.68847
1.67018
1.64057
1.60324
1.56297
1.52468
1.49281
1.47064
1.45927
1.45726
1.46181
1.47057
1.48203
1.49481
1.507
1.51646
1.52192
1.52369
1.52366
1.52443
1.52802
1.53491
1.54392
1.55269
1.55844
1.55856
1.55149
1.53747
1.51913
1.50126
1.48921
1.48686
1.49508
1.51175
1.53301
1.55466
1.57332
1.58695
1.59492
1.59757
1.59581
1.59099
1.58485
1.57923
1.57536
1.57335
1.57237
1.5714
1.56999
1.56837
1.5669
1.5656
1.56418
1.56255
1.56118
1.56092
1.56243
1.56577
1.57035
1.57545
1.58043
1.58494
1.58875
1.59149
1.59253
1.59094
1.58587
1.57699
1.5647
1.55009
1.53474
1.52034
1.50839
1.50023
1.49705
1.49978
1.50853
1.52231
1.53912
1.55665
1.57292
1.58673
1.59762
1.60587
1.61223
1.61752
1.62223
1.62628
1.62907
1.62995
1.62859
1.62502
1.61937
1.61188
1.60317
1.59421
1.58582
1.57826
1.57153
1.56546
1.55958
1.55306
1.54504
1.53535
1.52502
1.51602
1.51031
1.50893
1.51177
1.51792
1.52635
1.53644
1.54783
1.56021
1.57294
1.58486
1.59433
1.59955
1.5991
1.59236
1.57968
1.56232
1.54201
1.52056
1.49943
1.47961
1.46174
1.44655
1.43529
1.42977
1.43164
1.44145
1.45805
1.47886
1.50079
1.52094
1.53711
1.5482
1.55445
1.55764
1.56058
1.56557
1.57273
1.57957
1.58228
1.57777
1.56491
1.5447
1.51974
1.49331
1.46863
1.4489
1.43768
1.43845
1.45288
1.47933
1.51346
1.55033
1.5858
1.61667
1.64043
1.65499
1.65881
1.6512
1.6326
1.60473
1.5702
1.53241
1.49583
1.46601
1.44809
1.44417
1.45213
1.46725
1.48516
1.50389
1.52392
1.54724
1.57554
1.60884
1.64501
1.68033
1.71076
1.7331
1.74535
1.74684
1.73805
1.72037
1.69593
1.66753
1.6384
1.6118
1.5905
1.57611
1.56879
1.56733
1.56958
1.57346
1.57761
1.58151
1.58504
1.58789
1.58937
1.58872
1.58565
1.5805
1.57427
1.56818
1.56331
1.56018
1.5587
1.55842
1.55876
1.55959
1.56125
1.56447
1.5699
1.5777
1.58734
1.59767
1.60725
1.61476
1.6195
1.6217
1.62266
1.62454
1.62958
1.63883
1.65108
1.66288
1.66982
1.66825
1.65663
1.63587
1.60911
1.58073
1.55526
1.53613
1.52494
1.5214
1.52362
1.5289
1.53439
1.53747
1.5362
1.52975
1.51913
1.50734
1.4989
1.49819
1.50737
1.52478
1.54531
1.5628
1.57288
1.57448
1.56975
1.56283
1.55785
1.55709
1.56061
1.56731
1.57618
1.58674
1.59895
1.61277
1.62807
1.64451
1.66145
1.67813
1.69361
1.7071
1.71794
1.72548
1.72915
1.72849
1.7234
1.71405
1.70115
1.68569
1.66875
1.65149
1.63484
1.61962
1.60653
1.59627
1.58946
1.58672
1.58861
1.59529
1.60601
1.61898
1.63159
1.6412
1.64594
1.64517
1.63973
1.63146
1.62225
1.61309
1.60381
1.5939
1.58384
1.57557
1.57173
1.57403
1.58187
1.5924
1.60189
1.60751
1.60821
1.60474
1.59907
1.59376
1.59121
1.59292
1.5995
1.61044
1.62366
1.63543
1.64127
1.63755
1.62273
1.59828
1.5688
1.54094
1.5206
1.51028
1.50854
1.51163
1.51583
1.51884
1.52031
1.5217
1.52555
1.53433
1.54905
1.56881
1.59105
1.6125
1.63013
1.65
1.65503
1.65598
1.6544
1.65184
1.6488
1.64496
1.63943
1.63129
1.61999
1.60578
1.58974
1.57375
1.55981
1.54928
1.54224
1.5376
1.53372
1.52923
1.52366
1.51784
1.51367
1.51333
1.5182
1.52856
1.54432
1.56538
1.5913
1.62082
1.65197
1.68267
1.71129
1.737
1.75957
1.77867
1.79287
1.79973
1.7968
1.7829
1.75853
1.72579
1.68769
1.64745
1.60792
1.57132
1.53921
1.51272
1.49279
1.48034
1.47639
1.48169
1.49586
1.51663
1.54
1.56161
1.57829
1.58887
1.59405
1.59582
1.59644
1.59766
1.60025
1.60386
1.60735
1.60941
1.60912
1.60634
1.60174
1.59667
1.59284
1.59188
1.59491
1.60206
1.61235
1.62388
1.6343
1.64128
1.64297
1.63822
1.62684
1.60986
1.58969
1.57018
1.55602
1.55105
1.55677
1.57285
1.59886
1.63458
1.67834
1.72578
1.77086
1.80803
1.83373
1.84667
1.84746
1.83827
1.82329
1.80874
1.80121
1.80352
1.81231
1.82079
1.82348
1.81841
1.80642
1.78978
1.77095
1.75188
1.73381
1.71735
1.70276
1.69023
1.67999
1.67233
1.6677
1.66651
1.66911
1.67537
1.68421
1.69338
1.69986
1.70043
1.69247
1.67444
1.64625
1.60961
1.56827
1.52796
1.49513
1.47423
1.46572
1.4666
1.47285
1.48144
1.49116
1.50251
1.51689
1.53492
1.55503
1.57381
1.58786
1.59604
1.60035
1.60516
1.6147
1.6305
1.65043
1.67003
1.68444
1.68992
1.68451
1.66832
1.64354
1.61418
1.58541
1.56258
1.54989
1.54944
1.56072
1.58076
1.60502
1.62873
1.64801
1.66058
1.66577
1.66423
1.65748
1.64764
1.63701
1.62732
1.61904
1.6115
1.6038
1.59587
1.58861
1.58324
1.58071
1.58142
1.58505
1.59067
1.59707
1.60317
1.60837
1.61278
1.61754
1.62511
1.63881
1.66083
1.68978
1.72076
1.74812
1.7679
1.77807
1.77786
1.76702
1.74592
1.71605
1.68054
1.64419
1.61254
1.59023
1.5796
1.58022
1.58923
1.6026
1.61649
1.6283
1.63701
1.64283
1.64644
1.64819
1.64788
1.64494
1.63913
1.63116
1.62279
1.61651
1.61444
1.61721
1.62336
1.62992
1.6336
1.63196
1.62419
1.61112
1.5948
1.5776
1.56146
1.54731
1.53511
1.5242
1.51407
1.50511
1.49905
1.49863
1.50646
1.52377
1.54972
1.58156
1.61546
1.64785
1.6762
1.69928
1.71661
1.72799
1.73323
1.73237
1.72564
1.71349
1.69639
1.67496
1.65038
1.62478
1.60105
1.58202
1.56962
1.56468
1.56722
1.57667
1.59182
1.61055
1.62964
1.64536
1.65469
1.65633
1.65095
1.6405
1.62724
1.61287
1.59822
1.58336
1.5683
1.55408
1.54326
1.53907
1.54343
1.5557
1.57294
1.59131
1.60735
1.61876
1.62459
1.62499
1.62096
1.61398
1.60549
1.59665
1.58823
1.58082
1.57509
1.57166
1.57092
1.57306
1.57828
1.58693
1.59929
1.6149
1.63223
1.6489
1.66253
1.6716
1.676
1.67669
1.67486
1.67091
1.6642
1.65362
1.63847
1.61914
1.59708
1.57448
1.55373
1.53698
1.52549
1.5194
1.51751
1.5175
1.51663
1.51273
1.50486
1.49332
1.47952
1.46599
1.45631
1.45427
1.46206
1.47899
1.50244
1.52997
1.56018
1.59175
1.62249
1.64974
1.67133
1.68623
1.69488
1.69868
1.69943
1.69877
1.69768
1.69659
1.6957
1.69531
1.6957
1.6967
1.69762
1.69736
1.69501
1.69045
1.68465
1.67951
1.6768
1.67685
1.678
1.6773
1.6718
1.65948
1.63987
1.61457
1.58731
1.56278
1.54416
1.53106
1.52051
1.51019
1.5006
1.49467
1.49552
1.5043
1.51972
1.53964
1.56284
1.5892
1.61833
1.64806
1.67441
1.69325
1.70212
1.70105
1.69225
1.67927
1.66584
1.65492
1.64817
1.64605
1.64811
1.65339
1.66053
1.66826
1.67595
1.68399
1.69368
1.70635
1.72214
1.73935
1.75503
1.76608
1.77015
1.76605
1.75375
1.73409
1.70861
1.67943
1.6491
1.6202
1.59509
1.57547
1.56223
1.55539
1.55444
1.55837
1.56584
1.57516
1.58446
1.59245
1.59888
1.60387
1.60688
1.60645
1.60139
1.59174
1.57892
1.56502
1.55206
1.54136
1.53335
1.5277
1.52399
1.52244
1.52428
1.53126
1.54416
1.56168
1.5809
1.59881
1.6136
1.62506
1.63413
1.64219
1.65029
1.65832
1.66447
1.6658
1.65942
1.6441
1.62084
1.59241
1.56227
1.53342
1.50782
1.4862
1.46827
1.45338
1.44147
1.43401
1.43382
1.44365
1.46402
1.4922
1.52321
1.5523
1.57658
1.59528
1.60907
1.61918
1.62685
1.63323
1.63924
1.64562
1.65265
1.66029
1.66806
1.6753
1.68109
1.68446
1.68451
1.68064
1.67273
1.66094
1.64529
1.62549
1.60149
1.57415
1.54602
1.52103
1.50349
1.49647
1.50079
1.5149
1.53565
1.55911
1.58127
1.59889
1.61027
1.61591
1.61841
1.62117
1.62652
1.63447
1.65
1.65622
1.66004
1.66158
1.66208
1.66262
1.66358
1.66448
1.66421
1.6615
1.65556
1.64634
1.63434
1.61989
1.60265
1.58167
1.55668
1.5299
1.50673
1.49374
1.49489
1.50963
1.53437
1.565
1.59797
1.63021
1.65866
1.68068
1.69472
1.70068
1.6998
1.69438
1.68744
1.68245
1.68263
1.68991
1.70432
1.72426
1.7477
1.77278
1.79734
1.81839
1.83266
1.83776
1.83297
1.81913
1.7981
1.77204
1.74282
1.71146
1.67809
1.64252
1.60533
1.56897
1.53733
1.51374
1.49889
1.49089
1.48704
1.48559
1.48628
1.48983
1.49712
1.50856
1.52344
1.53953
1.55333
1.56119
1.56087
1.55246
1.53865
1.52399
1.51352
1.51081
1.51709
1.53164
1.55287
1.57906
1.60833
1.63835
1.66627
1.68895
1.70324
1.7065
1.69739
1.6765
1.64655
1.61188
1.57716
1.54612
1.52096
1.50284
1.49258
1.49072
1.49667
1.50813
1.52155
1.53361
1.54279
1.54975
1.55551
1.55889
1.55614
1.54439
1.52576
1.5066
1.49153
1.47943
1.46684
1.45299
1.44063
1.43394
1.43616
1.44842
1.46949
1.49642
1.52555
1.55339
1.57718
1.59495
1.60578
1.6101
1.6099
1.60818
1.6074
1.60815
1.60916
1.60829
1.6039
1.59548
1.58401
1.57169
1.56125
1.55492
1.55401
1.55933
1.57221
1.59432
1.62568
1.66282
1.69951
1.72953
1.74891
1.75635
1.75265
1.73978
1.72013
1.69597
1.66939
1.64234
1.61631
1.59184
1.56878
1.54724
1.52858
1.51522
1.50954
1.51266
1.52388
1.5411
1.56149
1.58231
1.6016
1.61851
1.63331
1.64681
1.65956
1.67123
1.68044
1.68538
1.6848
1.67881
1.66938
1.65999
1.65449
1.65563
1.66394
1.67746
1.69256
1.70512
1.71166
1.71025
1.70114
1.68662
1.67013
1.65484
1.64241
1.63252
1.62371
1.61487
1.60655
1.60108
1.60136
1.6089
1.62277
1.63994
1.65629
1.66795
1.6722
1.66789
1.65537
1.63604
1.61194
1.58535
1.55857
1.53388
1.51362
1.50007
1.49509
1.4995
1.51236
1.5309
1.55148
1.571
1.58804
1.60295
1.61692
1.63094
1.64531
1.65989
1.67457
1.68908
1.70255
1.71296
1.71734
1.71242
1.69633
1.67111
1.64491
1.62926
1.63064
1.64601
1.66773
1.68903
1.7051
1.71281
1.71138
1.70267
1.69028
1.67761
1.66659
1.65768
1.65048
1.64415
1.63762
1.62982
1.62006
1.60827
1.59488
1.58073
1.56686
1.55481
1.54678
1.54529
1.55141
1.56335
1.57709
1.58935
1.59991
1.61098
1.62428
1.63869
1.6512
1.65932
1.66228
1.66079
1.65626
1.65036
1.64463
1.64027
1.6382
1.63898
1.64247
1.6472
1.65043
1.64934
1.64256
1.63107
1.61839
1.6097
1.60956
1.61896
1.6348
1.65249
1.66859
1.68113
1.68875
1.69006
1.68378
1.66956
1.64845
1.623
1.59669
1.57301
1.55476
1.54392
1.54174
1.54859
1.56353
1.58453
1.60897
1.63427
1.65846
1.68035
1.69911
1.71362
1.72245
1.72471
1.72055
1.71121
1.6985
1.68417
1.66967
1.65641
1.64579
1.63882
1.63581
1.63624
1.63915
1.64356
1.64859
1.6535
1.6577
1.66068
1.66186
1.66056
1.65583
1.64664
1.63245
1.61435
1.59608
1.58333
1.58098
1.58971
1.60534
1.62139
1.63245
1.63587
1.63189
1.62262
1.61064
1.59791
1.58544
1.5736
1.56246
1.55185
1.54127
1.53016
1.51844
1.50717
1.49857
1.49543
1.49966
1.51126
1.52855
1.54918
1.5708
1.59093
1.60677
1.61601
1.61787
1.61366
1.60592
1.59694
1.58754
1.57745
1.56693
1.55815
1.55476
1.55984
1.57366
1.59337
1.61477
1.6344
1.65036
1.66203
1.66937
1.67253
1.67185
1.66812
1.66259
1.65661
1.65118
1.64669
1.64315
1.64075
1.64009
1.64216
1.64781
1.65706
1.66874
1.68062
1.6904
1.69692
1.70067
1.70278
1.70338
1.70094
1.69347
1.68039
1.6635
1.64614
1.63155
1.62147
1.61611
1.61514
1.61821
1.62496
1.63492
1.64757
1.66225
1.67803
1.6939
1.7089
1.72235
1.73392
1.74345
1.75069
1.75541
1.75723
1.75543
1.74916
1.73774
1.72122
1.70071
1.67833
1.65671
1.63815
1.62409
1.61498
1.61045
1.6095
1.61085
1.61334
1.61626
1.61929
1.62246
1.62571
1.62887
1.63164
1.63391
1.63599
1.63869
1.64293
1.64901
1.65626
1.66305
1.66731
1.66692
1.66009
1.64576
1.62388
1.59571
1.56359
1.53044
1.49925
1.4731
1.45603
1.45294
1.46662
1.49376
1.52583
1.55401
1.57273
1.58048
1.58003
1.57776
1.58043
1.59062
1.60554
1.62035
1.63157
1.63831
1.64214
1.64597
1.65235
1.6619
1.67287
1.68208
1.68639
1.68358
1.67246
1.65269
1.62515
1.59262
1.56048
1.53589
1.52487
1.52916
1.54561
1.56825
1.59093
1.60918
1.62102
1.62672
1.6278
1.62589
1.62177
1.61524
1.60545
