-3.81737
-3.81703
-3.81658
-3.81733
-3.81869
-3.81869
-3.81914
-3.81824
-3.81869
-3.81945
-3.81884
-3.81854
-3.81809
-3.81839
-3.81703
-3.81628
-3.81613
-3.81537
-3.81552
-3.81583
-3.81522
-3.81552
-3.81582
-3.81658
-3.81643
-3.81673
-3.81673
-3.81673
-3.81658
-3.81598
-3.81522
-3.81462
-3.81401
-3.81356
-3.81386
-3.81462
-3.81462
-3.81432
-3.81552
-3.81643
-3.81673
-3.81763
-3.81733
-3.81733
-3.81733
-3.81854
-3.81809
-3.81794
-3.81855
-3.81779
-3.81809
-3.81764
-3.81719
-3.81704
-3.81764
-3.81718
-3.81718
-3.81612
-3.81642
-3.81627
-3.81688
-3.81824
-3.81718
-3.81718
-3.81824
-3.81839
-3.81869
-3.81824
-3.81869
-3.81854
-3.81854
-3.81824
-3.81915
-3.81794
-3.81809
-3.81643
-3.81688
-3.81672
-3.81703
-3.81658
-3.81658
-3.81688
-3.81718
-3.81749
-3.81749
-3.81673
-3.81658
-3.81612
-3.81643
-3.81643
-3.81597
-3.81582
-3.81552
-3.81658
-3.81658
-3.81598
-3.81567
-3.81597
-3.81521
-3.81536
-3.81536
-3.81567
-3.81567
-3.81552
-3.81522
-3.81507
-3.81477
-3.81416
-3.81326
-3.81371
-3.81311
-3.81311
-3.81341
-3.81477
-3.81507
-3.81507
-3.81552
-3.81476
-3.81416
-3.81506
-3.81552
-3.81416
-3.81431
-3.81492
-3.81432
-3.81507
-3.81492
-3.81432
-3.81507
-3.81432
-3.81507
-3.81417
-3.81447
-3.81371
-3.81416
-3.81265
-3.81144
-3.81099
-3.81129
-3.8116
-3.81175
-3.81145
-3.8125
-3.81145
-3.8119
-3.81341
-3.81492
-3.81492
-3.81371
-3.81401
-3.81356
-3.81371
-3.81371
-3.81265
-3.81235
-3.81296
-3.81356
-3.81281
-3.8122
-3.8116
-3.8113
-3.8122
-3.81175
-3.81265
-3.81311
-3.8125
-3.81296
-3.81402
-3.81326
-3.81523
-3.81598
-3.81568
-3.81552
-3.81552
-3.81477
-3.81537
-3.81522
-3.81522
-3.81462
-3.81386
-3.81356
-3.81266
-3.81205
-3.81266
-3.81236
-3.81281
-3.8125
-3.81084
-3.8119
-3.81311
-3.81341
-3.81295
-3.8122
-3.81189
-3.8131
-3.81235
-3.81295
-3.81356
-3.81371
-3.81386
-3.81401
-3.81401
-3.81461
-3.81447
-3.81462
-3.81492
-3.81386
-3.81431
-3.81476
-3.81491
-3.81552
-3.81718
-3.81688
-3.81612
-3.81552
-3.81491
-3.81522
-3.81597
-3.81703
-3.81733
-3.81658
-3.81597
-3.81643
-3.81567
-3.81688
-3.81642
-3.81703
-3.81763
-3.81748
-3.81794
-3.81809
-3.81824
-3.81779
-3.81688
-3.81718
-3.81703
-3.81597
-3.81506
-3.81491
-3.81551
-3.81627
-3.81476
-3.81536
-3.81416
-3.81385
-3.81355
-3.81416
-3.81431
-3.81522
-3.81491
-3.81612
-3.81612
-3.81627
-3.81748
-3.81703
-3.81748
-3.81763
-3.81824
-3.81748
-3.81763
-3.81778
-3.81884
-3.81748
-3.81823
-3.81733
-3.81763
-3.81824
-3.81808
-3.81824
-3.81778
-3.81748
-3.81673
-3.81657
-3.81567
-3.81612
-3.81536
-3.81536
-3.81597
-3.81582
-3.81642
-3.81612
-3.81552
-3.81582
-3.81446
-3.81491
-3.81551
-3.81536
-3.81446
-3.81445
-3.81385
-3.81461
-3.8143
-3.81445
-3.81415
-3.81461
-3.814
-3.8137
-3.81446
-3.81446
-3.81446
-3.81416
-3.81461
-3.81446
-3.8134
-3.8134
-3.8131
-3.81249
-3.81265
-3.8128
-3.81341
-3.81431
-3.81416
-3.81416
-3.81416
-3.81431
-3.81567
-3.81642
-3.81703
-3.81657
-3.81612
-3.81627
-3.81657
-3.81703
-3.81627
-3.81703
-3.81703
-3.81627
-3.81582
-3.81552
-3.81582
-3.81522
-3.81506
-3.81491
-3.81476
-3.81415
-3.81445
-3.81445
-3.8137
-3.814
-3.8131
-3.81355
-3.81355
-3.81401
-3.81431
-3.81265
-3.81189
-3.8125
-3.8131
-3.8125
-3.81205
-3.81114
-3.81038
-3.81069
-3.81159
-3.8125
-3.81235
-3.81174
-3.81099
-3.81159
-3.81173
-3.81188
-3.81264
-3.81204
-3.81114
-3.81129
-3.81084
-3.81069
-3.81114
-3.81084
-3.80948
-3.80978
-3.81023
-3.81099
-3.81144
-3.8125
-3.8125
-3.81386
-3.81295
-3.81325
-3.81204
-3.81098
-3.81129
-3.81129
-3.81159
-3.8131
-3.81325
-3.81416
-3.81446
-3.81416
-3.81325
-3.81431
-3.81491
-3.81416
-3.81431
-3.81476
-3.81506
-3.8137
-3.81416
-3.814
-3.81385
-3.81355
-3.814
-3.81491
-3.81491
-3.81461
-3.81551
-3.81491
-3.81491
-3.81506
-3.81582
-3.81551
-3.81536
-3.81431
-3.81446
-3.81431
-3.81416
-3.81476
-3.81416
-3.8137
-3.81386
-3.81461
-3.81431
-3.81522
-3.81537
-3.81567
-3.81597
-3.81657
-3.81567
-3.81582
-3.81551
-3.81521
-3.81551
-3.81566
-3.81642
-3.81672
-3.81672
-3.81627
-3.81506
-3.81461
-3.8143
-3.81476
-3.81416
-3.81401
-3.81416
-3.81386
-3.81295
-3.81325
-3.8128
-3.81355
-3.8131
-3.81219
-3.81249
-3.81279
-3.81279
-3.81385
-3.81415
-3.81521
-3.81506
-3.81506
-3.81461
-3.81416
-3.81491
-3.81446
-3.81355
-3.81355
-3.8134
-3.81325
-3.8134
-3.81309
-3.8134
-3.81279
-3.81189
-3.81189
-3.81098
-3.81083
-3.81068
-3.81083
-3.81249
-3.81325
-3.8134
-3.8134
-3.81234
-3.81174
-3.81204
-3.81295
-3.81295
-3.81264
-3.814
-3.8143
-3.8143
-3.81401
-3.81401
-3.81446
-3.81537
-3.81537
-3.81536
-3.81476
-3.81581
-3.81642
-3.81612
-3.45952
-3.4594
-3.45971
-3.45971
-3.45865
-3.45865
-3.45955
-3.45955
-3.45924
-3.45849
-3.45864
-3.45804
-3.45865
-3.45805
-3.45911
-3.45895
-3.45865
-3.45819
-3.45879
-3.45909
-3.45909
-3.4594
-3.45986
-3.46016
-3.45986
-3.46076
-3.46061
-3.46046
-3.46121
-3.46152
-3.46106
-3.46076
-3.46181
-3.46076
-3.46061
-3.46046
-3.46091
-3.46061
-3.46092
-3.46107
-3.46106
-3.46137
-3.46242
-3.46182
-3.46197
-3.46182
-3.46242
-3.46257
-3.46318
-3.46333
-3.46318
-3.46318
-3.46288
-3.46288
-3.46333
-3.46182
-3.46273
-3.46212
-3.46242
-3.46303
-3.46454
-3.46544
-3.46605
-3.4662
-3.46635
-3.46515
-3.46605
-3.4653
-3.46393
-3.46363
-3.46363
-3.46378
-3.46287
-3.46182
-3.46121
-3.46076
-3.45971
-3.46031
-3.46137
-3.46212
-3.46242
-3.46302
-3.46288
-3.46273
-3.46288
-3.46288
-3.46273
-3.46288
-3.46363
-3.46394
-3.46454
-3.46378
-3.46333
-3.46318
-3.46393
-3.46424
-3.46409
-3.46363
-3.46318
-3.46333
-3.46288
-3.46454
-3.46439
-3.46242
-3.46242
-3.46257
-3.46348
-3.46317
-3.46181
-3.46091
-3.46136
-3.46227
-3.46197
-3.46136
-3.46106
-3.46061
-3.46031
-3.46076
-3.46061
-3.46061
-3.46045
-3.45985
-3.4603
-3.4597
-3.4603
-3.4603
-3.46046
-3.46015
-3.46016
-3.46046
-3.46106
-3.4603
-3.45924
-3.45834
-3.45864
-3.45667
-3.45683
-3.45698
-3.45668
-3.45608
-3.45623
-3.45623
-3.45577
-3.45577
-3.45562
-3.45577
-3.45547
-3.45517
-3.45563
-3.45683
-3.45653
-3.45668
-3.45698
-3.45638
-3.45577
-3.45577
-3.45607
-3.45622
-3.45653
-3.45698
-3.45743
-3.45758
-3.45804
-3.45758
-3.45774
-3.45774
-3.45774
-3.45729
-3.45683
-3.45728
-3.45849
-3.45955
-3.45985
-3.46
-3.46136
-3.46091
-3.46197
-3.46257
-3.46167
-3.46197
-3.46197
-3.46318
-3.46182
-3.46197
-3.46227
-3.46197
-3.46212
-3.46227
-3.46227
-3.46227
-3.46152
-3.46122
-3.46076
-3.46046
-3.45971
-3.4588
-3.4594
-3.45895
-3.45865
-3.45925
-3.45986
-3.4594
-3.45895
-3.45955
-3.45894
-3.45925
-3.4588
-3.45789
-3.45714
-3.45805
-3.4591
-3.45941
-3.46001
-3.45955
-3.45834
-3.45729
-3.45713
-3.45743
-3.45789
-3.45834
-3.45774
-3.45789
-3.4582
-3.45835
-3.45895
-3.45895
-3.45985
-3.45879
-3.45924
-3.46015
-3.45954
-3.45969
-3.45955
-3.45955
-3.45804
-3.45789
-3.4582
-3.45804
-3.4588
-3.46001
-3.4594
-3.4597
-3.45955
-3.46106
-3.46106
-3.46196
-3.4612
-3.46075
-3.46106
-3.46061
-3.4597
-3.45971
-3.4588
-3.4597
-3.45985
-3.4594
-3.45894
-3.45849
-3.45879
-3.45909
-3.4597
-3.46015
-3.45985
-3.45985
-3.4591
-3.45849
-3.45864
-3.45834
-3.45773
-3.45789
-3.45683
-3.45728
-3.45774
-3.45773
-3.45668
-3.45683
-3.45788
-3.45728
-3.45788
-3.45894
-3.46
-3.46015
-3.4603
-3.46076
-3.46106
-3.46151
-3.46212
-3.46182
-3.46242
-3.46378
-3.46378
-3.46453
-3.46363
-3.46347
-3.46302
-3.46272
-3.46257
-3.46317
-3.46287
-3.46303
-3.46348
-3.46333
-3.46318
-3.46272
-3.46121
-3.46001
-3.4597
-3.4597
-3.46015
-3.45909
-3.45818
-3.45833
-3.45849
-3.45879
-3.45895
-3.45849
-3.45925
-3.4594
-3.46031
-3.46061
-3.46137
-3.46091
-3.46015
-3.46
-3.46015
-3.46045
-3.46015
-3.4606
-3.46136
-3.46182
-3.46212
-3.46273
-3.46484
-3.4662
-3.46605
-3.4662
-3.4662
-3.46453
-3.46529
-3.46423
-3.46302
-3.46151
-3.46151
-3.46136
-3.46106
-3.46197
-3.46152
-3.46137
-3.46061
-3.46106
-3.46136
-3.46197
-3.46151
-3.4606
-3.46196
-3.46317
-3.46272
-3.46242
-3.46303
-3.46272
-3.46257
-3.46272
-3.46121
-3.46272
-3.46333
-3.46318
-3.46257
-3.46197
-3.46257
-3.46106
-3.46166
-3.46212
-3.46333
-3.46378
-3.46394
-3.46303
-3.46258
-3.46333
-3.46303
-3.46273
-3.46197
-3.46212
-3.46227
-3.46287
-3.46272
-3.46196
-3.46272
-3.46197
-3.46288
-3.46499
-3.46484
-3.46424
-3.46469
-3.46439
-3.46515
-3.4659
-3.4656
-3.4662
-3.46544
-3.46514
-3.46453
-3.46469
-3.46454
-3.46529
-3.46514
-3.46378
-3.46333
-3.46333
-3.46364
-3.46212
-3.46348
-3.46318
-3.46303
-3.46363
-3.46288
-3.46273
-3.46378
-3.46409
-3.46363
-3.46393
-3.46363
-3.46379
-3.46424
-3.46455
-3.46379
-3.46364
-3.46288
-3.46273
-3.46348
-3.46287
-3.46136
-3.46227
-3.46137
-3.46137
-3.46152
-3.46228
-3.46273
-3.46197
-3.46213
-3.46318
-3.46349
-3.46167
-3.46228
-3.46152
-3.46077
-3.46122
-3.46061
-3.46031
-3.45985
-3.46
-3.45894
-3.45743
-3.45608
-3.45759
-3.45699
-3.45744
-3.4579
-3.4582
-3.45926
-3.45835
-3.4582
-3.45804
-3.45774
-3.4588
-3.4588
-3.4594
-3.46046
-3.46001
-3.45941
-3.4591
-3.45865
-3.4588
-3.45834
-3.45849
-3.45879
-3.45895
-3.45865
-3.4576
-3.45714
-3.4579
-3.4576
-3.45745
-3.4579
-3.45805
-3.45865
-3.4582
-3.45744
-3.45683
-3.45698
-3.45668
-3.45653
-3.45729
-3.45759
-3.45895
-3.45925
-3.45865
-3.45895
-3.46046
-3.46076
-3.46152
-3.44703
-3.44732
-3.44762
-3.44792
-3.44822
-3.44852
-3.44837
-3.44852
-3.44838
-3.44853
-3.44838
-3.44853
-3.44883
-3.44642
-3.44702
-3.44717
-3.44792
-3.44852
-3.44943
-3.44897
-3.44883
-3.44762
-3.44747
-3.44748
-3.44823
-3.44777
-3.44777
-3.44762
-3.44883
-3.44898
-3.44974
-3.45035
-3.44974
-3.44929
-3.4505
-3.45019
-3.45065
-3.45034
-3.45049
-3.45079
-3.45094
-3.452
-3.45109
-3.45019
-3.45079
-3.45125
-3.45201
-3.45231
-3.45216
-3.45201
-3.45231
-3.45216
-3.452
-3.45095
-3.4508
-3.4508
-3.45004
-3.44959
-3.44989
-3.44958
-3.44989
-3.44913
-3.45079
-3.4508
-3.45095
-3.45095
-3.44989
-3.44928
-3.44943
-3.44868
-3.44838
-3.44838
-3.44778
-3.44823
-3.44763
-3.44823
-3.44868
-3.44747
-3.44702
-3.44747
-3.44626
-3.44581
-3.44596
-3.44581
-3.44732
-3.44747
-3.44747
-3.44823
-3.44793
-3.44762
-3.44702
-3.44687
-3.44671
-3.44686
-3.44656
-3.44671
-3.44656
-3.44641
-3.44687
-3.44763
-3.44748
-3.44763
-3.44762
-3.44868
-3.44822
-3.44822
-3.44838
-3.44702
-3.44687
-3.44702
-3.44657
-3.44777
-3.44717
-3.44702
-3.44626
-3.44716
-3.44626
-3.44611
-3.44641
-3.44641
-3.44687
-3.44778
-3.44718
-3.44688
-3.44612
-3.44597
-3.44626
-3.44566
-3.44505
-3.44475
-3.44505
-3.44444
-3.44415
-3.444
-3.44385
-3.44354
-3.44339
-3.44324
-3.4443
-3.4443
-3.4446
-3.4443
-3.44551
-3.44611
-3.44611
-3.44611
-3.44611
-3.44642
-3.44656
-3.44747
-3.44747
-3.44761
-3.44792
-3.44822
-3.44762
-3.44732
-3.44611
-3.44612
-3.44627
-3.44687
-3.44718
-3.44748
-3.44778
-3.44687
-3.44777
-3.44792
-3.44792
-3.44671
-3.44566
-3.44581
-3.44551
-3.44536
-3.44551
-3.44491
-3.44657
-3.44687
-3.44611
-3.44717
-3.44672
-3.44702
-3.44808
-3.44823
-3.44868
-3.44823
-3.44854
-3.44884
-3.44793
-3.44748
-3.44717
-3.44792
-3.44732
-3.44823
-3.44747
-3.44642
-3.44597
-3.44657
-3.44718
-3.44718
-3.44748
-3.44793
-3.44763
-3.44838
-3.44793
-3.44748
-3.44838
-3.44717
-3.44793
-3.44808
-3.44869
-3.44869
-3.44718
-3.44672
-3.44642
-3.44612
-3.44581
-3.44566
-3.44476
-3.44597
-3.44717
-3.44823
-3.44808
-3.44838
-3.44778
-3.44929
-3.44929
-3.44899
-3.44838
-3.44974
-3.44929
-3.44959
-3.44853
-3.44793
-3.44868
-3.44899
-3.44853
-3.44838
-3.44763
-3.44702
-3.44748
-3.44688
-3.44748
-3.44778
-3.44778
-3.44854
-3.44853
-3.44763
-3.44717
-3.44642
-3.44551
-3.44581
-3.44582
-3.44521
-3.44461
-3.44536
-3.44415
-3.44476
-3.44536
-3.44566
-3.44506
-3.444
-3.44279
-3.44294
-3.44249
-3.44294
-3.44249
-3.44158
-3.44067
-3.44143
-3.44113
-3.44279
-3.44324
-3.44445
-3.444
-3.44445
-3.44385
-3.44309
-3.44264
-3.44219
-3.44309
-3.44506
-3.44521
-3.44506
-3.4443
-3.44505
-3.44475
-3.44505
-3.44505
-3.44339
-3.44339
-3.44354
-3.44339
-3.44309
-3.44309
-3.44294
-3.44325
-3.44385
-3.44476
-3.44476
-3.4446
-3.4443
-3.44445
-3.4446
-3.44476
-3.44476
-3.44476
-3.4443
-3.4434
-3.4434
-3.44294
-3.44249
-3.44324
-3.44263
-3.44308
-3.44369
-3.4443
-3.44415
-3.44475
-3.44506
-3.44491
-3.44461
-3.44551
-3.44461
-3.44521
-3.44582
-3.44627
-3.44657
-3.44611
-3.4452
-3.4449
-3.4449
-3.44595
-3.44611
-3.44702
-3.44702
-3.44823
-3.44823
-3.44807
-3.44777
-3.44777
-3.44838
-3.44853
-3.44868
-3.44793
-3.44823
-3.44838
-3.44868
-3.44808
-3.44838
-3.44747
-3.44686
-3.44732
-3.44671
-3.44641
-3.44641
-3.44596
-3.44581
-3.4449
-3.44505
-3.44475
-3.44506
-3.44475
-3.44445
-3.44385
-3.444
-3.44385
-3.44385
-3.444
-3.44445
-3.4449
-3.4449
-3.44581
-3.44551
-3.44521
-3.4449
-3.44475
-3.44384
-3.4446
-3.44279
-3.444
-3.44294
-3.44385
-3.44445
-3.444
-3.44354
-3.44263
-3.44203
-3.44278
-3.44399
-3.44385
-3.44294
-3.44355
-3.44234
-3.44234
-3.44249
-3.44218
-3.44218
-3.44172
-3.44127
-3.44067
-3.44022
-3.43977
-3.44113
-3.44143
-3.44068
-3.44022
-3.43977
-3.44067
-3.44112
-3.44082
-3.44052
-3.44082
-3.44173
-3.44234
-3.44219
-3.44309
-3.44309
-3.44369
-3.44384
-3.44309
-3.44309
-3.44339
-3.44384
-3.44414
-3.4452
-3.4452
-3.44475
-3.44444
-3.44339
-3.44293
-3.44248
-3.44279
-3.44143
-3.44142
-3.44173
-3.44203
-3.44203
-3.44263
-3.44157
-3.44142
-3.44187
-3.44172
-3.44187
-3.44323
-3.44399
-3.44444
-3.44459
-3.44474
-3.44565
-3.4458
-3.4452
-3.44565
-3.44581
-3.44566
-3.44551
-3.44611
-3.44641
-3.44701
-3.44701
-3.44671
-3.44867
-3.44867
-3.44807
-3.44852
-3.44761
-3.44776
-3.44731
-3.44822
-3.44686
-3.44611
-3.44641
-3.44671
-3.44762
-3.44747
-3.44686
-3.44747
-3.44701
-3.44701
-3.44702
-3.44717
-3.44778
-3.44778
-3.44627
-3.44627
-3.44671
-3.44611
-3.4452
-3.44535
-3.4449
-3.44445
-3.44324
-3.44415
-3.44445
-3.444
-3.44294
-3.44339
-3.44399
-3.44445
-3.4449
-3.44596
-3.44521
-3.438
-3.43905
-3.4395
-3.43905
-3.43875
-3.4398
-3.43965
-3.43935
-3.43981
-3.43965
-3.43935
-3.44026
-3.4401
-3.4401
-3.4398
-3.44116
-3.44131
-3.44101
-3.44132
-3.44101
-3.44131
-3.44116
-3.44056
-3.44056
-3.43995
-3.4392
-3.43874
-3.43814
-3.43905
-3.4392
-3.4395
-3.43965
-3.4386
-3.43799
-3.4395
-3.43905
-3.43981
-3.4392
-3.43905
-3.43845
-3.43875
-3.43844
-3.43874
-3.43799
-3.43919
-3.43904
-3.43889
-3.43813
-3.43783
-3.43813
-3.43753
-3.43829
-3.43784
-3.43814
-3.4386
-3.4392
-3.4398
-3.4389
-3.43935
-3.4392
-3.4392
-3.43965
-3.43844
-3.43905
-3.43935
-3.43935
-3.43905
-3.4398
-3.43844
-3.43844
-3.43889
-3.43889
-3.4398
-3.4395
-3.43935
-3.43829
-3.43814
-3.43724
-3.43724
-3.43724
-3.43587
-3.43602
-3.43723
-3.43738
-3.43708
-3.43723
-3.43783
-3.43813
-3.43753
-3.43753
-3.43769
-3.43905
-3.43981
-3.44041
-3.44041
-3.44071
-3.44132
-3.44176
-3.44267
-3.44372
-3.44448
-3.44328
-3.44464
-3.44404
-3.44298
-3.44343
-3.44373
-3.44373
-3.44357
-3.44327
-3.44312
-3.44297
-3.44342
-3.44222
-3.44237
-3.44252
-3.44282
-3.44267
-3.44282
-3.44207
-3.44207
-3.44268
-3.44222
-3.44177
-3.44223
-3.44208
-3.44192
-3.44192
-3.44222
-3.44237
-3.44085
-3.44116
-3.44101
-3.44071
-3.44086
-3.44025
-3.4398
-3.43995
-3.43844
-3.43784
-3.4386
-3.43905
-3.4395
-3.4401
-3.4401
-3.43995
-3.4407
-3.4398
-3.4395
-3.4392
-3.4395
-3.4398
-3.43965
-3.4392
-3.43904
-3.43798
-3.43858
-3.43843
-3.43964
-3.43919
-3.43934
-3.43995
-3.44146
-3.44131
-3.44041
-3.44026
-3.44025
-3.4404
-3.43995
-3.4407
-3.4404
-3.44101
-3.44131
-3.44085
-3.44085
-3.4404
-3.44055
-3.44025
-3.43979
-3.43949
-3.43859
-3.43828
-3.43813
-3.43829
-3.43723
-3.43768
-3.43813
-3.43813
-3.43798
-3.43783
-3.43814
-3.43814
-3.43693
-3.43663
-3.43633
-3.43633
-3.43602
-3.43527
-3.43511
-3.43511
-3.43465
-3.43526
-3.4342
-3.43511
-3.43541
-3.43541
-3.43708
-3.43753
-3.43753
-3.43783
-3.43768
-3.43708
-3.43632
-3.43647
-3.43572
-3.43466
-3.43496
-3.43556
-3.43647
-3.43616
-3.43662
-3.43662
-3.43617
-3.43783
-3.43859
-3.43889
-3.43904
-3.43964
-3.43903
-3.43843
-3.43782
-3.43813
-3.43813
-3.43888
-3.43888
-3.43782
-3.43827
-3.43752
-3.43737
-3.43752
-3.43632
-3.43632
-3.43707
-3.43798
-3.43843
-3.43738
-3.43753
-3.43632
-3.43602
-3.43571
-3.43466
-3.4336
-3.4336
-3.4339
-3.43329
-3.4342
-3.43495
-3.4345
-3.4345
-3.43511
-3.43541
-3.43556
-3.43572
-3.43557
-3.43587
-3.43587
-3.43557
-3.43587
-3.43541
-3.43481
-3.43481
-3.43451
-3.43511
-3.43526
-3.43571
-3.43616
-3.43677
-3.43662
-3.43632
-3.43662
-3.43662
-3.43707
-3.43602
-3.43586
-3.43632
-3.43526
-3.43541
-3.43556
-3.43631
-3.43647
-3.43601
-3.43586
-3.43556
-3.43525
-3.43616
-3.43692
-3.43782
-3.43782
-3.43858
-3.43964
-3.43934
-3.43904
-3.44009
-3.44024
-3.43964
-3.43994
-3.44055
-3.4404
-3.44009
-3.43979
-3.44024
-3.43979
-3.44024
-3.44009
-3.43964
-3.43949
-3.43888
-3.43798
-3.43783
-3.43798
-3.43753
-3.43723
-3.43571
-3.43556
-3.43511
-3.43541
-3.43571
-3.43586
-3.43556
-3.43481
-3.4339
-3.43466
-3.43421
-3.43526
-3.43572
-3.43617
-3.43587
-3.43662
-3.43738
-3.43647
-3.43723
-3.43692
-3.43677
-3.43707
-3.43662
-3.43677
-3.43692
-3.43738
-3.43692
-3.43738
-3.43723
-3.43783
-3.43949
-3.43995
-3.44116
-3.44221
-3.44207
-3.44237
-3.44267
-3.44312
-3.44387
-3.44448
-3.44357
-3.44251
-3.44237
-3.44191
-3.44236
-3.44221
-3.44191
-3.44085
-3.44055
-3.44206
-3.44131
-3.441
-3.44115
-3.44101
-3.44101
-3.44086
-3.44056
-3.4404
-3.4404
-3.4404
-3.43994
-3.43949
-3.43858
-3.43843
-3.43858
-3.43843
-3.43738
-3.43692
-3.43753
-3.43768
-3.43753
-3.43768
-3.43738
-3.43768
-3.43708
-3.43678
-3.43693
-3.43693
-3.43678
-3.43663
-3.43677
-3.43692
-3.43677
-3.43602
-3.43798
-3.43798
-3.43813
-3.43828
-3.43843
-3.43753
-3.43723
-3.43632
-3.43708
-3.43798
-3.43738
-3.43889
-3.43934
-3.43904
-3.4395
-3.43934
-3.43844
-3.43874
-3.43859
-3.43828
-3.43949
-3.43889
-3.43828
-3.43813
-3.43798
-3.43828
-3.43919
-3.43874
-3.43889
-3.43889
-3.43798
-3.43798
-3.43783
-3.43768
-3.43873
-3.43873
-3.43859
-3.43859
-3.43934
-3.43889
-3.43813
-3.43753
-3.43828
-3.43873
-3.43873
-3.43873
-3.43828
-3.43843
-3.43934
-3.43949
-3.43903
-3.43933
-3.43964
-3.43964
-3.43874
-3.43813
-3.43874
-3.4401
-3.44055
-3.4416
-3.44236
-3.44191
-3.44175
-3.44085
-3.44085
-3.44175
-3.44145
-3.441
-3.4404
-3.43964
-3.43964
-3.43994
-3.43904
-3.43949
-3.43873
-3.43964
-3.43919
-3.43964
-3.43933
-3.43888
-3.44084
-3.44054
-3.44099
-3.4419
-3.44311
-3.44236
-3.44297
-3.44297
-3.44342
-3.44342
-3.44326
-3.44356
-3.44417
-3.44462
-3.43752
-3.43809
-3.43839
-3.43778
-3.43673
-3.43552
-3.43522
-3.43446
-3.43401
-3.43476
-3.43552
-3.43597
-3.43567
-3.43598
-3.43688
-3.43552
-3.43431
-3.43492
-3.434
-3.43446
-3.43461
-3.43416
-3.43386
-3.43325
-3.4331
-3.43295
-3.43265
-3.43311
-3.43402
-3.4325
-3.4322
-3.4325
-3.43219
-3.43114
-3.43159
-3.43189
-3.43174
-3.43144
-3.43189
-3.4319
-3.4319
-3.43341
-3.43447
-3.43402
-3.43371
-3.43386
-3.43265
-3.43235
-3.43235
-3.4325
-3.43159
-3.4322
-3.43114
-3.43159
-3.43129
-3.4325
-3.43325
-3.43325
-3.4325
-3.43235
-3.43235
-3.43159
-3.4319
-3.4325
-3.4328
-3.43296
-3.43266
-3.43296
-3.43387
-3.43477
-3.43447
-3.43462
-3.43386
-3.43401
-3.4334
-3.43431
-3.43401
-3.43326
-3.43326
-3.43311
-3.43402
-3.43447
-3.43583
-3.43568
-3.43568
-3.43613
-3.43522
-3.43507
-3.43537
-3.43537
-3.43537
-3.43506
-3.43582
-3.43567
-3.43673
-3.43688
-3.43673
-3.43703
-3.43703
-3.43749
-3.43734
-3.43825
-3.4387
-3.43885
-3.43915
-3.43899
-3.43854
-3.43854
-3.43779
-3.43854
-3.43899
-3.43793
-3.43793
-3.43763
-3.43718
-3.43567
-3.43628
-3.43703
-3.43779
-3.43824
-3.43779
-3.43749
-3.43779
-3.43869
-3.43809
-3.43733
-3.43673
-3.43733
-3.43643
-3.43582
-3.43643
-3.43476
-3.43521
-3.43491
-3.43521
-3.43521
-3.43446
-3.43506
-3.43416
-3.43371
-3.43537
-3.43598
-3.43598
-3.43613
-3.43583
-3.43688
-3.43733
-3.43764
-3.43658
-3.43643
-3.43658
-3.43673
-3.43703
-3.43748
-3.43703
-3.43627
-3.43597
-3.43551
-3.43385
-3.43491
-3.43491
-3.43492
-3.43401
-3.4334
-3.43325
-3.43355
-3.4331
-3.43325
-3.4328
-3.43356
-3.43416
-3.43325
-3.4331
-3.4331
-3.4337
-3.43446
-3.43461
-3.43521
-3.43491
-3.43341
-3.43386
-3.43477
-3.43416
-3.43355
-3.4331
-3.4328
-3.43234
-3.43234
-3.43219
-3.43401
-3.43385
-3.434
-3.434
-3.43355
-3.4337
-3.43431
-3.43507
-3.43582
-3.43613
-3.43598
-3.43522
-3.43537
-3.43552
-3.43567
-3.43476
-3.43385
-3.43476
-3.43566
-3.43581
-3.43597
-3.43597
-3.43658
-3.43658
-3.43582
-3.43582
-3.43673
-3.43612
-3.43627
-3.43703
-3.43718
-3.43733
-3.43627
-3.43597
-3.43613
-3.43583
-3.43462
-3.43447
-3.43462
-3.43506
-3.4346
-3.43536
-3.43537
-3.43673
-3.43613
-3.43628
-3.43628
-3.43673
-3.43779
-3.43733
-3.43809
-3.43763
-3.43763
-3.43718
-3.43733
-3.43763
-3.43824
-3.43854
-3.43839
-3.43763
-3.43718
-3.43748
-3.43778
-3.43838
-3.43929
-3.43823
-3.43884
-3.43884
-3.43899
-3.43884
-3.43914
-3.43884
-3.43945
-3.43854
-3.43779
-3.43764
-3.43779
-3.43703
-3.43597
-3.43446
-3.43461
-3.43385
-3.43476
-3.43431
-3.43431
-3.43416
-3.43446
-3.43522
-3.43552
-3.43491
-3.43506
-3.434
-3.43461
-3.43567
-3.43688
-3.43703
-3.43794
-3.43779
-3.43824
-3.43945
-3.43915
-3.43914
-3.4399
-3.43975
-3.43944
-3.43929
-3.43853
-3.43853
-3.43717
-3.43672
-3.43612
-3.43657
-3.43658
-3.43688
-3.43748
-3.43793
-3.43809
-3.43718
-3.43688
-3.43688
-3.43703
-3.43672
-3.43476
-3.43431
-3.43415
-3.43461
-3.43536
-3.43521
-3.4343
-3.43385
-3.43294
-3.43249
-3.43174
-3.43234
-3.43355
-3.43446
-3.43521
-3.43491
-3.43446
-3.43446
-3.43415
-3.43294
-3.43369
-3.43369
-3.43294
-3.43219
-3.4325
-3.43219
-3.4331
-3.43234
-3.43159
-3.43128
-3.43249
-3.43234
-3.43219
-3.43249
-3.43264
-3.43264
-3.43264
-3.43189
-3.43143
-3.43204
-3.43309
-3.43279
-3.43325
-3.43249
-3.43279
-3.43189
-3.43174
-3.43129
-3.43189
-3.43174
-3.43234
-3.43295
-3.43279
-3.43249
-3.43264
-3.43204
-3.43113
-3.43143
-3.43083
-3.43037
-3.43038
-3.43068
-3.43023
-3.43068
-3.43023
-3.43023
-3.43007
-3.43068
-3.43113
-3.43022
-3.43098
-3.43113
-3.42992
-3.43098
-3.43143
-3.42992
-3.42961
-3.42946
-3.42977
-3.43037
-3.42992
-3.42977
-3.42962
-3.43037
-3.43067
-3.43068
-3.43053
-3.43083
-3.43083
-3.42932
-3.42916
-3.43007
-3.42931
-3.42931
-3.42962
-3.42916
-3.43053
-3.43113
-3.43068
-3.43083
-3.43098
-3.43219
-3.43249
-3.43294
-3.4337
-3.43415
-3.4337
-3.4337
-3.43491
-3.43491
-3.43476
-3.43491
-3.43491
-3.43461
-3.43415
-3.43354
-3.43324
-3.43385
-3.43324
-3.43415
-3.4343
-3.43521
-3.43551
-3.43566
-3.43657
-3.43581
-3.43611
-3.43551
-3.43581
-3.43672
-3.43702
-3.43702
-3.43642
-3.43506
-3.43445
-3.43476
-3.43294
-3.43355
-3.43431
-3.43446
-3.43385
-3.4334
-3.4343
-3.43506
-3.43445
-3.4349
-3.43475
-3.43581
-3.4349
-3.43536
-3.43536
-3.43597
-3.43597
-3.43521
-3.43491
-3.4352
-3.43475
-3.4349
-3.43385
-3.43324
-3.43385
-3.43445
-3.4346
-3.43309
-3.43248
-3.43127
-3.43113
-3.43083
-3.43068
-3.43022
-3.43083
-3.43128
-3.43128
-3.43097
-3.43082
-3.43127
-3.43111
-3.42991
-3.43036
-3.43037
-3.43022
-3.42916
-3.42992
-3.42991
-3.42991
-3.42946
-3.42901
-3.43052
-3.43067
