-0.0158081
0.050339
0.140412
0.248599
0.371392
0.505716
0.64163
0.775573
0.898808
1.01099
1.11404
1.20438
1.28093
1.34054
1.38754
1.42252
1.45309
1.48942
1.53449
1.58947
1.65044
1.70546
1.74714
1.76974
1.77597
1.76857
1.75481
1.73843
1.72089
1.70221
1.68217
1.66296
1.64983
1.64836
1.66216
1.69382
1.74463
1.81089
1.88529
1.96522
2.04424
2.11129
2.15803
2.17121
2.14526
2.08068
1.99309
1.89529
1.80154
1.72506
1.6658
1.62709
1.60808
1.60943
1.63024
1.66879
1.71238
1.75002
1.76669
1.76091
1.73393
1.69376
1.65518
1.62194
1.6014
1.60067
1.61773
1.64989
1.68852
1.73077
1.77288
1.81608
1.86032
1.91272
1.96666
2.02198
2.06369
2.08674
2.08342
2.05589
2.00832
1.95015
1.8909
1.83751
1.79475
1.76471
1.74377
1.72949
1.71489
1.69668
1.67261
1.64317
1.61484
1.59266
1.58608
1.59508
1.61255
1.62685
1.62744
1.60065
1.54393
1.45935
1.35607
1.2446
1.13567
1.03764
0.957031
0.897482
0.860525
0.844133
0.852656
0.883952
0.938414
1.01324
1.10789
1.21431
1.32149
1.42009
1.49527
1.53469
1.5378
1.51197
1.46423
1.41017
1.36278
1.32299
1.29553
1.27978
1.27408
1.28559
1.3119
1.35773
1.41348
1.47321
1.52186
1.55531
1.56672
1.55958
1.5437
1.53177
1.53302
1.55228
1.58651
1.63797
1.69614
1.75627
1.81451
1.86853
1.91494
1.94854
1.97332
1.98738
1.99147
1.98666
1.97082
1.9462
1.91753
1.88985
1.86232
1.83514
1.8062
1.77089
1.72957
1.67521
1.61092
1.54221
1.47454
1.41965
1.39151
1.38906
1.41891
1.47498
1.54454
1.61481
1.67615
1.71817
1.74121
1.74296
1.72435
1.68527
1.62817
1.5627
1.49959
1.45052
1.4283
1.43233
1.45971
1.50307
1.55021
1.60378
1.66511
1.73107
1.79504
1.84912
1.88675
1.91147
1.91818
1.90997
1.88805
1.85149
1.80097
1.74009
1.67469
1.61627
1.57182
1.54708
1.54578
1.56081
1.5892
1.62414
1.65607
1.67608
1.68339
1.67399
1.64952
1.61574
1.57773
1.54198
1.51264
1.49267
1.48093
1.47212
1.46165
1.45132
1.43397
1.41038
1.36906
1.30777
1.23224
1.15297
1.08665
1.04506
1.03582
1.05964
1.11026
1.18317
1.26947
1.35694
1.43504
1.49703
1.54082
1.57032
1.58047
1.58005
1.56725
1.54623
1.51878
1.49088
1.46502
1.44894
1.44252
1.4531
1.47933
1.5176
1.56707
1.61671
1.66196
1.69764
1.72567
1.74299
1.75102
1.7468
1.73306
1.70024
1.65314
1.58752
1.50673
1.41574
1.31719
1.21763
1.12096
1.03229
0.952081
0.882344
0.818219
0.76283
0.714122
0.675619
0.653628
0.649095
0.666006
0.70238
0.753167
0.818146
0.887371
0.960044
1.03541
1.11225
1.18647
1.25811
1.32078
1.37519
1.41697
1.44727
1.46556
1.47729
1.48345
1.48618
1.49159
1.50113
1.51659
1.53492
1.55372
1.56642
1.56293
1.54141
1.5027
1.45085
1.3959
1.34665
1.31131
1.29741
1.30526
1.33402
1.37951
1.43404
1.49349
1.55016
1.59948
1.63491
1.65202
1.64972
1.62824
1.59261
1.54404
1.49344
1.44831
1.41344
1.39388
1.39153
1.40854
1.43922
1.47768
1.51545
1.54463
1.5562
1.54845
1.52244
1.47945
1.4301
1.37867
1.33586
1.30589
1.29224
1.29693
1.31185
1.33183
1.35616
1.38712
1.42603
1.47852
1.54728
1.63252
1.73488
1.85423
1.99038
2.13816
2.28753
2.41804
2.50746
2.53268
2.4868
2.38701
2.25511
2.10953
1.96672
1.83418
1.71808
1.62548
1.55965
1.51655
1.49658
1.49579
1.51065
1.53544
1.56895
1.6038
1.64214
1.6743
1.70024
1.71357
1.71051
1.69437
1.66687
1.63018
1.59187
1.55132
1.51247
1.47613
1.44237
1.40721
1.37538
1.35036
1.33119
1.32065
1.31938
1.32801
1.33891
1.35499
1.37581
1.40305
1.43665
1.47789
1.52821
1.58338
1.63447
1.67712
1.70023
1.70076
1.67885
1.64051
1.58699
1.52195
1.44374
1.35744
1.26598
1.17107
1.0778
0.986476
0.901163
0.828784
0.778625
0.751209
0.750797
0.7753
0.823436
0.892183
0.979915
1.07553
1.17235
1.26009
1.33027
1.38103
1.41315
1.43365
1.44775
1.45858
1.46566
1.46272
1.44632
1.41356
1.37029
1.3224
1.28198
1.26206
1.27101
1.3082
1.37276
1.4527
1.54041
1.62304
1.68772
1.72876
1.74257
1.72704
1.68941
1.63542
1.57888
1.52869
1.49511
1.4832
1.49263
1.52514
1.57494
1.63429
1.69918
1.76403
1.82339
1.87414
1.91151
1.93659
1.94904
1.94902
1.94201
1.92748
1.90778
1.88263
1.84981
1.8134
1.77468
1.73675
1.70635
1.68616
1.67831
1.68292
1.69898
1.71954
1.7322
1.729
1.69965
1.64905
1.59623
1.56247
1.55751
1.57927
1.61354
1.64657
1.66323
1.6607
1.63902
1.59655
1.54842
1.5154
1.50653
1.52806
1.577
1.64539
1.71774
1.76861
1.77857
1.74179
1.67562
1.60128
1.5451
1.51582
1.52041
1.54993
1.58997
1.62074
1.62854
1.60588
1.55692
1.49753
1.44673
1.41887
1.4171
1.44494
1.49708
1.56607
1.64558
1.72529
1.79242
1.83594
1.85662
1.84945
1.82032
1.77749
1.7355
1.7041
1.69203
1.70117
1.72816
1.76798
1.82105
1.8822
1.95276
2.02869
2.10486
2.16852
2.21058
2.22762
2.22492
2.21291
2.19681
2.17683
2.15498
2.12426
2.09379
2.06317
2.03425
2.00267
1.96435
1.91323
1.84988
1.78204
1.7253
1.68568
1.67329
1.68195
1.69825
1.71075
1.70978
1.69322
1.66191
1.62195
1.58336
1.55737
1.54873
1.56277
1.59612
1.63709
1.67271
1.70245
1.73385
1.77815
1.84291
1.9277
2.02556
2.12676
2.22311
2.30459
2.36706
2.40429
2.41691
2.40798
2.38475
2.35163
2.31249
2.27215
2.23695
2.2166
2.2122
2.23098
2.26922
2.31409
2.36106
2.40261
2.43649
2.45811
2.46162
2.44348
2.40521
2.35278
2.29175
2.23072
2.18022
2.1469
2.1322
2.13516
2.14722
2.15979
2.16584
2.15958
2.14601
2.12707
2.11259
2.10703
2.11475
2.1364
2.17311
2.22451
2.28891
2.35393
2.40253
2.41761
2.39919
2.34903
2.28861
2.23673
2.20459
2.19305
2.19791
2.20852
2.21189
2.20286
2.18374
2.16632
2.16289
2.18199
2.22686
2.29767
2.38301
2.47295
2.55907
2.63203
2.68603
2.71974
2.73465
2.73248
2.7154
2.68475
2.6413
2.58453
2.51818
2.44321
2.36515
2.28848
2.21854
2.15838
2.10841
2.06855
2.03833
2.01657
2.00114
1.99001
1.98898
1.99394
2.00935
2.03852
2.0792
2.13508
2.20194
2.27877
2.34713
2.39604
2.41787
2.40913
2.37388
2.31759
2.24561
2.1652
2.08147
2.00285
1.93554
1.88489
1.85219
1.83489
1.83707
1.85741
1.89477
1.94794
2.01199
2.07562
2.12701
2.16208
2.17449
2.16991
2.15657
2.14532
2.1445
2.16217
2.19871
2.24586
2.2973
2.34568
2.38505
2.40998
2.41559
2.39825
2.36088
2.31688
2.27977
2.26428
2.27723
2.3159
2.37435
2.43896
2.50056
2.53772
2.53581
2.48554
2.3804
2.23186
2.05944
1.89023
1.74139
1.62914
1.56173
1.537
1.55123
1.60105
1.6739
1.76274
1.85398
1.94121
2.00859
2.04984
2.05661
2.03109
1.98696
1.94006
1.90412
1.89203
1.901
1.92894
1.96493
1.9968
2.01582
2.01633
1.99944
1.96795
1.92824
1.88767
1.85029
1.82159
1.80207
1.79102
1.78931
1.79492
1.80485
1.82242
1.84466
1.87471
1.9112
1.94949
1.97832
1.99105
1.98731
1.96109
1.91501
1.8541
1.7865
1.71848
1.65623
1.60506
1.56743
1.54596
1.5453
1.56487
1.60439
1.6621
1.72462
1.78295
1.8211
1.833
1.81641
1.77558
1.71779
1.65556
1.59622
1.54775
1.51727
1.50762
1.52196
1.56366
1.63147
1.72161
1.82537
1.92455
1.99964
2.02971
2.00786
1.94426
1.85501
1.7578
1.66784
1.59343
1.54589
1.5288
1.54674
1.5964
1.67441
1.76966
1.86884
1.96063
2.03557
2.08894
2.11694
2.12242
2.11132
2.09009
2.06537
2.0422
2.02991
2.03313
2.04915
2.07496
2.10557
2.12463
2.12871
2.10728
2.05724
1.97813
1.88071
1.77667
1.67651
1.59544
1.53933
1.51452
1.51847
1.5483
1.59347
1.64405
1.68807
1.71387
1.72272
1.71865
1.70347
1.6829
1.66756
1.66259
1.67158
1.69715
1.72726
1.76115
1.79148
1.81256
1.82065
1.81208
1.79094
1.75098
1.69982
1.64373
1.59416
1.55756
1.53895
1.53698
1.55011
1.58127
1.62764
1.68727
1.75263
1.81603
1.86396
1.8848
1.87015
1.81903
1.74856
1.67025
1.60017
1.55555
1.54116
1.55887
1.61346
1.70131
1.81928
1.9585
2.09968
2.22784
2.32449
2.383
2.40207
2.38808
2.34332
2.27234
2.17643
2.05626
1.92219
1.78749
1.66635
1.55596
1.46258
1.38029
1.30652
1.24559
1.1963
1.15798
1.13112
1.11133
1.0937
1.08273
1.08357
1.10501
1.15564
1.24241
1.36368
1.51569
1.68259
1.84131
1.96769
2.03863
2.04512
2.01128
1.95867
1.9087
1.86963
1.84329
1.82893
1.82309
1.82895
1.85384
1.90309
1.96878
2.05207
2.14309
2.23154
2.31263
2.37477
2.40721
2.39725
2.34096
2.23985
2.10602
1.9555
1.81797
1.70637
1.63387
1.60523
1.61764
1.66943
1.747
1.84061
1.94007
2.03537
2.12646
2.20895
2.28161
2.34745
2.40815
2.46904
2.53179
2.58601
2.617
2.6072
2.55121
2.45665
2.34163
2.22778
2.13065
2.05993
2.0227
2.01529
2.03267
2.0711
2.1239
2.18655
2.24776
2.29316
2.30748
2.28372
2.22272
2.13573
2.04256
1.95687
1.89207
1.8511
1.8289
1.81949
1.81967
1.81915
1.81249
1.79412
1.76555
1.73015
1.69156
1.65019
1.60359
1.54856
1.49171
1.44581
1.42675
1.44266
1.49603
1.58981
1.71129
1.85934
2.01912
2.17044
2.28651
2.34924
2.35137
2.30896
2.2415
2.16886
2.09612
2.0206
1.92862
1.8132
1.67197
1.51734
1.3622
1.22546
1.12163
1.05231
1.01171
0.99982
1.00954
1.04031
1.08478
1.13413
1.17683
1.19911
1.19724
1.16752
1.11716
1.06698
1.03674
1.04306
1.0919
1.17887
1.29247
1.41994
1.54682
1.66501
1.76932
1.86591
1.96377
2.06477
2.16398
2.2535
2.32104
2.36395
2.37836
2.37708
2.364
2.34297
2.31384
2.2691
2.20374
2.12106
2.0264
1.93211
1.85185
1.79163
1.75855
1.74857
1.7607
1.79253
1.83406
1.87736
1.9179
1.94433
1.95335
1.94816
1.93157
1.91562
1.90467
1.90204
1.9137
1.93841
1.97341
2.01077
2.04315
2.06344
2.06938
2.0597
2.03879
2.01183
1.98575
1.97061
1.97741
2.00979
2.06773
2.14157
2.2231
2.29763
2.3599
2.41399
2.46112
2.50762
2.55632
2.60152
2.64478
2.67786
2.69701
2.69167
2.6594
2.59066
2.48827
2.36651
2.2456
2.14925
2.10051
2.10828
2.1753
2.29053
2.43545
2.58732
2.71892
2.80931
2.84778
2.83756
2.78571
2.70497
2.60768
2.50299
2.395
2.28497
2.17113
2.0592
1.9516
1.85474
1.76871
1.6988
1.64717
1.61648
1.61127
1.63401
1.68382
1.75086
1.82289
1.88011
1.90698
1.89652
1.85383
1.78984
1.72456
1.67374
1.65564
1.68099
1.75469
1.87101
2.01672
2.17596
2.32557
2.45309
2.5453
2.59959
2.61873
2.61095
2.58766
2.55377
2.51451
2.47875
2.44927
2.43623
2.43774
2.44219
2.44538
2.43641
2.41363
2.38414
2.3548
2.33798
2.34047
2.36908
2.42453
2.49425
2.56113
2.60408
2.61275
2.57923
2.51609
2.43532
2.35101
2.27534
2.21804
2.18303
2.16804
2.17017
2.18584
2.20563
2.22635
2.24131
2.24762
2.25342
2.25562
2.25978
2.26342
2.26693
2.27167
2.27453
2.27725
2.27847
2.27539
2.26557
2.25049
2.22768
2.20339
2.18022
2.16134
2.14512
2.13519
2.12922
2.13638
2.15778
2.19456
2.24154
2.30054
2.3615
2.42129
2.47104
2.50404
2.5184
2.51107
2.47981
2.42979
2.36722
2.29939
2.23724
2.1821
2.13836
2.10534
2.07891
2.05864
2.04299
2.03
2.02284
2.02349
2.03082
2.04695
2.07164
2.10283
2.13592
2.17256
2.20389
2.23183
2.25709
2.28154
2.30641
2.33448
2.36663
2.40657
2.44818
2.48734
2.51625
2.53023
2.52682
2.51343
2.48881
2.46042
2.42659
2.39261
2.35707
2.32762
2.3089
2.30664
2.32629
2.36752
2.42891
2.50985
2.60088
2.69514
2.78308
2.86445
2.9336
2.98895
3.0281
3.03956
3.0203
2.96984
2.89297
2.79913
2.70127
2.60984
2.53384
2.47799
2.44371
2.42368
2.40806
2.38762
2.36247
2.34117
2.33695
2.35999
2.41435
2.49566
2.59151
2.69125
2.78152
2.84802
2.88149
2.86545
2.79565
2.67866
2.53177
2.37134
2.21537
2.07706
1.96644
1.89007
1.85903
1.87083
1.92607
2.01833
2.13718
2.27008
2.39926
2.50227
2.56077
2.5658
2.52794
2.46141
2.38465
2.30197
2.21603
2.11881
2.00488
1.87411
1.73432
1.60105
1.48855
1.4104
1.37094
1.37459
1.41896
1.50022
1.60699
1.73162
1.85915
1.97573
2.07415
2.14587
2.18997
2.21194
2.2182
2.21803
2.2137
2.20978
2.20541
2.20396
2.2071
2.21802
2.23609
2.26149
2.28969
2.31598
2.33597
2.34788
2.35238
2.34878
2.3422
2.33116
2.3144
2.28925
2.25509
2.20784
2.15668
2.0974
2.04426
1.99572
1.95836
1.93288
1.91321
1.89259
1.86217
1.817
1.76336
1.71685
1.69256
1.69998
1.74992
1.83388
1.94177
2.05794
2.16417
2.24857
2.30392
2.33112
2.33619
2.32906
2.31724
2.31471
2.32847
2.359
2.40292
2.44697
2.47777
2.48012
2.44534
2.37881
2.29921
2.23053
2.18977
2.17854
2.19271
2.21525
2.23302
2.23815
2.22718
2.20414
2.17247
2.13408
2.08772
2.0364
1.97975
1.91829
1.85597
1.79391
1.73672
1.6865
1.64991
1.62473
1.61492
1.62266
1.64897
1.69148
1.75115
1.81996
1.89386
1.97008
2.04296
2.10735
2.16276
2.20558
2.23305
2.24218
2.22982
2.19824
2.15068
2.09155
2.03322
1.98609
1.95727
1.94852
1.95912
1.98196
2.0119
2.04478
2.07663
2.11523
2.15612
2.18933
2.20907
2.20542
2.18319
2.14954
2.12352
2.11075
2.11422
2.13292
2.15861
2.18441
2.20055
2.19862
2.18004
2.1445
2.10061
2.06198
2.04434
2.06251
2.12324
2.21611
2.32575
2.43047
2.50757
2.54556
2.55194
2.5389
2.521
2.50207
2.48789
2.47369
2.4502
2.40551
2.33822
2.25232
2.15703
2.0636
1.98724
1.92708
1.89523
1.88215
1.88218
1.88814
1.89599
1.91075
1.93341
1.9653
2.00993
2.06525
2.12466
2.18479
2.23631
2.27502
2.29742
2.31192
2.32309
2.3341
2.34837
2.36096
2.36664
2.35765
2.3274
2.27671
2.20525
2.11281
2.00201
1.87512
1.74327
1.61312
1.49182
1.38505
1.29211
1.21275
1.15951
1.13671
1.15741
1.22297
1.33252
1.47566
1.64287
1.81936
1.99609
2.15885
2.30602
2.43032
2.52863
2.59545
2.6269
2.62312
2.58253
2.51819
2.44206
2.3715
2.31856
2.28813
2.28023
2.2832
2.29171
2.29782
2.29786
2.29603
2.2905
2.28902
2.29457
2.30741
2.32267
2.34029
2.34836
2.34233
2.31975
2.27828
2.22527
2.1661
2.11166
2.06815
2.04554
2.04564
2.07051
2.1183
2.17512
2.22701
2.25974
2.25782
2.21355
2.12747
2.00231
1.84056
1.64694
1.43905
1.23819
1.06843
0.942968
0.868047
0.840425
0.851974
0.887956
0.924675
0.939034
0.921736
0.887246
0.852526
0.844577
0.868506
0.918458
0.988984
1.07124
1.15748
1.2428
1.32405
1.40002
1.46873
1.53274
1.58593
1.6289
1.65987
1.67874
1.68514
1.68523
1.68472
1.695
1.73028
1.79821
1.90235
2.04451
2.21642
2.40301
2.58221
2.73072
2.83416
2.88468
2.89617
2.88246
2.85384
2.81728
2.77039
2.70849
2.63402
2.54926
2.46632
2.40048
2.35583
2.32534
2.29516
2.24983
2.1826
2.10538
2.03081
1.97745
1.95787
1.97992
2.04333
2.13909
2.25062
2.35984
2.44223
2.48547
2.47813
2.4268
2.33883
2.23147
2.12231
2.0306
1.96434
1.92452
1.91063
1.91773
1.93974
1.9657
1.99303
2.01665
2.0405
2.06789
2.09652
2.12404
2.14383
2.15362
2.15113
2.13676
2.11491
2.08796
2.0605
2.03439
2.01172
1.98424
1.94586
1.88605
1.79745
1.68558
1.56788
1.46651
1.39819
1.36759
1.37952
1.43434
1.53114
1.6638
1.81804
1.97605
2.11771
2.2229
2.28664
2.30427
2.28975
2.25704
2.2169
2.18343
2.1593
2.14269
2.13254
2.12756
2.12812
2.13461
2.15092
2.17393
2.19507
2.20775
2.20507
2.18797
2.15918
2.13184
2.11824
2.12334
2.15509
2.20974
2.27929
2.35381
2.42842
2.49696
2.55864
2.61325
2.66347
2.70517
2.7337
2.73927
2.70826
2.64088
2.53778
2.41028
2.27577
2.14431
2.02687
1.93005
1.85733
1.8116
1.78919
1.79396
1.82098
1.86954
1.93839
2.02321
2.11716
2.21293
2.30135
2.36789
2.40794
2.42007
2.40187
2.35578
2.28848
2.20836
2.12763
2.06081
2.01807
2.00553
2.02096
2.05578
2.10371
2.15702
2.21081
2.26544
2.31807
2.36663
2.40048
2.40874
2.38456
2.33209
2.26129
2.18532
2.11859
2.06875
2.04287
2.03683
2.04765
2.07338
2.10424
2.13778
2.17
2.20031
2.22612
2.2435
2.25152
2.24903
2.23321
2.20488
2.16278
2.11047
2.05104
1.99379
1.94997
1.92282
1.91068
1.91379
1.92774
1.94837
1.97874
2.02432
2.08633
2.16305
2.2479
2.33564
2.41479
2.48034
2.52749
2.55515
2.56926
2.57814
2.5899
2.61287
2.65154
2.70292
2.76319
2.81825
2.85708
2.8639
2.83175
2.76314
2.66799
2.55565
2.43181
2.29952
2.17212
2.05561
1.96191
1.89411
1.85234
1.82885
1.81881
1.81886
1.81976
1.82392
1.82827
1.831
1.83292
1.8324
1.83291
1.83777
1.85216
1.87363
1.90102
1.92547
1.94027
1.94793
1.95128
1.96218
1.99281
2.04746
2.12817
2.22864
2.33505
2.43123
2.50796
2.5641
2.60799
2.6494
2.68438
2.70483
2.69884
2.66316
2.59979
2.5148
2.41974
2.31177
2.19358
2.0753
1.97122
1.89698
1.86154
1.86429
1.89681
1.94597
1.99823
2.04133
2.06908
2.07714
2.06716
2.0433
2.0111
1.97264
1.92958
1.88321
1.82915
1.76242
1.68463
1.60102
1.52546
1.46797
1.43739
1.43941
1.47441
1.53902
1.62672
1.72974
1.83875
1.94408
2.03139
2.10145
2.14735
2.16889
2.16799
2.15009
2.11762
2.07895
2.03742
2.00046
1.97218
1.94683
1.93177
1.9317
1.94842
1.98377
2.03283
2.08474
2.13471
2.17722
2.20788
2.23282
2.25043
2.25906
2.25502
2.23161
2.18596
2.1258
2.05837
1.99564
1.94539
1.90571
1.87521
1.84893
1.82156
1.79753
1.78198
1.78518
1.8163
1.88268
1.97901
2.09416
2.21329
2.32764
2.42975
2.5156
2.58623
2.64175
2.68155
2.70267
2.69509
2.64752
2.56012
2.44402
2.31873
2.20024
2.09828
2.01702
1.95716
1.91195
1.87802
1.85224
1.82825
1.80468
1.77729
1.74606
1.71592
1.68785
1.66544
1.65271
1.65201
1.66661
1.69972
1.74685
1.81194
1.89087
1.98783
2.09479
2.20415
2.29975
2.36127
2.38448
2.36147
2.29853
2.20794
2.10833
2.00979
1.92816
1.86866
1.8316
1.80787
1.7849
1.75498
1.71905
1.68303
1.65838
1.64639
1.64681
1.65432
1.66428
1.6733
1.68501
1.702
1.72724
1.76538
1.81693
1.88073
1.95305
2.03455
2.1323
2.24239
2.35333
2.45041
2.50525
2.50609
2.45516
2.36407
2.24878
2.12163
1.99551
1.8825
1.79131
1.72848
1.69917
1.69305
1.70251
1.71809
1.7271
1.714
1.67416
1.60796
1.52083
1.41914
1.31251
1.20918
1.11855
1.05646
1.03389
1.05133
1.10547
1.19243
1.30036
1.42286
1.55557
1.69886
1.84829
2.0058
2.15688
2.2909
2.39219
2.46107
2.50445
2.53165
2.54668
2.55136
2.54481
2.52122
2.48071
2.42724
2.36897
2.31921
2.28942
2.28765
2.31424
2.36112
2.40879
2.44106
2.44177
2.40889
2.34143
2.24982
2.13975
2.01702
1.89259
1.7759
1.68174
1.62014
1.60491
1.63829
1.71739
1.83463
1.97022
2.10675
2.23086
2.33299
2.4085
2.45173
2.46379
2.44358
2.40299
2.35412
2.30818
2.27246
2.24448
2.22323
2.21088
2.22321
2.2699
2.34267
2.41999
2.48494
2.5391
2.59526
2.65149
2.7003
2.7284
2.71983
2.67266
2.59114
2.4876
2.37072
2.2568
2.15681
2.07888
2.02782
2.0007
1.98989
1.98495
1.98065
1.97263
1.96491
1.96309
1.97716
2.00558
2.04292
2.08618
2.11802
2.13424
2.12746
2.09583
2.03557
1.93829
1.8099
1.66115
1.51307
1.39432
1.31969
1.29356
1.3145
1.37243
1.4613
1.57112
1.6949
1.82066
1.94257
2.05757
2.1645
2.26155
2.34454
2.4031
2.42714
2.41372
2.36731
2.28991
2.19862
2.10271
2.01186
1.92834
1.85201
1.78088
1.71553
1.65546
1.60764
1.5756
1.56581
1.57953
1.6056
1.63211
1.64428
1.63282
1.59714
1.5429
1.48583
1.4419
1.41926
1.42761
1.46937
1.5338
1.60792
1.67965
1.74274
1.79638
1.84587
1.89109
1.93596
1.9684
1.97907
1.9634
1.92343
1.8709
1.82159
1.79029
1.788
1.81914
1.88268
1.9707
2.07641
2.19049
2.30502
2.40864
2.4888
2.53921
2.55381
2.52836
2.46684
2.37868
2.2798
2.18254
2.09074
2.00406
1.92304
1.84116
1.75799
1.67623
1.59574
1.51977
1.44885
1.39111
1.359
1.36482
1.4118
1.4933
1.58023
1.63403
1.62843
1.5769
1.50309
1.43684
1.39167
1.38067
1.40604
1.46091
1.53571
1.61344
1.69022
1.76079
1.82712
1.8897
1.95234
2.01799
2.0896
2.1673
2.24927
2.33063
2.4063
2.47153
2.51759
2.53561
2.52554
2.48826
2.44179
2.39691
2.35597
2.31087
2.2582
2.20008
2.15146
2.11881
2.10425
2.10581
2.12015
2.14008
2.16003
2.17201
2.17661
2.16756
2.15028
2.12724
2.10907
2.10469
2.11888
2.1493
2.18402
2.20198
2.19034
2.14121
2.06777
1.98713
1.91422
1.85394
1.81478
1.79961
1.81278
1.8592
1.93193
2.02072
2.11525
2.20122
2.26743
2.30747
2.31429
2.28982
2.23371
2.15503
2.06136
1.9647
1.87147
1.78655
1.71437
1.65987
1.62962
1.62442
1.64411
1.68426
1.73885
1.80286
1.86516
1.92184
1.96678
1.99628
2.01089
2.01208
2.0013
1.98378
1.96162
1.93912
1.91629
1.89678
1.88465
1.88267
1.89605
1.92718
1.97688
2.04218
2.11063
2.15733
2.16938
2.14447
2.09634
2.04644
2.01699
2.01471
2.04332
2.09238
2.15142
2.21103
2.2714
2.32842
2.3806
2.42915
2.47538
2.52061
2.56576
2.605
2.62892
2.62866
2.6007
2.54217
2.46299
2.3689
2.27312
2.18263
2.10983
2.06126
2.04268
2.04699
2.0659
2.09189
2.12014
2.14965
2.18052
2.20385
2.20408
2.17383
2.11089
2.02542
1.93326
1.84931
1.77857
1.72685
1.69257
1.67618
1.67477
1.68658
1.7086
1.73058
1.75199
1.77213
1.78478
1.7936
1.79841
1.79066
1.76923
1.73382
1.68923
1.64594
1.61043
1.58781
1.5756
1.57249
1.57815
1.59767
1.63666
1.69761
1.77537
1.8525
1.91697
1.96597
1.99396
2.00235
1.99387
1.96592
1.92464
1.87311
1.81181
1.74572
1.67763
1.61479
1.55852
1.51024
1.47194
1.44549
1.4296
1.42442
1.43601
1.46543
1.51387
1.58133
1.66346
1.75186
1.83673
1.90883
1.96194
1.99785
2.01367
2.01676
2.00944
1.99818
1.98499
1.96957
1.95591
1.93997
1.92562
1.91111
1.89746
1.88558
1.87219
1.85473
1.83253
1.80588
1.78061
1.76932
1.77266
1.80083
1.85892
1.94706
2.05896
2.18363
2.31215
2.43461
2.53483
2.60004
2.60946
2.5585
2.45389
2.32929
2.21519
2.1343
2.09288
2.07956
2.07165
2.04747
1.99574
1.92913
1.8624
1.80708
1.76862
1.74261
1.72103
1.69091
1.65274
1.6105
1.57784
1.56587
1.58359
1.6331
1.71707
1.83202
1.96663
2.09979
2.20435
2.26016
2.26136
2.21465
2.14486
2.07397
2.01989
1.98611
1.97637
1.98438
2.00531
2.03565
2.07284
2.12493
