-5.46737
-5.4522
-5.43158
-5.40805
-5.38206
-5.35315
-5.32486
-5.2969
-5.27297
-5.25229
-5.23312
-5.21717
-5.20434
-5.19591
-5.18931
-5.18568
-5.18294
-5.17765
-5.16986
-5.1589
-5.14531
-5.13348
-5.12497
-5.12165
-5.12204
-5.12613
-5.13154
-5.13747
-5.14354
-5.14969
-5.15628
-5.16295
-5.16821
-5.17065
-5.16962
-5.16422
-5.15335
-5.13818
-5.12156
-5.10299
-5.08384
-5.06761
-5.05544
-5.05182
-5.05813
-5.07495
-5.09645
-5.12032
-5.14306
-5.16007
-5.17297
-5.18006
-5.18211
-5.17912
-5.17154
-5.1587
-5.14486
-5.13211
-5.12593
-5.12568
-5.13168
-5.14176
-5.15016
-5.15789
-5.16301
-5.16249
-5.1575
-5.14826
-5.13806
-5.12678
-5.11577
-5.10433
-5.09318
-5.07838
-5.06359
-5.04701
-5.03501
-5.02752
-5.02733
-5.03321
-5.04476
-5.05935
-5.07425
-5.08761
-5.09802
-5.10465
-5.10925
-5.11198
-5.11533
-5.11962
-5.12539
-5.13293
-5.14015
-5.14641
-5.14766
-5.14404
-5.1379
-5.13252
-5.12981
-5.13463
-5.14706
-5.16685
-5.19119
-5.21745
-5.24286
-5.26549
-5.2836
-5.29631
-5.30336
-5.30637
-5.30285
-5.29432
-5.28043
-5.26228
-5.23868
-5.21204
-5.18562
-5.16085
-5.14243
-5.13441
-5.13575
-5.14359
-5.1578
-5.1735
-5.18629
-5.19754
-5.20487
-5.20893
-5.21132
-5.20854
-5.20298
-5.19153
-5.17843
-5.16397
-5.15359
-5.14658
-5.14607
-5.15125
-5.15934
-5.16636
-5.16967
-5.16777
-5.16251
-5.15133
-5.13912
-5.12684
-5.11489
-5.10298
-5.09213
-5.08522
-5.07978
-5.07704
-5.07635
-5.0769
-5.08035
-5.08619
-5.09265
-5.09763
-5.10227
-5.10649
-5.11108
-5.11792
-5.12557
-5.13761
-5.15234
-5.16805
-5.18455
-5.19847
-5.20466
-5.20599
-5.19838
-5.1835
-5.16542
-5.14751
-5.13173
-5.12192
-5.11663
-5.11691
-5.12204
-5.13237
-5.14769
-5.1649
-5.18165
-5.19535
-5.20135
-5.20083
-5.19385
-5.18211
-5.17117
-5.1587
-5.14352
-5.12639
-5.10924
-5.09454
-5.08461
-5.07641
-5.07317
-5.07331
-5.07632
-5.0829
-5.09307
-5.10597
-5.12059
-5.13311
-5.14231
-5.14657
-5.14407
-5.13839
-5.12944
-5.11887
-5.10966
-5.10453
-5.10195
-5.10381
-5.10995
-5.11862
-5.12889
-5.13868
-5.14674
-5.15163
-5.15349
-5.15444
-5.15625
-5.15711
-5.16075
-5.16498
-5.17464
-5.18997
-5.20909
-5.22995
-5.2475
-5.25876
-5.26133
-5.25515
-5.24282
-5.22453
-5.20233
-5.18001
-5.16065
-5.14593
-5.13596
-5.12817
-5.12635
-5.12585
-5.12875
-5.13348
-5.14019
-5.14659
-5.15281
-5.15578
-5.15716
-5.15351
-5.14602
-5.1362
-5.12274
-5.11006
-5.09866
-5.09021
-5.083
-5.07894
-5.07699
-5.07838
-5.08043
-5.0883
-5.09854
-5.11398
-5.13325
-5.15449
-5.17768
-5.20063
-5.22284
-5.24269
-5.26075
-5.27585
-5.29062
-5.30281
-5.31416
-5.32363
-5.32875
-5.33011
-5.32571
-5.31641
-5.30429
-5.28794
-5.272
-5.25564
-5.23848
-5.22067
-5.20416
-5.18798
-5.17489
-5.1633
-5.15524
-5.14988
-5.14809
-5.14739
-5.14833
-5.15078
-5.1521
-5.15233
-5.15076
-5.14881
-5.14631
-5.14488
-5.14839
-5.15658
-5.16925
-5.18592
-5.20347
-5.21979
-5.23262
-5.23915
-5.23994
-5.23508
-5.22568
-5.21428
-5.20083
-5.18748
-5.1748
-5.16504
-5.15967
-5.15874
-5.16225
-5.1682
-5.17797
-5.18751
-5.19502
-5.20003
-5.2013
-5.19872
-5.19094
-5.18035
-5.16829
-5.15703
-5.14838
-5.14548
-5.14805
-5.15545
-5.16831
-5.18247
-5.19822
-5.21169
-5.22232
-5.22891
-5.22997
-5.22939
-5.2289
-5.22797
-5.22527
-5.22115
-5.21363
-5.20224
-5.18733
-5.16831
-5.14467
-5.11553
-5.08228
-5.04742
-5.01711
-4.99629
-4.99154
-5.00509
-5.03099
-5.06386
-5.0996
-5.13316
-5.16341
-5.18919
-5.20814
-5.21946
-5.22599
-5.2269
-5.22343
-5.21619
-5.20722
-5.19581
-5.18523
-5.17272
-5.16275
-5.15369
-5.14818
-5.14789
-5.15089
-5.15705
-5.16626
-5.17504
-5.18479
-5.19369
-5.20158
-5.2085
-5.21705
-5.22459
-5.2297
-5.23389
-5.23602
-5.23563
-5.23168
-5.22818
-5.22288
-5.21618
-5.20744
-5.19716
-5.18473
-5.16892
-5.15118
-5.13476
-5.11936
-5.10921
-5.10491
-5.10666
-5.11192
-5.12111
-5.13277
-5.14866
-5.16666
-5.18621
-5.20736
-5.22772
-5.24811
-5.26782
-5.28503
-5.29636
-5.30302
-5.30281
-5.29682
-5.28525
-5.26896
-5.24721
-5.22431
-5.20104
-5.18035
-5.16477
-5.15427
-5.14896
-5.14623
-5.14466
-5.14331
-5.1422
-5.14399
-5.14944
-5.15982
-5.17264
-5.18726
-5.20033
-5.20791
-5.20764
-5.2007
-5.18614
-5.16824
-5.14759
-5.12795
-5.11361
-5.10534
-5.10388
-5.11061
-5.1226
-5.13924
-5.15578
-5.17068
-5.18093
-5.18551
-5.1853
-5.17849
-5.16711
-5.15393
-5.13935
-5.12482
-5.11182
-5.10063
-5.09304
-5.08778
-5.08523
-5.08596
-5.08742
-5.0907
-5.09477
-5.09993
-5.10755
-5.11521
-5.12282
-5.12986
-5.13402
-5.13546
-5.13391
-5.12918
-5.12077
-5.11093
-5.10422
-5.10143
-5.10602
-5.11674
-5.12856
-5.13557
-5.13504
-5.1268
-5.11527
-5.1039
-5.09801
-5.09708
-5.10074
-5.10952
-5.11968
-5.12675
-5.12747
-5.11957
-5.10487
-5.08527
-5.06389
-5.04807
-5.04313
-5.05149
-5.06747
-5.08634
-5.09962
-5.10667
-5.10413
-5.0951
-5.08357
-5.07565
-5.07434
-5.08175
-5.09703
-5.11575
-5.13251
-5.14316
-5.14793
-5.14457
-5.13502
-5.12163
-5.10513
-5.08793
-5.07382
-5.0663
-5.06307
-5.06715
-5.07645
-5.08919
-5.10077
-5.10944
-5.11261
-5.10996
-5.10289
-5.09314
-5.0793
-5.06412
-5.0465
-5.02801
-5.00923
-4.99411
-4.98456
-4.98149
-4.98352
-4.98733
-4.99173
-4.99675
-5.00056
-5.00759
-5.0131
-5.01861
-5.02335
-5.02901
-5.03607
-5.0466
-5.0605
-5.07599
-5.08804
-5.09692
-5.09778
-5.09294
-5.08706
-5.08288
-5.08297
-5.08722
-5.0959
-5.10766
-5.11963
-5.1283
-5.13368
-5.1336
-5.12859
-5.12185
-5.11743
-5.11485
-5.11227
-5.1066
-5.0954
-5.07874
-5.05872
-5.03808
-5.01832
-5.00242
-4.99039
-4.98476
-4.98522
-4.99122
-5.00006
-5.01067
-5.02229
-5.03401
-5.0446
-5.05084
-5.05402
-5.04999
-5.03975
-5.0289
-5.01757
-5.00797
-4.99945
-4.99322
-4.99166
-4.99622
-5.00597
-5.0184
-5.03254
-5.04643
-5.05698
-5.06262
-5.06339
-5.05888
-5.05196
-5.04494
-5.03968
-5.03872
-5.03958
-5.04308
-5.04556
-5.04627
-5.04371
-5.03811
-5.02903
-5.01635
-4.99936
-4.98183
-4.96863
-4.96505
-4.9692
-4.98308
-4.99964
-5.01354
-5.02195
-5.02539
-5.02467
-5.02272
-5.02376
-5.02898
-5.038
-5.04711
-5.05309
-5.05389
-5.04852
-5.03552
-5.01893
-5.00109
-4.98349
-4.96899
-4.95928
-4.95442
-4.95361
-4.95645
-4.96233
-4.97082
-4.98161
-4.99531
-5.01036
-5.02749
-5.04491
-5.06163
-5.07606
-5.08769
-5.09699
-5.10397
-5.1083
-5.11002
-5.11012
-5.10997
-5.10636
-5.10239
-5.09581
-5.08517
-5.07261
-5.05614
-5.03763
-5.01504
-4.99555
-4.98128
-4.97377
-4.97443
-4.98182
-4.99438
-5.0108
-5.02879
-5.04777
-5.06521
-5.07969
-5.08958
-5.09484
-5.09727
-5.09444
-5.08746
-5.07708
-5.06311
-5.04625
-5.03012
-5.01849
-5.01111
-5.01079
-5.01492
-5.0213
-5.02721
-5.03112
-5.02996
-5.02314
-5.01359
-5.00232
-4.99148
-4.98316
-4.97923
-4.9808
-4.98876
-5.00227
-5.01698
-5.03005
-5.03697
-5.03556
-5.02679
-5.01155
-4.99423
-4.97559
-4.96337
-4.96106
-4.9703
-4.99442
-5.02998
-5.07216
-5.11291
-5.14945
-5.17712
-5.19338
-5.19977
-5.19708
-5.18483
-5.16775
-5.14666
-5.12609
-5.10564
-5.09069
-5.08131
-5.0808
-5.08883
-5.10084
-5.11277
-5.12172
-5.12331
-5.12
-5.11107
-5.09968
-5.08951
-5.08289
-5.08172
-5.08516
-5.09259
-5.10198
-5.11099
-5.11912
-5.12434
-5.12707
-5.12794
-5.12607
-5.12219
-5.11777
-5.11082
-5.10367
-5.09455
-5.08351
-5.07141
-5.06252
-5.0584
-5.05757
-5.06323
-5.07421
-5.08888
-5.1046
-5.12028
-5.13454
-5.14589
-5.154
-5.15829
-5.15695
-5.15107
-5.14052
-5.1244
-5.10738
-5.09039
-5.07907
-5.07437
-5.07713
-5.0862
-5.09999
-5.11425
-5.12791
-5.13891
-5.14496
-5.14576
-5.14038
-5.12749
-5.10809
-5.0834
-5.05527
-5.02865
-5.00775
-4.99923
-5.00541
-5.02277
-5.04693
-5.07294
-5.09656
-5.11674
-5.12955
-5.13489
-5.13083
-5.11885
-5.09888
-5.07438
-5.04936
-5.02663
-5.00858
-4.99598
-4.99058
-4.99133
-4.99625
-5.0037
-5.01213
-5.02086
-5.02605
-5.02598
-5.02235
-5.01568
-5.00641
-5.00128
-4.99882
-5.00285
-5.01416
-5.03399
-5.05853
-5.08469
-5.11051
-5.13054
-5.14421
-5.14932
-5.14759
-5.13895
-5.12642
-5.11186
-5.09874
-5.0917
-5.08895
-5.08851
-5.09096
-5.09525
-5.09759
-5.09725
-5.09343
-5.08439
-5.07611
-5.06655
-5.05777
-5.05139
-5.0486
-5.05102
-5.05566
-5.06666
-5.08072
-5.09668
-5.1106
-5.12105
-5.12634
-5.12774
-5.12611
-5.11931
-5.10857
-5.09396
-5.07808
-5.0623
-5.05041
-5.04489
-5.04819
-5.06186
-5.07966
-5.10042
-5.11981
-5.13149
-5.13545
-5.13222
-5.1195
-5.09923
-5.07145
-5.03772
-5.00413
-4.97319
-4.9507
-4.93772
-4.93489
-4.93963
-4.9519
-4.96949
-4.99206
-5.02079
-5.05276
-5.08434
-5.11062
-5.13523
-5.15415
-5.17028
-5.18486
-5.19564
-5.20417
-5.2111
-5.21535
-5.2183
-5.22231
-5.22547
-5.22699
-5.22436
-5.21487
-5.19591
-5.16862
-5.133
-5.09373
-5.05705
-5.02813
-5.01347
-5.01726
-5.03027
-5.04796
-5.06409
-5.07691
-5.08579
-5.09076
-5.0942
-5.09537
-5.09132
-5.07977
-5.0653
-5.04528
-5.02297
-5.0016
-4.98093
-4.96468
-4.95549
-4.95736
-4.97059
-4.99548
-5.02935
-5.0696
-5.10558
-5.1358
-5.15631
-5.16588
-5.16585
-5.15504
-5.13855
-5.11837
-5.09696
-5.0776
-5.05868
-5.04211
-5.028
-5.01434
-5.00135
-4.98766
-4.97241
-4.95883
-4.95033
-4.95253
-4.96677
-4.99089
-5.01982
-5.04758
-5.07085
-5.08752
-5.09456
-5.09381
-5.08696
-5.07452
-5.05864
-5.03956
-5.02065
-5.00602
-5.00017
-5.00434
-5.01858
-5.04018
-5.0629
-5.08385
-5.09822
-5.10539
-5.10783
-5.10738
-5.10352
-5.10001
-5.09703
-5.09788
-5.10148
-5.10691
-5.11324
-5.12053
-5.12944
-5.14154
-5.15486
-5.16629
-5.17112
-5.16746
-5.15457
-5.12992
-5.1
-5.06283
-5.02275
-4.98459
-4.95579
-4.94028
-4.94077
-4.9518
-4.96892
-4.98603
-5.00214
-5.01707
-5.03581
-5.06022
-5.09207
-5.12685
-5.16218
-5.19267
-5.214
-5.22676
-5.23366
-5.23308
-5.22825
-5.21836
-5.20596
-5.19317
-5.18281
-5.17916
-5.18157
-5.19212
-5.20962
-5.22737
-5.24019
-5.24308
-5.23443
-5.2157
-5.19024
-5.16096
-5.13195
-5.10481
-5.08185
-5.06074
-5.03832
-5.0145
-4.99087
-4.96886
-4.95259
-4.94191
-4.93985
-4.9406
-4.94411
-4.94923
-4.9556
-4.96629
-4.98305
-5.00421
-5.02922
-5.05471
-5.07652
-5.09401
-5.10409
-5.10914
-5.10857
-5.10203
-5.09343
-5.08485
-5.07596
-5.07116
-5.07123
-5.07479
-5.08221
-5.08853
-5.0933
-5.09621
-5.09458
-5.08934
-5.08103
-5.0722
-5.06457
-5.06022
-5.05934
-5.0628
-5.06902
-5.07685
-5.08488
-5.09024
-5.08931
-5.08174
-5.06725
-5.04913
-5.02816
-5.00944
-4.99415
-4.98009
-4.96831
-4.95647
-4.94327
-4.93157
-4.91895
-4.90894
-4.90193
-4.90213
-4.90835
-4.92484
-4.95089
-4.98236
-5.01429
-5.04035
-5.05323
-5.05157
-5.03413
-5.00439
-4.96707
-4.92733
-4.8928
-4.86907
-4.85896
-4.86049
-4.87232
-4.89087
-4.91281
-4.93578
-4.95913
-4.98277
-5.00819
-5.03281
-5.05692
-5.07841
-5.09859
-5.11496
-5.127
-5.13432
-5.13561
-5.1302
-5.11785
-5.10158
-5.0836
-5.06981
-5.06435
-5.06899
-5.08175
-5.10035
-5.11872
-5.13384
-5.14026
-5.13534
-5.11735
-5.08805
-5.05101
-5.00984
-4.97246
-4.94074
-4.91856
-4.90598
-4.90291
-4.90762
-4.91607
-4.92739
-4.94032
-4.95191
-4.96303
-4.96879
-4.9698
-4.97083
-4.97115
-4.97504
-4.98299
-4.99214
-5.00137
-5.00667
-5.0071
-5.00033
-4.9854
-4.96661
-4.94843
-4.93713
-4.93418
-4.9433
-4.95923
-4.97943
-5.00063
-5.01989
-5.03413
-5.04209
-5.04505
-5.04374
-5.03861
-5.03323
-5.02716
-5.02284
-5.02173
-5.01955
-5.01933
-5.01807
-5.01706
-5.01558
-5.01278
-5.0109
-5.00897
-5.0073
-5.00673
-5.0081
-5.01052
-5.01632
-5.02262
-5.02866
-5.03302
-5.03713
-5.03927
-5.04182
-5.04023
-5.03486
-5.02538
-5.01444
-4.99938
-4.98433
-4.96887
-4.95632
-4.94891
-4.94604
-4.94831
-4.95692
-4.96994
-4.98615
-5.00413
-5.0198
-5.03421
-5.0454
-5.05365
-5.06077
-5.06605
-5.06986
-5.07346
-5.07549
-5.07547
-5.0744
-5.07083
-5.06458
-5.05649
-5.04853
-5.03836
-5.03057
-5.02362
-5.0172
-5.01052
-5.00358
-4.99586
-4.98798
-4.97784
-4.96796
-4.95851
-4.95189
-4.9496
-4.9532
-4.95904
-4.96914
-4.97968
-4.99228
-5.00421
-5.01739
-5.02871
-5.03742
-5.0422
-5.04129
-5.03545
-5.02474
-5.00753
-4.98707
-4.96486
-4.94449
-4.92436
-4.9068
-4.89161
-4.87868
-4.87316
-4.87518
-4.88484
-4.90114
-4.92196
-4.94373
-4.96419
-4.98097
-4.99295
-4.9992
-5.00225
-5.00488
-5.01002
-5.01733
-5.02432
-5.02704
-5.02252
-5.00921
-4.9881
-4.96313
-4.93625
-4.91112
-4.89214
-4.88031
-4.88153
-4.89657
-4.92363
-4.9576
-4.99509
-5.03086
-5.06158
-5.08504
-5.1005
-5.10342
-5.09641
-5.07842
-5.051
-5.01677
-4.97852
-4.94104
-4.91091
-4.89298
-4.89013
-4.89824
-4.91427
-4.93218
-4.95211
-4.97215
-4.99531
-5.02331
-5.05662
-5.09339
-5.12886
-5.15945
-5.18103
-5.19358
-5.19522
-5.18674
-5.16845
-5.14431
-5.115
-5.08526
-5.05912
-5.03721
-5.02252
-5.0152
-5.01328
-5.01539
-5.01837
-5.02267
-5.02626
-5.03009
-5.03264
-5.03382
-5.03257
-5.02965
-5.02435
-5.01812
-5.01218
-5.00776
-5.00508
-5.00361
-5.00424
-5.00427
-5.0048
-5.00616
-5.00922
-5.01374
-5.0223
-5.03013
-5.04167
-5.05019
-5.05861
-5.06395
-5.0657
-5.0662
-5.06717
-5.0716
-5.08162
-5.09507
-5.10673
-5.11276
-5.1118
-5.09897
-5.07821
-5.05159
-5.02291
-4.99744
-4.97785
-4.96621
-4.96206
-4.96383
-4.96867
-4.97552
-4.9789
-4.97687
-4.96997
-4.9589
-4.94801
-4.94002
-4.93901
-4.94789
-4.9656
-4.98704
-5.00514
-5.01507
-5.01757
-5.01284
-5.00652
-5.00169
-5.00018
-5.0037
-5.0107
-5.02002
-5.03089
-5.04415
-5.05797
-5.07282
-5.08895
-5.10484
-5.12106
-5.13609
-5.14988
-5.15936
-5.1669
-5.17087
-5.17052
-5.16542
-5.15668
-5.14273
-5.12711
-5.11063
-5.09321
-5.07672
-5.06285
-5.05052
-5.04071
-5.03405
-5.03146
-5.03426
-5.04109
-5.05121
-5.06464
-5.0774
-5.08686
-5.09144
-5.09127
-5.08614
-5.07848
-5.06927
-5.0598
-5.05248
-5.04258
-5.03191
-5.02409
-5.01934
-5.02179
-5.02918
-5.04062
-5.04876
-5.05362
-5.05462
-5.05146
-5.04669
-5.04123
-5.03807
-5.04038
-5.04651
-5.05745
-5.07068
-5.0826
-5.08904
-5.08532
-5.069
-5.04454
-5.01552
-4.98705
-4.9658
-4.95563
-4.95344
-4.95608
-4.95907
-4.96299
-4.96476
-4.96569
-4.96849
-4.97772
-4.99305
-5.01326
-5.03596
-5.05846
-5.07534
-5.088
-5.09408
-5.09548
-5.09345
-5.09058
-5.08861
-5.08461
-5.07878
-5.07109
-5.05965
-5.04513
-5.03
-5.01385
-4.99991
-4.98908
-4.9834
-4.97892
-4.97474
-4.97054
-4.96467
-4.95915
-4.95483
-4.95389
-4.95876
-4.96851
-4.98352
-5.00412
-5.02944
-5.05986
-5.09117
-5.12218
-5.15095
-5.1756
-5.19757
-5.21817
-5.23192
-5.23954
-5.23601
-5.22195
-5.19698
-5.16453
-5.12613
-5.08619
-5.04591
-5.01051
-4.97825
-4.95161
-4.93092
-4.91817
-4.91452
-4.91922
-4.93415
-4.95447
-4.97814
-5.00021
-5.01749
-5.02867
-5.03295
-5.03517
-5.03564
-5.03686
-5.0399
-5.04231
-5.0464
-5.04876
-5.04847
-5.04539
-5.04154
-5.03511
-5.03128
-5.03078
-5.0338
-5.04186
-5.05185
-5.06323
-5.07259
-5.07943
-5.08021
-5.07545
-5.06408
-5.04574
-5.02571
-5.00741
-4.9934
-4.98813
-4.994
-5.01068
-5.03699
-5.07211
-5.11587
-5.16347
-5.20991
-5.24783
-5.27414
-5.28708
-5.28817
-5.27959
-5.26505
-5.2514
-5.24494
-5.248
-5.25558
-5.26542
-5.26751
-5.26139
-5.24985
-5.23351
-5.21467
-5.19546
-5.17709
-5.16047
-5.14573
-5.13366
-5.12221
-5.1147
-5.11021
-5.10933
-5.11178
-5.11819
-5.12628
-5.13545
-5.14253
-5.14265
-5.13424
-5.11667
-5.08833
-5.05153
-5.01018
-4.97018
-4.93749
-4.91508
-4.90688
-4.90761
-4.91356
-4.9223
-4.93142
-4.94231
-4.95684
-4.97336
-4.99287
-5.01241
-5.02691
-5.03554
-5.04046
-5.04526
-5.05465
-5.0712
-5.09023
-5.10953
-5.12364
-5.12943
-5.12431
-5.10797
-5.08274
-5.05322
-5.02339
-5.00116
-4.98832
-4.98908
-4.99991
-5.0201
-5.04497
-5.07019
-5.08933
-5.10099
-5.10602
-5.10448
-5.09788
-5.08759
-5.07771
-5.06772
-5.06005
-5.05281
-5.04465
-5.03672
-5.02901
-5.02379
-5.02095
-5.02121
-5.02454
-5.02926
-5.03536
-5.0413
-5.04666
-5.05001
-5.05522
-5.06324
-5.07694
-5.09881
-5.12761
-5.15889
-5.18626
-5.20483
-5.2147
-5.21419
-5.20335
-5.18195
-5.15131
-5.11565
-5.0793
-5.0472
-5.02548
-5.0138
-5.01532
-5.02464
-5.03802
-5.05357
-5.06583
-5.07454
-5.08067
-5.08412
-5.08527
-5.0842
-5.08141
-5.07485
-5.06582
-5.05775
-5.05207
-5.05091
-5.05337
-5.05998
-5.06654
-5.06977
-5.06979
-5.06277
-5.05
-5.03383
-5.01724
-5.00049
-4.98574
-4.97293
-4.96233
-4.9522
-4.94399
-4.93793
-4.93644
-4.94474
-4.96128
-4.98709
-5.01908
-5.05178
-5.08416
-5.11328
-5.13726
-5.15505
-5.16536
-5.17076
-5.16868
-5.16165
-5.1492
-5.13104
-5.10856
-5.08398
-5.05868
-5.03434
-5.01622
-5.00458
-4.99918
-5.00172
-5.01178
-5.02723
-5.04611
-5.06535
-5.08093
-5.09056
-5.0922
-5.08651
-5.07637
-5.06265
-5.04768
-5.03303
-5.01786
-5.00341
-4.98934
-4.97897
-4.97523
-4.9802
-4.99232
-5.00926
-5.02793
-5.04397
-5.05583
-5.0606
-5.06085
-5.05728
-5.04924
-5.0409
-5.03221
-5.02454
-5.01729
-5.01111
-5.00752
-5.00648
-5.00831
-5.01444
-5.02385
-5.03711
-5.05273
-5.07081
-5.08854
-5.10186
-5.11064
-5.11609
-5.11694
-5.1145
-5.11085
-5.10475
-5.09401
-5.07857
-5.05893
-5.03732
-5.01426
-4.99397
-4.97707
-4.96512
-4.95889
-4.9564
-4.95548
-4.95446
-4.95072
-4.94239
-4.93054
-4.91524
-4.90155
-4.89142
-4.88968
-4.89777
-4.91485
-4.938
-4.96478
-4.99408
-5.02641
-5.05669
-5.08501
-5.10704
-5.1224
-5.13075
-5.1353
-5.13681
-5.13524
-5.13491
-5.13352
-5.13248
-5.13238
-5.13232
-5.13347
-5.13454
-5.13474
-5.13194
-5.12782
-5.12188
-5.11734
-5.11629
-5.11679
-5.11915
-5.11952
-5.11387
-5.10185
-5.08254
-5.05769
-5.03118
-5.00726
-4.98773
-4.97358
-4.96288
-4.9521
-4.94296
-4.93688
-4.93743
-4.94515
-4.96027
-4.9817
-5.00414
-5.0302
-5.05948
-5.08907
-5.11541
-5.13411
-5.14268
-5.14145
-5.13265
-5.11967
-5.10578
-5.09441
-5.08675
-5.08448
-5.0867
-5.09182
-5.0979
-5.10518
-5.11348
-5.12167
-5.1312
-5.14403
-5.15952
-5.17703
-5.19211
-5.20285
-5.20708
-5.20298
-5.19053
-5.17071
-5.14538
-5.11636
-5.08587
-5.05622
-5.03307
-5.01345
-5.00035
-4.99367
-4.99287
-4.99589
-5.00307
-5.01148
-5.02154
-5.03044
-5.03626
-5.04276
-5.04622
-5.0455
-5.04088
-5.03108
-5.01736
-5.00376
-4.99065
-4.97965
-4.97284
-4.96659
-4.96227
-4.96057
-4.96226
-4.96955
-4.98335
-5.00041
-5.01978
-5.0377
-5.05159
-5.06305
-5.07196
-5.07987
-5.08903
-5.09705
-5.10306
-5.10438
-5.09876
-5.08299
-5.05897
-5.02994
-5.00055
-4.97215
-4.94655
-4.92493
-4.90655
-4.89181
-4.88081
-4.8735
-4.87285
-4.88298
-4.90366
-4.93184
-4.96195
-4.99044
-5.01532
-5.03538
-5.04962
-5.06079
-5.06921
-5.07513
-5.081
-5.08647
-5.0935
-5.10204
-5.10952
-5.1163
-5.12149
-5.1241
-5.12415
-5.12058
-5.11176
-5.10043
-5.08402
-5.06514
-5.04067
-5.01379
-4.98535
-4.95991
-4.94433
-4.937
-4.94178
-4.9568
-4.97876
-5.00147
-5.02424
-5.04186
-5.05369
-5.05933
-5.06168
-5.06473
-5.07069
-5.07909
-5.08752
-5.09431
-5.09843
-5.09936
-5.09881
-5.09814
-5.0988
-5.09894
-5.09822
-5.09626
-5.09108
-5.08232
-5.07001
-5.05587
-5.03953
-5.01719
-4.991
-4.96481
-4.94073
-4.92819
-4.9295
-4.94379
-4.96822
-4.99825
-5.03108
-5.06317
-5.09132
-5.11379
-5.12873
-5.13318
-5.132
-5.12688
-5.11964
-5.11359
-5.11422
-5.1218
-5.13607
-5.1557
-5.17959
-5.20468
-5.22923
-5.2518
-5.26713
-5.27177
-5.26668
-5.25299
-5.23075
-5.20439
-5.17517
-5.14396
-5.10968
-5.07472
-5.03647
-5.00056
-4.96862
-4.94624
-4.93215
-4.92415
-4.91954
-4.91794
-4.91863
-4.92142
-4.92902
-4.94106
-4.95624
-4.97248
-4.98598
-4.99415
-4.99474
-4.98724
-4.97311
-4.95861
-4.94738
-4.94482
-4.95049
-4.96595
-4.98688
-5.01231
-5.04159
-5.07146
-5.10029
-5.12343
-5.13908
-5.14218
-5.13307
-5.11263
-5.08177
-5.04695
-5.01253
-4.98149
-4.95633
-4.93791
-4.9284
-4.92639
-4.93339
-4.94501
-4.95828
-4.97064
-4.97983
-4.98723
-4.99285
-4.99714
-4.99484
-4.98324
-4.9649
-4.9456
-4.93008
-4.91798
-4.90462
-4.89153
-4.87962
-4.87187
-4.87409
-4.88605
-4.90667
-4.93209
-4.96183
-4.99043
-5.01497
-5.03319
-5.04357
-5.04758
-5.04768
-5.04687
-5.04548
-5.04548
-5.04588
-5.04563
-5.04033
-5.03131
-5.02043
-5.00646
-4.99646
-4.98984
-4.98922
-4.99454
-5.00666
-5.02938
-5.05984
-5.09653
-5.13488
-5.16551
-5.18489
-5.19248
-5.18848
-5.17666
-5.15746
-5.1336
-5.10597
-5.07877
-5.05288
-5.02857
-5.00581
-4.98472
-4.96561
-4.95149
-4.94551
-4.94818
-4.95773
-4.97601
-4.9964
-5.01723
-5.03561
-5.05192
-5.06656
-5.08036
-5.09267
-5.10448
-5.11324
-5.11894
-5.11896
-5.11206
-5.10248
-5.09309
-5.08819
-5.09009
-5.09855
-5.11267
-5.12747
-5.13853
-5.14552
-5.14502
-5.1353
-5.12018
-5.10323
-5.08764
-5.07475
-5.06486
-5.05591
-5.04888
-5.0404
-5.03509
-5.03536
-5.04245
-5.05648
-5.07425
-5.09136
-5.10377
-5.10832
-5.10386
-5.09059
-5.07141
-5.04746
-5.02102
-4.99333
-4.96773
-4.94838
-4.93574
-4.9309
-4.93547
-4.94833
-4.96748
-4.98805
-5.00682
-5.02386
-5.03968
-5.05305
-5.06722
-5.08234
-5.09707
-5.1119
-5.12535
-5.13852
-5.14909
-5.15317
-5.14705
-5.1308
-5.10572
-5.07998
-5.06387
-5.066
-5.08138
-5.10446
-5.12516
-5.14138
-5.1491
-5.14811
-5.14046
-5.12762
-5.1157
-5.10422
-5.09532
-5.08766
-5.08148
-5.07525
-5.06806
-5.0586
-5.04666
-5.03251
-5.0179
-5.00434
-4.99259
-4.98517
-4.98458
-4.98964
-5.00219
-5.01593
-5.02835
-5.03875
-5.05012
-5.06312
-5.07814
-5.08974
-5.0971
-5.09992
-5.09857
-5.09329
-5.08634
-5.07909
-5.07488
-5.07205
-5.07374
-5.07678
-5.08151
-5.08459
-5.08381
-5.07778
-5.06659
-5.0533
-5.04476
-5.04356
-5.05357
-5.07047
-5.08937
-5.10562
-5.11907
-5.12654
-5.1283
-5.12323
-5.1087
-5.08759
-5.0629
-5.03644
-5.01245
-4.99405
-4.98245
-4.98028
-4.98576
-5.00026
-5.02065
-5.04554
-5.07085
-5.09534
-5.11783
-5.13705
-5.1517
-5.15963
-5.16158
-5.15743
-5.14824
-5.13522
-5.11893
-5.10398
-5.09057
-5.08039
-5.07418
-5.07102
-5.07054
-5.073
-5.07651
-5.08108
-5.08523
-5.09004
-5.09423
-5.09631
-5.09577
-5.09074
-5.0811
-5.0669
-5.04851
-5.02902
-5.01703
-5.01467
-5.02265
-5.03753
-5.05389
-5.06464
-5.06897
-5.06423
-5.0542
-5.04192
-5.0304
-5.01778
-5.00579
-4.99495
-4.98449
-4.97392
-4.9628
-4.95033
-4.9386
-4.93061
-4.92853
-4.93245
-4.9445
-4.96104
-4.98197
-5.00269
-5.02267
-5.03805
-5.0479
-5.04961
-5.04601
-5.03887
-5.02973
-5.02003
-5.01009
-4.99897
-4.98928
-4.98619
-4.99067
-5.00403
-5.02374
-5.04545
-5.06463
-5.08104
-5.09226
-5.09959
-5.1026
-5.10253
-5.09925
-5.09281
-5.08758
-5.0823
-5.07661
-5.07413
-5.07218
-5.07001
-5.07178
-5.07727
-5.08683
-5.09912
-5.11055
-5.12017
-5.12654
-5.13104
-5.13346
-5.13406
-5.13147
-5.12429
-5.11122
-5.09282
-5.07531
-5.06162
-5.05078
-5.04543
-5.04476
-5.04738
-5.05548
-5.06605
-5.07825
-5.09308
-5.10901
-5.12609
-5.14139
-5.15529
-5.16762
-5.1776
-5.18438
-5.18911
-5.19214
-5.19034
-5.18392
-5.17265
-5.15613
-5.13531
-5.11248
-5.09025
-5.07139
-5.05794
-5.04822
-5.0446
-5.0438
-5.04606
-5.04885
-5.05192
-5.05586
-5.05828
-5.06183
-5.06438
-5.06745
-5.07063
-5.07301
-5.07571
-5.07934
-5.08406
-5.09071
-5.09781
-5.10025
-5.10047
-5.0944
-5.08021
-5.05774
-5.02911
-4.9979
-4.9655
-4.9337
-4.908
-4.89077
-4.88875
-4.90152
-4.92912
-4.9612
-4.98999
-5.0087
-5.0157
-5.01494
-5.01296
-5.01518
-5.02552
-5.03939
-5.0536
-5.06542
-5.07276
-5.07674
-5.07906
-5.08483
-5.09317
-5.10399
-5.1129
-5.11707
-5.11381
-5.10329
-5.08397
-5.05643
-5.02359
-4.9913
-4.96716
-4.95599
-4.95907
-4.97598
-4.99861
-5.02114
-5.03834
-5.05093
-5.05663
-5.05772
-5.05535
-5.05078
-5.04576
-5.03612
